時間,施設No,ユーザー情報
2024-09-30 00:26:15,62,c81372ca9529ddeb87790ff76f6745ec6870bc09bcdd705d8da7bfde78aed086
2024-09-30 00:26:15,62,c81372ca9529ddeb87790ff76f6745ec6870bc09bcdd705d8da7bfde78aed086
2024-09-30 00:26:15,62,c81372ca9529ddeb87790ff76f6745ec6870bc09bcdd705d8da7bfde78aed086
2024-09-30 00:26:15,62,c81372ca9529ddeb87790ff76f6745ec6870bc09bcdd705d8da7bfde78aed086
2024-09-30 00:26:15,62,c81372ca9529ddeb87790ff76f6745ec6870bc09bcdd705d8da7bfde78aed086
2024-09-30 00:26:15,62,c81372ca9529ddeb87790ff76f6745ec6870bc09bcdd705d8da7bfde78aed086
2024-09-30 00:26:15,62,c81372ca9529ddeb87790ff76f6745ec6870bc09bcdd705d8da7bfde78aed086
2024-09-30 00:26:15,62,c81372ca9529ddeb87790ff76f6745ec6870bc09bcdd705d8da7bfde78aed086
2024-09-30 00:26:15,62,c81372ca9529ddeb87790ff76f6745ec6870bc09bcdd705d8da7bfde78aed086
2024-09-30 00:26:15,62,c81372ca9529ddeb87790ff76f6745ec6870bc09bcdd705d8da7bfde78aed086
2024-09-30 00:26:15,62,c81372ca9529ddeb87790ff76f6745ec6870bc09bcdd705d8da7bfde78aed086
2024-09-30 00:38:54,62,18248f005b7493422ea25abcce7179b6d01446ebce2f14824bfbdbbe7f402bb9
2024-09-30 00:38:54,62,18248f005b7493422ea25abcce7179b6d01446ebce2f14824bfbdbbe7f402bb9
2024-09-30 00:39:02,62,18248f005b7493422ea25abcce7179b6d01446ebce2f14824bfbdbbe7f402bb9
2024-09-30 00:39:20,62,18248f005b7493422ea25abcce7179b6d01446ebce2f14824bfbdbbe7f402bb9
2024-09-30 00:39:48,62,18248f005b7493422ea25abcce7179b6d01446ebce2f14824bfbdbbe7f402bb9
2024-09-30 00:39:49,62,18248f005b7493422ea25abcce7179b6d01446ebce2f14824bfbdbbe7f402bb9
2024-09-30 00:56:15,62,c81372ca9529ddeb87790ff76f6745ec6870bc09bcdd705d8da7bfde78aed086
2024-09-30 00:56:15,62,c81372ca9529ddeb87790ff76f6745ec6870bc09bcdd705d8da7bfde78aed086
2024-09-30 00:56:15,62,c81372ca9529ddeb87790ff76f6745ec6870bc09bcdd705d8da7bfde78aed086
2024-09-30 00:56:15,62,c81372ca9529ddeb87790ff76f6745ec6870bc09bcdd705d8da7bfde78aed086
2024-09-30 00:56:15,62,c81372ca9529ddeb87790ff76f6745ec6870bc09bcdd705d8da7bfde78aed086
2024-09-30 00:56:15,62,c81372ca9529ddeb87790ff76f6745ec6870bc09bcdd705d8da7bfde78aed086
2024-09-30 00:56:15,62,c81372ca9529ddeb87790ff76f6745ec6870bc09bcdd705d8da7bfde78aed086
2024-09-30 00:56:15,62,c81372ca9529ddeb87790ff76f6745ec6870bc09bcdd705d8da7bfde78aed086
2024-09-30 01:45:32,62,18248f005b7493422ea25abcce7179b6d01446ebce2f14824bfbdbbe7f402bb9
2024-09-30 01:46:44,62,18248f005b7493422ea25abcce7179b6d01446ebce2f14824bfbdbbe7f402bb9
2024-09-30 01:46:55,62,18248f005b7493422ea25abcce7179b6d01446ebce2f14824bfbdbbe7f402bb9
2024-09-30 01:46:55,62,18248f005b7493422ea25abcce7179b6d01446ebce2f14824bfbdbbe7f402bb9
2024-09-30 01:46:55,62,18248f005b7493422ea25abcce7179b6d01446ebce2f14824bfbdbbe7f402bb9
2024-09-30 02:59:46,62,c81372ca9529ddeb87790ff76f6745ec6870bc09bcdd705d8da7bfde78aed086
2024-09-30 02:59:46,62,c81372ca9529ddeb87790ff76f6745ec6870bc09bcdd705d8da7bfde78aed086
2024-09-30 02:59:46,62,c81372ca9529ddeb87790ff76f6745ec6870bc09bcdd705d8da7bfde78aed086
2024-09-30 02:59:46,62,c81372ca9529ddeb87790ff76f6745ec6870bc09bcdd705d8da7bfde78aed086
2024-09-30 02:59:46,62,c81372ca9529ddeb87790ff76f6745ec6870bc09bcdd705d8da7bfde78aed086
2024-09-30 02:59:46,62,c81372ca9529ddeb87790ff76f6745ec6870bc09bcdd705d8da7bfde78aed086
2024-09-30 02:59:46,62,c81372ca9529ddeb87790ff76f6745ec6870bc09bcdd705d8da7bfde78aed086
2024-09-30 03:59:14,62,01fbae127e8db09da74812bde292eb77d2a68a7897a5571bb7c33ad12264102a
2024-09-30 03:59:14,62,01fbae127e8db09da74812bde292eb77d2a68a7897a5571bb7c33ad12264102a
2024-09-30 03:59:19,62,18248f005b7493422ea25abcce7179b6d01446ebce2f14824bfbdbbe7f402bb9
2024-09-30 03:59:19,62,18248f005b7493422ea25abcce7179b6d01446ebce2f14824bfbdbbe7f402bb9
2024-09-30 03:59:19,62,18248f005b7493422ea25abcce7179b6d01446ebce2f14824bfbdbbe7f402bb9
2024-09-30 05:49:55,62,c81372ca9529ddeb87790ff76f6745ec6870bc09bcdd705d8da7bfde78aed086
2024-09-30 05:49:55,62,c81372ca9529ddeb87790ff76f6745ec6870bc09bcdd705d8da7bfde78aed086
2024-09-30 05:49:55,62,c81372ca9529ddeb87790ff76f6745ec6870bc09bcdd705d8da7bfde78aed086
2024-09-30 05:49:55,62,c81372ca9529ddeb87790ff76f6745ec6870bc09bcdd705d8da7bfde78aed086
2024-09-30 05:49:55,62,c81372ca9529ddeb87790ff76f6745ec6870bc09bcdd705d8da7bfde78aed086
2024-09-30 05:49:55,62,c81372ca9529ddeb87790ff76f6745ec6870bc09bcdd705d8da7bfde78aed086
2024-09-30 05:49:55,62,c81372ca9529ddeb87790ff76f6745ec6870bc09bcdd705d8da7bfde78aed086
2024-09-30 05:49:55,62,c81372ca9529ddeb87790ff76f6745ec6870bc09bcdd705d8da7bfde78aed086
2024-09-30 05:49:55,62,c81372ca9529ddeb87790ff76f6745ec6870bc09bcdd705d8da7bfde78aed086
2024-09-30 05:50:35,62,c81372ca9529ddeb87790ff76f6745ec6870bc09bcdd705d8da7bfde78aed086
2024-09-30 05:50:35,62,c81372ca9529ddeb87790ff76f6745ec6870bc09bcdd705d8da7bfde78aed086
2024-09-30 05:50:35,62,c81372ca9529ddeb87790ff76f6745ec6870bc09bcdd705d8da7bfde78aed086
2024-09-30 05:50:35,62,c81372ca9529ddeb87790ff76f6745ec6870bc09bcdd705d8da7bfde78aed086
2024-09-30 05:50:35,62,c81372ca9529ddeb87790ff76f6745ec6870bc09bcdd705d8da7bfde78aed086
2024-09-30 05:50:35,62,c81372ca9529ddeb87790ff76f6745ec6870bc09bcdd705d8da7bfde78aed086
2024-09-30 05:53:50,62,c81372ca9529ddeb87790ff76f6745ec6870bc09bcdd705d8da7bfde78aed086
2024-09-30 05:53:50,62,c81372ca9529ddeb87790ff76f6745ec6870bc09bcdd705d8da7bfde78aed086
2024-09-30 05:53:50,62,c81372ca9529ddeb87790ff76f6745ec6870bc09bcdd705d8da7bfde78aed086
2024-09-30 05:53:50,62,c81372ca9529ddeb87790ff76f6745ec6870bc09bcdd705d8da7bfde78aed086
2024-09-30 05:53:50,62,c81372ca9529ddeb87790ff76f6745ec6870bc09bcdd705d8da7bfde78aed086
2024-09-30 05:53:50,62,c81372ca9529ddeb87790ff76f6745ec6870bc09bcdd705d8da7bfde78aed086
2024-09-30 05:53:50,62,c81372ca9529ddeb87790ff76f6745ec6870bc09bcdd705d8da7bfde78aed086
2024-09-30 05:53:50,62,c81372ca9529ddeb87790ff76f6745ec6870bc09bcdd705d8da7bfde78aed086
2024-09-30 05:53:50,62,c81372ca9529ddeb87790ff76f6745ec6870bc09bcdd705d8da7bfde78aed086
2024-09-30 05:53:50,62,c81372ca9529ddeb87790ff76f6745ec6870bc09bcdd705d8da7bfde78aed086
2024-09-30 05:55:50,62,c81372ca9529ddeb87790ff76f6745ec6870bc09bcdd705d8da7bfde78aed086
2024-09-30 05:55:50,62,c81372ca9529ddeb87790ff76f6745ec6870bc09bcdd705d8da7bfde78aed086
2024-09-30 05:55:50,62,c81372ca9529ddeb87790ff76f6745ec6870bc09bcdd705d8da7bfde78aed086
2024-09-30 05:55:50,62,c81372ca9529ddeb87790ff76f6745ec6870bc09bcdd705d8da7bfde78aed086
2024-09-30 05:55:50,62,c81372ca9529ddeb87790ff76f6745ec6870bc09bcdd705d8da7bfde78aed086
2024-09-30 05:55:50,62,c81372ca9529ddeb87790ff76f6745ec6870bc09bcdd705d8da7bfde78aed086
2024-09-30 05:55:50,62,c81372ca9529ddeb87790ff76f6745ec6870bc09bcdd705d8da7bfde78aed086
2024-09-30 05:55:50,62,c81372ca9529ddeb87790ff76f6745ec6870bc09bcdd705d8da7bfde78aed086
2024-09-30 05:55:50,62,c81372ca9529ddeb87790ff76f6745ec6870bc09bcdd705d8da7bfde78aed086
2024-09-30 06:09:10,62,c81372ca9529ddeb87790ff76f6745ec6870bc09bcdd705d8da7bfde78aed086
2024-09-30 06:09:10,62,c81372ca9529ddeb87790ff76f6745ec6870bc09bcdd705d8da7bfde78aed086
2024-09-30 06:09:10,62,c81372ca9529ddeb87790ff76f6745ec6870bc09bcdd705d8da7bfde78aed086
2024-09-30 06:09:10,62,c81372ca9529ddeb87790ff76f6745ec6870bc09bcdd705d8da7bfde78aed086
2024-09-30 06:09:10,62,c81372ca9529ddeb87790ff76f6745ec6870bc09bcdd705d8da7bfde78aed086
2024-09-30 06:09:10,62,c81372ca9529ddeb87790ff76f6745ec6870bc09bcdd705d8da7bfde78aed086
2024-09-30 06:09:10,62,c81372ca9529ddeb87790ff76f6745ec6870bc09bcdd705d8da7bfde78aed086
2024-09-30 06:09:10,62,c81372ca9529ddeb87790ff76f6745ec6870bc09bcdd705d8da7bfde78aed086
2024-09-30 06:09:10,62,c81372ca9529ddeb87790ff76f6745ec6870bc09bcdd705d8da7bfde78aed086
2024-09-30 06:13:22,62,c81372ca9529ddeb87790ff76f6745ec6870bc09bcdd705d8da7bfde78aed086
2024-09-30 06:13:23,62,c81372ca9529ddeb87790ff76f6745ec6870bc09bcdd705d8da7bfde78aed086
2024-09-30 06:13:23,62,c81372ca9529ddeb87790ff76f6745ec6870bc09bcdd705d8da7bfde78aed086
2024-09-30 06:14:44,62,c81372ca9529ddeb87790ff76f6745ec6870bc09bcdd705d8da7bfde78aed086
2024-09-30 06:14:44,62,c81372ca9529ddeb87790ff76f6745ec6870bc09bcdd705d8da7bfde78aed086
2024-09-30 06:14:44,62,c81372ca9529ddeb87790ff76f6745ec6870bc09bcdd705d8da7bfde78aed086
2024-09-30 06:14:44,62,c81372ca9529ddeb87790ff76f6745ec6870bc09bcdd705d8da7bfde78aed086
2024-09-30 06:14:44,62,c81372ca9529ddeb87790ff76f6745ec6870bc09bcdd705d8da7bfde78aed086
2024-09-30 06:14:44,62,c81372ca9529ddeb87790ff76f6745ec6870bc09bcdd705d8da7bfde78aed086
2024-09-30 06:14:44,62,c81372ca9529ddeb87790ff76f6745ec6870bc09bcdd705d8da7bfde78aed086
2024-09-30 06:14:44,62,c81372ca9529ddeb87790ff76f6745ec6870bc09bcdd705d8da7bfde78aed086
2024-09-30 06:15:00,62,c81372ca9529ddeb87790ff76f6745ec6870bc09bcdd705d8da7bfde78aed086
2024-09-30 06:15:00,62,c81372ca9529ddeb87790ff76f6745ec6870bc09bcdd705d8da7bfde78aed086
2024-09-30 06:15:00,62,c81372ca9529ddeb87790ff76f6745ec6870bc09bcdd705d8da7bfde78aed086
2024-09-30 06:15:00,62,c81372ca9529ddeb87790ff76f6745ec6870bc09bcdd705d8da7bfde78aed086
2024-09-30 06:15:00,62,c81372ca9529ddeb87790ff76f6745ec6870bc09bcdd705d8da7bfde78aed086
2024-09-30 06:15:00,62,c81372ca9529ddeb87790ff76f6745ec6870bc09bcdd705d8da7bfde78aed086
2024-09-30 06:15:00,62,c81372ca9529ddeb87790ff76f6745ec6870bc09bcdd705d8da7bfde78aed086
2024-09-30 06:15:00,62,c81372ca9529ddeb87790ff76f6745ec6870bc09bcdd705d8da7bfde78aed086
2024-09-30 06:15:00,62,c81372ca9529ddeb87790ff76f6745ec6870bc09bcdd705d8da7bfde78aed086
2024-09-30 06:15:35,62,c81372ca9529ddeb87790ff76f6745ec6870bc09bcdd705d8da7bfde78aed086
2024-09-30 06:15:35,62,c81372ca9529ddeb87790ff76f6745ec6870bc09bcdd705d8da7bfde78aed086
2024-09-30 06:15:35,62,c81372ca9529ddeb87790ff76f6745ec6870bc09bcdd705d8da7bfde78aed086
2024-09-30 06:15:35,62,c81372ca9529ddeb87790ff76f6745ec6870bc09bcdd705d8da7bfde78aed086
2024-09-30 06:15:35,62,c81372ca9529ddeb87790ff76f6745ec6870bc09bcdd705d8da7bfde78aed086
2024-09-30 06:15:35,62,c81372ca9529ddeb87790ff76f6745ec6870bc09bcdd705d8da7bfde78aed086
2024-09-30 06:15:35,62,c81372ca9529ddeb87790ff76f6745ec6870bc09bcdd705d8da7bfde78aed086
2024-09-30 06:15:35,62,c81372ca9529ddeb87790ff76f6745ec6870bc09bcdd705d8da7bfde78aed086
2024-09-30 06:15:41,62,c81372ca9529ddeb87790ff76f6745ec6870bc09bcdd705d8da7bfde78aed086
2024-09-30 06:15:42,62,c81372ca9529ddeb87790ff76f6745ec6870bc09bcdd705d8da7bfde78aed086
2024-09-30 06:15:42,62,c81372ca9529ddeb87790ff76f6745ec6870bc09bcdd705d8da7bfde78aed086
2024-09-30 06:15:42,62,c81372ca9529ddeb87790ff76f6745ec6870bc09bcdd705d8da7bfde78aed086
2024-09-30 06:15:42,62,c81372ca9529ddeb87790ff76f6745ec6870bc09bcdd705d8da7bfde78aed086
2024-09-30 06:15:42,62,c81372ca9529ddeb87790ff76f6745ec6870bc09bcdd705d8da7bfde78aed086
2024-09-30 06:15:42,62,c81372ca9529ddeb87790ff76f6745ec6870bc09bcdd705d8da7bfde78aed086
2024-09-30 06:15:42,62,c81372ca9529ddeb87790ff76f6745ec6870bc09bcdd705d8da7bfde78aed086
2024-09-30 06:15:42,62,c81372ca9529ddeb87790ff76f6745ec6870bc09bcdd705d8da7bfde78aed086
2024-09-30 06:15:42,62,c81372ca9529ddeb87790ff76f6745ec6870bc09bcdd705d8da7bfde78aed086
2024-09-30 06:16:02,62,c81372ca9529ddeb87790ff76f6745ec6870bc09bcdd705d8da7bfde78aed086
2024-09-30 06:16:02,62,c81372ca9529ddeb87790ff76f6745ec6870bc09bcdd705d8da7bfde78aed086
2024-09-30 06:16:02,62,c81372ca9529ddeb87790ff76f6745ec6870bc09bcdd705d8da7bfde78aed086
2024-09-30 06:16:02,62,c81372ca9529ddeb87790ff76f6745ec6870bc09bcdd705d8da7bfde78aed086
2024-09-30 06:16:02,62,c81372ca9529ddeb87790ff76f6745ec6870bc09bcdd705d8da7bfde78aed086
2024-09-30 06:16:02,62,c81372ca9529ddeb87790ff76f6745ec6870bc09bcdd705d8da7bfde78aed086
2024-09-30 06:16:02,62,c81372ca9529ddeb87790ff76f6745ec6870bc09bcdd705d8da7bfde78aed086
2024-09-30 06:16:02,62,c81372ca9529ddeb87790ff76f6745ec6870bc09bcdd705d8da7bfde78aed086
2024-09-30 06:16:21,62,c81372ca9529ddeb87790ff76f6745ec6870bc09bcdd705d8da7bfde78aed086
2024-09-30 06:16:21,62,c81372ca9529ddeb87790ff76f6745ec6870bc09bcdd705d8da7bfde78aed086
2024-09-30 06:16:21,62,c81372ca9529ddeb87790ff76f6745ec6870bc09bcdd705d8da7bfde78aed086
2024-09-30 06:16:21,62,c81372ca9529ddeb87790ff76f6745ec6870bc09bcdd705d8da7bfde78aed086
2024-09-30 06:16:21,62,c81372ca9529ddeb87790ff76f6745ec6870bc09bcdd705d8da7bfde78aed086
2024-09-30 06:16:21,62,c81372ca9529ddeb87790ff76f6745ec6870bc09bcdd705d8da7bfde78aed086
2024-09-30 06:16:21,62,c81372ca9529ddeb87790ff76f6745ec6870bc09bcdd705d8da7bfde78aed086
2024-09-30 06:16:22,62,c81372ca9529ddeb87790ff76f6745ec6870bc09bcdd705d8da7bfde78aed086
2024-09-30 06:17:22,62,c81372ca9529ddeb87790ff76f6745ec6870bc09bcdd705d8da7bfde78aed086
2024-09-30 06:17:22,62,c81372ca9529ddeb87790ff76f6745ec6870bc09bcdd705d8da7bfde78aed086
2024-09-30 06:17:22,62,c81372ca9529ddeb87790ff76f6745ec6870bc09bcdd705d8da7bfde78aed086
2024-09-30 06:17:22,62,c81372ca9529ddeb87790ff76f6745ec6870bc09bcdd705d8da7bfde78aed086
2024-09-30 06:17:22,62,c81372ca9529ddeb87790ff76f6745ec6870bc09bcdd705d8da7bfde78aed086
2024-09-30 06:17:22,62,c81372ca9529ddeb87790ff76f6745ec6870bc09bcdd705d8da7bfde78aed086
2024-09-30 06:17:22,62,c81372ca9529ddeb87790ff76f6745ec6870bc09bcdd705d8da7bfde78aed086
2024-09-30 06:17:22,62,c81372ca9529ddeb87790ff76f6745ec6870bc09bcdd705d8da7bfde78aed086
2024-09-30 06:17:22,62,c81372ca9529ddeb87790ff76f6745ec6870bc09bcdd705d8da7bfde78aed086
2024-09-30 06:18:09,62,c81372ca9529ddeb87790ff76f6745ec6870bc09bcdd705d8da7bfde78aed086
2024-09-30 06:18:09,62,c81372ca9529ddeb87790ff76f6745ec6870bc09bcdd705d8da7bfde78aed086
2024-09-30 06:18:09,62,c81372ca9529ddeb87790ff76f6745ec6870bc09bcdd705d8da7bfde78aed086
2024-09-30 06:18:09,62,c81372ca9529ddeb87790ff76f6745ec6870bc09bcdd705d8da7bfde78aed086
2024-09-30 06:18:09,62,c81372ca9529ddeb87790ff76f6745ec6870bc09bcdd705d8da7bfde78aed086
2024-09-30 06:18:09,62,c81372ca9529ddeb87790ff76f6745ec6870bc09bcdd705d8da7bfde78aed086
2024-09-30 06:18:09,62,c81372ca9529ddeb87790ff76f6745ec6870bc09bcdd705d8da7bfde78aed086
2024-09-30 06:18:09,62,c81372ca9529ddeb87790ff76f6745ec6870bc09bcdd705d8da7bfde78aed086
2024-09-30 06:18:09,62,c81372ca9529ddeb87790ff76f6745ec6870bc09bcdd705d8da7bfde78aed086
2024-09-30 06:18:42,62,c81372ca9529ddeb87790ff76f6745ec6870bc09bcdd705d8da7bfde78aed086
2024-09-30 06:18:42,62,c81372ca9529ddeb87790ff76f6745ec6870bc09bcdd705d8da7bfde78aed086
2024-09-30 06:18:42,62,c81372ca9529ddeb87790ff76f6745ec6870bc09bcdd705d8da7bfde78aed086
2024-09-30 06:18:42,62,c81372ca9529ddeb87790ff76f6745ec6870bc09bcdd705d8da7bfde78aed086
2024-09-30 06:18:42,62,c81372ca9529ddeb87790ff76f6745ec6870bc09bcdd705d8da7bfde78aed086
2024-09-30 06:18:42,62,c81372ca9529ddeb87790ff76f6745ec6870bc09bcdd705d8da7bfde78aed086
2024-09-30 06:18:42,62,c81372ca9529ddeb87790ff76f6745ec6870bc09bcdd705d8da7bfde78aed086
2024-09-30 06:18:42,62,c81372ca9529ddeb87790ff76f6745ec6870bc09bcdd705d8da7bfde78aed086
2024-09-30 06:18:49,62,c81372ca9529ddeb87790ff76f6745ec6870bc09bcdd705d8da7bfde78aed086
2024-09-30 06:18:49,62,c81372ca9529ddeb87790ff76f6745ec6870bc09bcdd705d8da7bfde78aed086
2024-09-30 06:18:49,62,c81372ca9529ddeb87790ff76f6745ec6870bc09bcdd705d8da7bfde78aed086
2024-09-30 06:18:49,62,c81372ca9529ddeb87790ff76f6745ec6870bc09bcdd705d8da7bfde78aed086
2024-09-30 06:18:49,62,c81372ca9529ddeb87790ff76f6745ec6870bc09bcdd705d8da7bfde78aed086
2024-09-30 06:18:49,62,c81372ca9529ddeb87790ff76f6745ec6870bc09bcdd705d8da7bfde78aed086
2024-09-30 06:18:49,62,c81372ca9529ddeb87790ff76f6745ec6870bc09bcdd705d8da7bfde78aed086
2024-09-30 06:18:49,62,c81372ca9529ddeb87790ff76f6745ec6870bc09bcdd705d8da7bfde78aed086
2024-09-30 06:36:08,62,18248f005b7493422ea25abcce7179b6d01446ebce2f14824bfbdbbe7f402bb9
2024-09-30 06:36:08,62,18248f005b7493422ea25abcce7179b6d01446ebce2f14824bfbdbbe7f402bb9
2024-09-30 06:38:18,62,18248f005b7493422ea25abcce7179b6d01446ebce2f14824bfbdbbe7f402bb9
2024-09-30 06:38:18,62,18248f005b7493422ea25abcce7179b6d01446ebce2f14824bfbdbbe7f402bb9
2024-09-30 06:38:18,62,18248f005b7493422ea25abcce7179b6d01446ebce2f14824bfbdbbe7f402bb9
2024-09-30 06:38:19,62,18248f005b7493422ea25abcce7179b6d01446ebce2f14824bfbdbbe7f402bb9
2024-09-30 06:38:19,62,18248f005b7493422ea25abcce7179b6d01446ebce2f14824bfbdbbe7f402bb9
2024-09-30 06:53:22,62,c81372ca9529ddeb87790ff76f6745ec6870bc09bcdd705d8da7bfde78aed086
2024-09-30 06:53:22,62,c81372ca9529ddeb87790ff76f6745ec6870bc09bcdd705d8da7bfde78aed086
2024-09-30 06:53:22,62,c81372ca9529ddeb87790ff76f6745ec6870bc09bcdd705d8da7bfde78aed086
2024-09-30 06:53:22,62,c81372ca9529ddeb87790ff76f6745ec6870bc09bcdd705d8da7bfde78aed086
2024-09-30 06:53:22,62,c81372ca9529ddeb87790ff76f6745ec6870bc09bcdd705d8da7bfde78aed086
2024-09-30 06:53:22,62,c81372ca9529ddeb87790ff76f6745ec6870bc09bcdd705d8da7bfde78aed086
2024-09-30 06:53:22,62,c81372ca9529ddeb87790ff76f6745ec6870bc09bcdd705d8da7bfde78aed086
2024-09-30 06:53:22,62,c81372ca9529ddeb87790ff76f6745ec6870bc09bcdd705d8da7bfde78aed086
2024-09-30 07:36:35,62,c81372ca9529ddeb87790ff76f6745ec6870bc09bcdd705d8da7bfde78aed086
2024-09-30 07:36:35,62,c81372ca9529ddeb87790ff76f6745ec6870bc09bcdd705d8da7bfde78aed086
2024-09-30 07:36:35,62,c81372ca9529ddeb87790ff76f6745ec6870bc09bcdd705d8da7bfde78aed086
2024-09-30 07:36:35,62,c81372ca9529ddeb87790ff76f6745ec6870bc09bcdd705d8da7bfde78aed086
2024-09-30 07:36:35,62,c81372ca9529ddeb87790ff76f6745ec6870bc09bcdd705d8da7bfde78aed086
2024-09-30 07:36:35,62,c81372ca9529ddeb87790ff76f6745ec6870bc09bcdd705d8da7bfde78aed086
2024-09-30 07:36:35,62,c81372ca9529ddeb87790ff76f6745ec6870bc09bcdd705d8da7bfde78aed086
2024-09-30 07:36:35,62,c81372ca9529ddeb87790ff76f6745ec6870bc09bcdd705d8da7bfde78aed086
2024-09-30 07:36:35,62,c81372ca9529ddeb87790ff76f6745ec6870bc09bcdd705d8da7bfde78aed086
2024-09-30 07:36:35,62,c81372ca9529ddeb87790ff76f6745ec6870bc09bcdd705d8da7bfde78aed086
2024-09-30 07:36:35,62,c81372ca9529ddeb87790ff76f6745ec6870bc09bcdd705d8da7bfde78aed086
2024-09-30 07:36:35,62,c81372ca9529ddeb87790ff76f6745ec6870bc09bcdd705d8da7bfde78aed086
2024-09-30 07:36:35,62,c81372ca9529ddeb87790ff76f6745ec6870bc09bcdd705d8da7bfde78aed086
2024-09-30 07:36:35,62,c81372ca9529ddeb87790ff76f6745ec6870bc09bcdd705d8da7bfde78aed086
2024-09-30 07:36:50,62,c81372ca9529ddeb87790ff76f6745ec6870bc09bcdd705d8da7bfde78aed086
2024-09-30 07:36:50,62,c81372ca9529ddeb87790ff76f6745ec6870bc09bcdd705d8da7bfde78aed086
2024-09-30 07:36:50,62,c81372ca9529ddeb87790ff76f6745ec6870bc09bcdd705d8da7bfde78aed086
2024-09-30 07:36:50,62,c81372ca9529ddeb87790ff76f6745ec6870bc09bcdd705d8da7bfde78aed086
2024-09-30 07:36:50,62,c81372ca9529ddeb87790ff76f6745ec6870bc09bcdd705d8da7bfde78aed086
2024-09-30 07:36:50,62,c81372ca9529ddeb87790ff76f6745ec6870bc09bcdd705d8da7bfde78aed086
2024-09-30 07:36:50,62,c81372ca9529ddeb87790ff76f6745ec6870bc09bcdd705d8da7bfde78aed086
2024-09-30 07:36:50,62,c81372ca9529ddeb87790ff76f6745ec6870bc09bcdd705d8da7bfde78aed086
2024-09-30 07:36:50,62,c81372ca9529ddeb87790ff76f6745ec6870bc09bcdd705d8da7bfde78aed086
2024-09-30 07:36:50,62,c81372ca9529ddeb87790ff76f6745ec6870bc09bcdd705d8da7bfde78aed086
2024-09-30 08:00:04,62,b259ad7b374273c26bec3567023bb3cef7a54a76409fb3688a4ef5ae3e07d4ba
2024-09-30 08:00:16,62,b259ad7b374273c26bec3567023bb3cef7a54a76409fb3688a4ef5ae3e07d4ba
2024-09-30 08:00:16,62,b259ad7b374273c26bec3567023bb3cef7a54a76409fb3688a4ef5ae3e07d4ba
2024-09-30 08:00:16,62,b259ad7b374273c26bec3567023bb3cef7a54a76409fb3688a4ef5ae3e07d4ba
2024-09-30 08:00:41,62,b259ad7b374273c26bec3567023bb3cef7a54a76409fb3688a4ef5ae3e07d4ba
2024-09-30 08:00:41,62,b259ad7b374273c26bec3567023bb3cef7a54a76409fb3688a4ef5ae3e07d4ba
2024-09-30 08:01:21,62,b259ad7b374273c26bec3567023bb3cef7a54a76409fb3688a4ef5ae3e07d4ba
2024-09-30 08:01:21,62,b259ad7b374273c26bec3567023bb3cef7a54a76409fb3688a4ef5ae3e07d4ba
2024-09-30 08:03:06,62,18248f005b7493422ea25abcce7179b6d01446ebce2f14824bfbdbbe7f402bb9
2024-09-30 08:03:06,62,18248f005b7493422ea25abcce7179b6d01446ebce2f14824bfbdbbe7f402bb9
2024-09-30 08:03:10,62,01fbae127e8db09da74812bde292eb77d2a68a7897a5571bb7c33ad12264102a
2024-09-30 08:03:10,62,01fbae127e8db09da74812bde292eb77d2a68a7897a5571bb7c33ad12264102a
2024-09-30 08:03:11,62,01fbae127e8db09da74812bde292eb77d2a68a7897a5571bb7c33ad12264102a
2024-09-30 08:03:11,62,01fbae127e8db09da74812bde292eb77d2a68a7897a5571bb7c33ad12264102a
2024-09-30 08:03:27,62,01fbae127e8db09da74812bde292eb77d2a68a7897a5571bb7c33ad12264102a
2024-09-30 08:03:27,62,01fbae127e8db09da74812bde292eb77d2a68a7897a5571bb7c33ad12264102a
2024-09-30 08:03:28,62,01fbae127e8db09da74812bde292eb77d2a68a7897a5571bb7c33ad12264102a
2024-09-30 08:03:28,62,01fbae127e8db09da74812bde292eb77d2a68a7897a5571bb7c33ad12264102a
2024-09-30 08:03:28,62,01fbae127e8db09da74812bde292eb77d2a68a7897a5571bb7c33ad12264102a
2024-09-30 08:03:28,62,01fbae127e8db09da74812bde292eb77d2a68a7897a5571bb7c33ad12264102a
2024-09-30 08:03:28,62,01fbae127e8db09da74812bde292eb77d2a68a7897a5571bb7c33ad12264102a
2024-09-30 08:03:44,62,d787358040843e660eb94b464371ac26c3ccc54906bd94fcbf398471ccb0e763
2024-09-30 08:03:59,62,01fbae127e8db09da74812bde292eb77d2a68a7897a5571bb7c33ad12264102a
2024-09-30 08:03:59,62,01fbae127e8db09da74812bde292eb77d2a68a7897a5571bb7c33ad12264102a
2024-09-30 08:03:59,62,01fbae127e8db09da74812bde292eb77d2a68a7897a5571bb7c33ad12264102a
2024-09-30 08:04:00,62,01fbae127e8db09da74812bde292eb77d2a68a7897a5571bb7c33ad12264102a
2024-09-30 08:04:26,62,01fbae127e8db09da74812bde292eb77d2a68a7897a5571bb7c33ad12264102a
2024-09-30 08:04:36,62,01fbae127e8db09da74812bde292eb77d2a68a7897a5571bb7c33ad12264102a
2024-09-30 08:04:36,62,01fbae127e8db09da74812bde292eb77d2a68a7897a5571bb7c33ad12264102a
2024-09-30 08:04:36,62,01fbae127e8db09da74812bde292eb77d2a68a7897a5571bb7c33ad12264102a
2024-09-30 08:04:36,62,01fbae127e8db09da74812bde292eb77d2a68a7897a5571bb7c33ad12264102a
2024-09-30 08:04:53,62,18248f005b7493422ea25abcce7179b6d01446ebce2f14824bfbdbbe7f402bb9
2024-09-30 08:04:53,62,18248f005b7493422ea25abcce7179b6d01446ebce2f14824bfbdbbe7f402bb9
2024-09-30 08:05:01,62,b259ad7b374273c26bec3567023bb3cef7a54a76409fb3688a4ef5ae3e07d4ba
2024-09-30 08:05:02,62,01fbae127e8db09da74812bde292eb77d2a68a7897a5571bb7c33ad12264102a
2024-09-30 08:05:02,62,01fbae127e8db09da74812bde292eb77d2a68a7897a5571bb7c33ad12264102a
2024-09-30 08:05:03,62,01fbae127e8db09da74812bde292eb77d2a68a7897a5571bb7c33ad12264102a
2024-09-30 08:05:22,62,18248f005b7493422ea25abcce7179b6d01446ebce2f14824bfbdbbe7f402bb9
2024-09-30 08:05:22,62,18248f005b7493422ea25abcce7179b6d01446ebce2f14824bfbdbbe7f402bb9
2024-09-30 08:05:34,62,18248f005b7493422ea25abcce7179b6d01446ebce2f14824bfbdbbe7f402bb9
2024-09-30 08:06:12,62,18248f005b7493422ea25abcce7179b6d01446ebce2f14824bfbdbbe7f402bb9
2024-09-30 08:06:12,62,18248f005b7493422ea25abcce7179b6d01446ebce2f14824bfbdbbe7f402bb9
2024-09-30 08:06:23,62,01fbae127e8db09da74812bde292eb77d2a68a7897a5571bb7c33ad12264102a
2024-09-30 08:06:23,62,01fbae127e8db09da74812bde292eb77d2a68a7897a5571bb7c33ad12264102a
2024-09-30 08:06:23,62,01fbae127e8db09da74812bde292eb77d2a68a7897a5571bb7c33ad12264102a
2024-09-30 08:06:23,62,01fbae127e8db09da74812bde292eb77d2a68a7897a5571bb7c33ad12264102a
2024-09-30 08:07:03,62,b259ad7b374273c26bec3567023bb3cef7a54a76409fb3688a4ef5ae3e07d4ba
2024-09-30 08:07:03,62,b259ad7b374273c26bec3567023bb3cef7a54a76409fb3688a4ef5ae3e07d4ba
2024-09-30 08:08:42,62,01fbae127e8db09da74812bde292eb77d2a68a7897a5571bb7c33ad12264102a
2024-09-30 08:08:42,62,01fbae127e8db09da74812bde292eb77d2a68a7897a5571bb7c33ad12264102a
2024-09-30 08:08:43,62,01fbae127e8db09da74812bde292eb77d2a68a7897a5571bb7c33ad12264102a
2024-09-30 08:08:43,62,01fbae127e8db09da74812bde292eb77d2a68a7897a5571bb7c33ad12264102a
2024-09-30 08:08:43,62,01fbae127e8db09da74812bde292eb77d2a68a7897a5571bb7c33ad12264102a
2024-09-30 08:08:55,62,18248f005b7493422ea25abcce7179b6d01446ebce2f14824bfbdbbe7f402bb9
2024-09-30 08:08:55,62,18248f005b7493422ea25abcce7179b6d01446ebce2f14824bfbdbbe7f402bb9
2024-09-30 08:09:35,62,f5332f306ce88c7c35ea76a3726d0e453733e1841f94896c7043e744314cccaf
2024-09-30 08:09:35,62,f5332f306ce88c7c35ea76a3726d0e453733e1841f94896c7043e744314cccaf
2024-09-30 08:10:12,62,01fbae127e8db09da74812bde292eb77d2a68a7897a5571bb7c33ad12264102a
2024-09-30 08:10:12,62,01fbae127e8db09da74812bde292eb77d2a68a7897a5571bb7c33ad12264102a
2024-09-30 08:10:12,62,01fbae127e8db09da74812bde292eb77d2a68a7897a5571bb7c33ad12264102a
2024-09-30 08:10:12,62,01fbae127e8db09da74812bde292eb77d2a68a7897a5571bb7c33ad12264102a
2024-09-30 08:10:12,62,01fbae127e8db09da74812bde292eb77d2a68a7897a5571bb7c33ad12264102a
2024-09-30 08:10:19,62,18248f005b7493422ea25abcce7179b6d01446ebce2f14824bfbdbbe7f402bb9
2024-09-30 08:10:19,62,18248f005b7493422ea25abcce7179b6d01446ebce2f14824bfbdbbe7f402bb9
2024-09-30 08:10:26,62,01fbae127e8db09da74812bde292eb77d2a68a7897a5571bb7c33ad12264102a
2024-09-30 08:10:26,62,01fbae127e8db09da74812bde292eb77d2a68a7897a5571bb7c33ad12264102a
2024-09-30 08:10:26,62,01fbae127e8db09da74812bde292eb77d2a68a7897a5571bb7c33ad12264102a
2024-09-30 08:10:29,62,18248f005b7493422ea25abcce7179b6d01446ebce2f14824bfbdbbe7f402bb9
2024-09-30 08:10:29,62,18248f005b7493422ea25abcce7179b6d01446ebce2f14824bfbdbbe7f402bb9
2024-09-30 08:10:33,62,01fbae127e8db09da74812bde292eb77d2a68a7897a5571bb7c33ad12264102a
2024-09-30 08:10:33,62,01fbae127e8db09da74812bde292eb77d2a68a7897a5571bb7c33ad12264102a
2024-09-30 08:10:33,62,01fbae127e8db09da74812bde292eb77d2a68a7897a5571bb7c33ad12264102a
2024-09-30 08:10:33,62,01fbae127e8db09da74812bde292eb77d2a68a7897a5571bb7c33ad12264102a
2024-09-30 08:10:33,62,01fbae127e8db09da74812bde292eb77d2a68a7897a5571bb7c33ad12264102a
2024-09-30 08:10:36,62,01fbae127e8db09da74812bde292eb77d2a68a7897a5571bb7c33ad12264102a
2024-09-30 08:10:36,62,01fbae127e8db09da74812bde292eb77d2a68a7897a5571bb7c33ad12264102a
2024-09-30 08:10:37,62,01fbae127e8db09da74812bde292eb77d2a68a7897a5571bb7c33ad12264102a
2024-09-30 08:10:37,62,01fbae127e8db09da74812bde292eb77d2a68a7897a5571bb7c33ad12264102a
2024-09-30 08:10:59,62,01fbae127e8db09da74812bde292eb77d2a68a7897a5571bb7c33ad12264102a
2024-09-30 08:12:00,62,01fbae127e8db09da74812bde292eb77d2a68a7897a5571bb7c33ad12264102a
2024-09-30 08:12:00,62,01fbae127e8db09da74812bde292eb77d2a68a7897a5571bb7c33ad12264102a
2024-09-30 08:12:21,62,f214df8686dde5873f6737cdf93909d29f9b61e55a05fd900714072e85e7e2d9
2024-09-30 08:12:21,62,f214df8686dde5873f6737cdf93909d29f9b61e55a05fd900714072e85e7e2d9
2024-09-30 08:12:21,62,f214df8686dde5873f6737cdf93909d29f9b61e55a05fd900714072e85e7e2d9
2024-09-30 08:12:47,62,01fbae127e8db09da74812bde292eb77d2a68a7897a5571bb7c33ad12264102a
2024-09-30 08:12:47,62,01fbae127e8db09da74812bde292eb77d2a68a7897a5571bb7c33ad12264102a
2024-09-30 08:12:47,62,01fbae127e8db09da74812bde292eb77d2a68a7897a5571bb7c33ad12264102a
2024-09-30 08:12:47,62,01fbae127e8db09da74812bde292eb77d2a68a7897a5571bb7c33ad12264102a
2024-09-30 08:12:47,62,01fbae127e8db09da74812bde292eb77d2a68a7897a5571bb7c33ad12264102a
2024-09-30 08:12:54,62,01fbae127e8db09da74812bde292eb77d2a68a7897a5571bb7c33ad12264102a
2024-09-30 08:12:54,62,01fbae127e8db09da74812bde292eb77d2a68a7897a5571bb7c33ad12264102a
2024-09-30 08:12:54,62,01fbae127e8db09da74812bde292eb77d2a68a7897a5571bb7c33ad12264102a
2024-09-30 08:12:54,62,01fbae127e8db09da74812bde292eb77d2a68a7897a5571bb7c33ad12264102a
2024-09-30 08:12:54,62,01fbae127e8db09da74812bde292eb77d2a68a7897a5571bb7c33ad12264102a
2024-09-30 08:12:55,62,01fbae127e8db09da74812bde292eb77d2a68a7897a5571bb7c33ad12264102a
2024-09-30 08:12:55,62,01fbae127e8db09da74812bde292eb77d2a68a7897a5571bb7c33ad12264102a
2024-09-30 08:12:59,62,01fbae127e8db09da74812bde292eb77d2a68a7897a5571bb7c33ad12264102a
2024-09-30 08:13:07,62,18248f005b7493422ea25abcce7179b6d01446ebce2f14824bfbdbbe7f402bb9
2024-09-30 08:13:07,62,18248f005b7493422ea25abcce7179b6d01446ebce2f14824bfbdbbe7f402bb9
2024-09-30 08:13:18,62,01fbae127e8db09da74812bde292eb77d2a68a7897a5571bb7c33ad12264102a
2024-09-30 08:13:18,62,01fbae127e8db09da74812bde292eb77d2a68a7897a5571bb7c33ad12264102a
2024-09-30 08:13:24,62,01fbae127e8db09da74812bde292eb77d2a68a7897a5571bb7c33ad12264102a
2024-09-30 08:13:24,62,01fbae127e8db09da74812bde292eb77d2a68a7897a5571bb7c33ad12264102a
2024-09-30 08:13:24,62,01fbae127e8db09da74812bde292eb77d2a68a7897a5571bb7c33ad12264102a
2024-09-30 08:13:24,62,01fbae127e8db09da74812bde292eb77d2a68a7897a5571bb7c33ad12264102a
2024-09-30 08:14:40,62,01fbae127e8db09da74812bde292eb77d2a68a7897a5571bb7c33ad12264102a
2024-09-30 08:14:40,62,01fbae127e8db09da74812bde292eb77d2a68a7897a5571bb7c33ad12264102a
2024-09-30 08:14:40,62,01fbae127e8db09da74812bde292eb77d2a68a7897a5571bb7c33ad12264102a
2024-09-30 08:14:40,62,01fbae127e8db09da74812bde292eb77d2a68a7897a5571bb7c33ad12264102a
2024-09-30 08:14:57,62,01fbae127e8db09da74812bde292eb77d2a68a7897a5571bb7c33ad12264102a
2024-09-30 08:15:01,62,f214df8686dde5873f6737cdf93909d29f9b61e55a05fd900714072e85e7e2d9
2024-09-30 08:15:06,62,01fbae127e8db09da74812bde292eb77d2a68a7897a5571bb7c33ad12264102a
2024-09-30 08:15:06,62,01fbae127e8db09da74812bde292eb77d2a68a7897a5571bb7c33ad12264102a
2024-09-30 08:15:06,62,01fbae127e8db09da74812bde292eb77d2a68a7897a5571bb7c33ad12264102a
2024-09-30 08:15:21,62,01fbae127e8db09da74812bde292eb77d2a68a7897a5571bb7c33ad12264102a
2024-09-30 08:15:21,62,01fbae127e8db09da74812bde292eb77d2a68a7897a5571bb7c33ad12264102a
2024-09-30 08:15:22,62,01fbae127e8db09da74812bde292eb77d2a68a7897a5571bb7c33ad12264102a
2024-09-30 08:15:22,62,01fbae127e8db09da74812bde292eb77d2a68a7897a5571bb7c33ad12264102a
2024-09-30 08:15:40,62,01fbae127e8db09da74812bde292eb77d2a68a7897a5571bb7c33ad12264102a
2024-09-30 08:15:40,62,01fbae127e8db09da74812bde292eb77d2a68a7897a5571bb7c33ad12264102a
2024-09-30 08:15:40,62,01fbae127e8db09da74812bde292eb77d2a68a7897a5571bb7c33ad12264102a
2024-09-30 08:15:40,62,01fbae127e8db09da74812bde292eb77d2a68a7897a5571bb7c33ad12264102a
2024-09-30 08:15:40,62,01fbae127e8db09da74812bde292eb77d2a68a7897a5571bb7c33ad12264102a
2024-09-30 08:15:40,62,01fbae127e8db09da74812bde292eb77d2a68a7897a5571bb7c33ad12264102a
2024-09-30 08:15:40,62,01fbae127e8db09da74812bde292eb77d2a68a7897a5571bb7c33ad12264102a
2024-09-30 08:15:50,62,01fbae127e8db09da74812bde292eb77d2a68a7897a5571bb7c33ad12264102a
2024-09-30 08:15:50,62,01fbae127e8db09da74812bde292eb77d2a68a7897a5571bb7c33ad12264102a
2024-09-30 08:15:53,62,d787358040843e660eb94b464371ac26c3ccc54906bd94fcbf398471ccb0e763
2024-09-30 08:15:53,62,d787358040843e660eb94b464371ac26c3ccc54906bd94fcbf398471ccb0e763
2024-09-30 08:16:56,62,d787358040843e660eb94b464371ac26c3ccc54906bd94fcbf398471ccb0e763
2024-09-30 08:16:56,62,d787358040843e660eb94b464371ac26c3ccc54906bd94fcbf398471ccb0e763
2024-09-30 08:17:02,62,01fbae127e8db09da74812bde292eb77d2a68a7897a5571bb7c33ad12264102a
2024-09-30 08:17:15,62,01fbae127e8db09da74812bde292eb77d2a68a7897a5571bb7c33ad12264102a
2024-09-30 08:17:15,62,01fbae127e8db09da74812bde292eb77d2a68a7897a5571bb7c33ad12264102a
2024-09-30 08:17:15,62,01fbae127e8db09da74812bde292eb77d2a68a7897a5571bb7c33ad12264102a
2024-09-30 08:17:15,62,01fbae127e8db09da74812bde292eb77d2a68a7897a5571bb7c33ad12264102a
2024-09-30 08:17:19,62,01fbae127e8db09da74812bde292eb77d2a68a7897a5571bb7c33ad12264102a
2024-09-30 08:17:19,62,01fbae127e8db09da74812bde292eb77d2a68a7897a5571bb7c33ad12264102a
2024-09-30 08:17:54,62,b259ad7b374273c26bec3567023bb3cef7a54a76409fb3688a4ef5ae3e07d4ba
2024-09-30 08:17:57,62,01fbae127e8db09da74812bde292eb77d2a68a7897a5571bb7c33ad12264102a
2024-09-30 08:17:57,62,01fbae127e8db09da74812bde292eb77d2a68a7897a5571bb7c33ad12264102a
2024-09-30 08:17:57,62,01fbae127e8db09da74812bde292eb77d2a68a7897a5571bb7c33ad12264102a
2024-09-30 08:17:57,62,01fbae127e8db09da74812bde292eb77d2a68a7897a5571bb7c33ad12264102a
2024-09-30 08:17:57,62,01fbae127e8db09da74812bde292eb77d2a68a7897a5571bb7c33ad12264102a
2024-09-30 08:18:11,62,01fbae127e8db09da74812bde292eb77d2a68a7897a5571bb7c33ad12264102a
2024-09-30 08:18:11,62,01fbae127e8db09da74812bde292eb77d2a68a7897a5571bb7c33ad12264102a
2024-09-30 08:18:11,62,01fbae127e8db09da74812bde292eb77d2a68a7897a5571bb7c33ad12264102a
2024-09-30 08:18:12,62,01fbae127e8db09da74812bde292eb77d2a68a7897a5571bb7c33ad12264102a
2024-09-30 08:18:12,62,01fbae127e8db09da74812bde292eb77d2a68a7897a5571bb7c33ad12264102a
2024-09-30 08:18:17,62,01fbae127e8db09da74812bde292eb77d2a68a7897a5571bb7c33ad12264102a
2024-09-30 08:18:17,62,01fbae127e8db09da74812bde292eb77d2a68a7897a5571bb7c33ad12264102a
2024-09-30 08:18:17,62,01fbae127e8db09da74812bde292eb77d2a68a7897a5571bb7c33ad12264102a
2024-09-30 08:18:17,62,01fbae127e8db09da74812bde292eb77d2a68a7897a5571bb7c33ad12264102a
2024-09-30 08:18:17,62,01fbae127e8db09da74812bde292eb77d2a68a7897a5571bb7c33ad12264102a
2024-09-30 08:18:17,62,01fbae127e8db09da74812bde292eb77d2a68a7897a5571bb7c33ad12264102a
2024-09-30 08:18:32,62,01fbae127e8db09da74812bde292eb77d2a68a7897a5571bb7c33ad12264102a
2024-09-30 08:18:32,62,01fbae127e8db09da74812bde292eb77d2a68a7897a5571bb7c33ad12264102a
2024-09-30 08:18:33,62,01fbae127e8db09da74812bde292eb77d2a68a7897a5571bb7c33ad12264102a
2024-09-30 08:18:33,62,01fbae127e8db09da74812bde292eb77d2a68a7897a5571bb7c33ad12264102a
2024-09-30 08:18:48,62,01fbae127e8db09da74812bde292eb77d2a68a7897a5571bb7c33ad12264102a
2024-09-30 08:18:48,62,01fbae127e8db09da74812bde292eb77d2a68a7897a5571bb7c33ad12264102a
2024-09-30 08:19:11,62,18248f005b7493422ea25abcce7179b6d01446ebce2f14824bfbdbbe7f402bb9
2024-09-30 08:19:23,62,18248f005b7493422ea25abcce7179b6d01446ebce2f14824bfbdbbe7f402bb9
2024-09-30 08:19:23,62,18248f005b7493422ea25abcce7179b6d01446ebce2f14824bfbdbbe7f402bb9
2024-09-30 08:19:39,62,18248f005b7493422ea25abcce7179b6d01446ebce2f14824bfbdbbe7f402bb9
2024-09-30 08:20:21,62,f214df8686dde5873f6737cdf93909d29f9b61e55a05fd900714072e85e7e2d9
2024-09-30 08:20:21,62,f214df8686dde5873f6737cdf93909d29f9b61e55a05fd900714072e85e7e2d9
2024-09-30 08:20:21,62,f214df8686dde5873f6737cdf93909d29f9b61e55a05fd900714072e85e7e2d9
2024-09-30 08:20:21,62,f214df8686dde5873f6737cdf93909d29f9b61e55a05fd900714072e85e7e2d9
2024-09-30 08:20:21,62,f214df8686dde5873f6737cdf93909d29f9b61e55a05fd900714072e85e7e2d9
2024-09-30 08:20:21,62,f214df8686dde5873f6737cdf93909d29f9b61e55a05fd900714072e85e7e2d9
2024-09-30 08:20:35,62,01fbae127e8db09da74812bde292eb77d2a68a7897a5571bb7c33ad12264102a
2024-09-30 08:20:35,62,01fbae127e8db09da74812bde292eb77d2a68a7897a5571bb7c33ad12264102a
2024-09-30 08:20:49,62,01fbae127e8db09da74812bde292eb77d2a68a7897a5571bb7c33ad12264102a
2024-09-30 08:20:49,62,01fbae127e8db09da74812bde292eb77d2a68a7897a5571bb7c33ad12264102a
2024-09-30 08:20:49,62,01fbae127e8db09da74812bde292eb77d2a68a7897a5571bb7c33ad12264102a
2024-09-30 08:20:49,62,01fbae127e8db09da74812bde292eb77d2a68a7897a5571bb7c33ad12264102a
2024-09-30 08:21:00,62,01fbae127e8db09da74812bde292eb77d2a68a7897a5571bb7c33ad12264102a
2024-09-30 08:21:00,62,01fbae127e8db09da74812bde292eb77d2a68a7897a5571bb7c33ad12264102a
2024-09-30 08:21:00,62,01fbae127e8db09da74812bde292eb77d2a68a7897a5571bb7c33ad12264102a
2024-09-30 08:21:00,62,01fbae127e8db09da74812bde292eb77d2a68a7897a5571bb7c33ad12264102a
2024-09-30 08:21:05,62,18248f005b7493422ea25abcce7179b6d01446ebce2f14824bfbdbbe7f402bb9
2024-09-30 08:21:05,62,18248f005b7493422ea25abcce7179b6d01446ebce2f14824bfbdbbe7f402bb9
2024-09-30 08:21:05,62,18248f005b7493422ea25abcce7179b6d01446ebce2f14824bfbdbbe7f402bb9
2024-09-30 08:21:15,62,01fbae127e8db09da74812bde292eb77d2a68a7897a5571bb7c33ad12264102a
2024-09-30 08:21:50,62,a68467b42cffcbb7fbae081a623443ef4bd3760bab34f23ab270b79384072bc6
2024-09-30 08:21:50,62,a68467b42cffcbb7fbae081a623443ef4bd3760bab34f23ab270b79384072bc6
2024-09-30 08:21:51,62,a68467b42cffcbb7fbae081a623443ef4bd3760bab34f23ab270b79384072bc6
2024-09-30 08:21:51,62,a68467b42cffcbb7fbae081a623443ef4bd3760bab34f23ab270b79384072bc6
2024-09-30 08:21:52,62,18248f005b7493422ea25abcce7179b6d01446ebce2f14824bfbdbbe7f402bb9
2024-09-30 08:22:11,62,d787358040843e660eb94b464371ac26c3ccc54906bd94fcbf398471ccb0e763
2024-09-30 08:22:11,62,d787358040843e660eb94b464371ac26c3ccc54906bd94fcbf398471ccb0e763
2024-09-30 08:22:13,62,01fbae127e8db09da74812bde292eb77d2a68a7897a5571bb7c33ad12264102a
2024-09-30 08:22:26,62,e3248d561081111f007e7f69fa51d41bc0b367e400b6acd17e0f055c7b43ccab
2024-09-30 08:22:26,62,e3248d561081111f007e7f69fa51d41bc0b367e400b6acd17e0f055c7b43ccab
2024-09-30 08:22:26,62,e3248d561081111f007e7f69fa51d41bc0b367e400b6acd17e0f055c7b43ccab
2024-09-30 08:22:35,62,e3248d561081111f007e7f69fa51d41bc0b367e400b6acd17e0f055c7b43ccab
2024-09-30 08:22:40,62,e3248d561081111f007e7f69fa51d41bc0b367e400b6acd17e0f055c7b43ccab
2024-09-30 08:23:01,62,f214df8686dde5873f6737cdf93909d29f9b61e55a05fd900714072e85e7e2d9
2024-09-30 08:23:01,62,f214df8686dde5873f6737cdf93909d29f9b61e55a05fd900714072e85e7e2d9
2024-09-30 08:23:48,62,01fbae127e8db09da74812bde292eb77d2a68a7897a5571bb7c33ad12264102a
2024-09-30 08:23:48,62,01fbae127e8db09da74812bde292eb77d2a68a7897a5571bb7c33ad12264102a
2024-09-30 08:24:04,62,01fbae127e8db09da74812bde292eb77d2a68a7897a5571bb7c33ad12264102a
2024-09-30 08:24:13,62,18248f005b7493422ea25abcce7179b6d01446ebce2f14824bfbdbbe7f402bb9
2024-09-30 08:24:24,62,d787358040843e660eb94b464371ac26c3ccc54906bd94fcbf398471ccb0e763
2024-09-30 08:24:24,62,d787358040843e660eb94b464371ac26c3ccc54906bd94fcbf398471ccb0e763
2024-09-30 08:24:39,62,01fbae127e8db09da74812bde292eb77d2a68a7897a5571bb7c33ad12264102a
2024-09-30 08:24:39,62,01fbae127e8db09da74812bde292eb77d2a68a7897a5571bb7c33ad12264102a
2024-09-30 08:24:48,62,18248f005b7493422ea25abcce7179b6d01446ebce2f14824bfbdbbe7f402bb9
2024-09-30 08:24:48,62,18248f005b7493422ea25abcce7179b6d01446ebce2f14824bfbdbbe7f402bb9
2024-09-30 08:24:48,62,18248f005b7493422ea25abcce7179b6d01446ebce2f14824bfbdbbe7f402bb9
2024-09-30 08:25:15,62,18248f005b7493422ea25abcce7179b6d01446ebce2f14824bfbdbbe7f402bb9
2024-09-30 08:25:15,62,18248f005b7493422ea25abcce7179b6d01446ebce2f14824bfbdbbe7f402bb9
2024-09-30 08:25:15,62,18248f005b7493422ea25abcce7179b6d01446ebce2f14824bfbdbbe7f402bb9
2024-09-30 08:25:15,62,18248f005b7493422ea25abcce7179b6d01446ebce2f14824bfbdbbe7f402bb9
2024-09-30 08:25:15,62,18248f005b7493422ea25abcce7179b6d01446ebce2f14824bfbdbbe7f402bb9
2024-09-30 08:25:15,62,18248f005b7493422ea25abcce7179b6d01446ebce2f14824bfbdbbe7f402bb9
2024-09-30 08:25:15,62,18248f005b7493422ea25abcce7179b6d01446ebce2f14824bfbdbbe7f402bb9
2024-09-30 08:25:15,62,18248f005b7493422ea25abcce7179b6d01446ebce2f14824bfbdbbe7f402bb9
2024-09-30 08:25:50,62,01fbae127e8db09da74812bde292eb77d2a68a7897a5571bb7c33ad12264102a
2024-09-30 08:25:50,62,01fbae127e8db09da74812bde292eb77d2a68a7897a5571bb7c33ad12264102a
2024-09-30 08:25:50,62,01fbae127e8db09da74812bde292eb77d2a68a7897a5571bb7c33ad12264102a
2024-09-30 08:25:50,62,01fbae127e8db09da74812bde292eb77d2a68a7897a5571bb7c33ad12264102a
2024-09-30 08:25:50,62,01fbae127e8db09da74812bde292eb77d2a68a7897a5571bb7c33ad12264102a
2024-09-30 08:25:50,62,01fbae127e8db09da74812bde292eb77d2a68a7897a5571bb7c33ad12264102a
2024-09-30 08:26:23,62,01fbae127e8db09da74812bde292eb77d2a68a7897a5571bb7c33ad12264102a
2024-09-30 08:26:23,62,01fbae127e8db09da74812bde292eb77d2a68a7897a5571bb7c33ad12264102a
2024-09-30 08:26:27,62,01fbae127e8db09da74812bde292eb77d2a68a7897a5571bb7c33ad12264102a
2024-09-30 08:26:27,62,01fbae127e8db09da74812bde292eb77d2a68a7897a5571bb7c33ad12264102a
2024-09-30 08:26:27,62,01fbae127e8db09da74812bde292eb77d2a68a7897a5571bb7c33ad12264102a
2024-09-30 08:26:27,62,01fbae127e8db09da74812bde292eb77d2a68a7897a5571bb7c33ad12264102a
2024-09-30 08:26:28,62,01fbae127e8db09da74812bde292eb77d2a68a7897a5571bb7c33ad12264102a
2024-09-30 08:26:28,62,01fbae127e8db09da74812bde292eb77d2a68a7897a5571bb7c33ad12264102a
2024-09-30 08:26:43,62,18248f005b7493422ea25abcce7179b6d01446ebce2f14824bfbdbbe7f402bb9
2024-09-30 08:27:35,62,18248f005b7493422ea25abcce7179b6d01446ebce2f14824bfbdbbe7f402bb9
2024-09-30 08:27:35,62,18248f005b7493422ea25abcce7179b6d01446ebce2f14824bfbdbbe7f402bb9
2024-09-30 08:27:49,62,18248f005b7493422ea25abcce7179b6d01446ebce2f14824bfbdbbe7f402bb9
2024-09-30 08:27:49,62,18248f005b7493422ea25abcce7179b6d01446ebce2f14824bfbdbbe7f402bb9
2024-09-30 08:28:21,62,18248f005b7493422ea25abcce7179b6d01446ebce2f14824bfbdbbe7f402bb9
2024-09-30 08:28:21,62,18248f005b7493422ea25abcce7179b6d01446ebce2f14824bfbdbbe7f402bb9
2024-09-30 08:28:41,62,01fbae127e8db09da74812bde292eb77d2a68a7897a5571bb7c33ad12264102a
2024-09-30 08:28:41,62,01fbae127e8db09da74812bde292eb77d2a68a7897a5571bb7c33ad12264102a
2024-09-30 08:28:41,62,01fbae127e8db09da74812bde292eb77d2a68a7897a5571bb7c33ad12264102a
2024-09-30 08:28:42,62,18248f005b7493422ea25abcce7179b6d01446ebce2f14824bfbdbbe7f402bb9
2024-09-30 08:29:05,62,01fbae127e8db09da74812bde292eb77d2a68a7897a5571bb7c33ad12264102a
2024-09-30 08:29:05,62,01fbae127e8db09da74812bde292eb77d2a68a7897a5571bb7c33ad12264102a
2024-09-30 08:29:05,62,01fbae127e8db09da74812bde292eb77d2a68a7897a5571bb7c33ad12264102a
2024-09-30 08:29:05,62,01fbae127e8db09da74812bde292eb77d2a68a7897a5571bb7c33ad12264102a
2024-09-30 08:29:12,62,18248f005b7493422ea25abcce7179b6d01446ebce2f14824bfbdbbe7f402bb9
2024-09-30 08:29:12,62,18248f005b7493422ea25abcce7179b6d01446ebce2f14824bfbdbbe7f402bb9
2024-09-30 08:29:22,62,01fbae127e8db09da74812bde292eb77d2a68a7897a5571bb7c33ad12264102a
2024-09-30 08:29:23,62,01fbae127e8db09da74812bde292eb77d2a68a7897a5571bb7c33ad12264102a
2024-09-30 08:29:23,62,01fbae127e8db09da74812bde292eb77d2a68a7897a5571bb7c33ad12264102a
2024-09-30 08:30:40,62,18248f005b7493422ea25abcce7179b6d01446ebce2f14824bfbdbbe7f402bb9
2024-09-30 08:31:01,62,f214df8686dde5873f6737cdf93909d29f9b61e55a05fd900714072e85e7e2d9
2024-09-30 08:31:01,62,f214df8686dde5873f6737cdf93909d29f9b61e55a05fd900714072e85e7e2d9
2024-09-30 08:31:01,62,f214df8686dde5873f6737cdf93909d29f9b61e55a05fd900714072e85e7e2d9
2024-09-30 08:31:01,62,f214df8686dde5873f6737cdf93909d29f9b61e55a05fd900714072e85e7e2d9
2024-09-30 08:31:08,62,18248f005b7493422ea25abcce7179b6d01446ebce2f14824bfbdbbe7f402bb9
2024-09-30 08:31:08,62,18248f005b7493422ea25abcce7179b6d01446ebce2f14824bfbdbbe7f402bb9
2024-09-30 08:31:24,62,b259ad7b374273c26bec3567023bb3cef7a54a76409fb3688a4ef5ae3e07d4ba
2024-09-30 08:31:24,62,b259ad7b374273c26bec3567023bb3cef7a54a76409fb3688a4ef5ae3e07d4ba
2024-09-30 08:32:07,62,f214df8686dde5873f6737cdf93909d29f9b61e55a05fd900714072e85e7e2d9
2024-09-30 08:32:21,62,18248f005b7493422ea25abcce7179b6d01446ebce2f14824bfbdbbe7f402bb9
2024-09-30 08:32:51,62,18248f005b7493422ea25abcce7179b6d01446ebce2f14824bfbdbbe7f402bb9
2024-09-30 08:32:51,62,18248f005b7493422ea25abcce7179b6d01446ebce2f14824bfbdbbe7f402bb9
2024-09-30 08:32:51,62,18248f005b7493422ea25abcce7179b6d01446ebce2f14824bfbdbbe7f402bb9
2024-09-30 08:32:59,62,01fbae127e8db09da74812bde292eb77d2a68a7897a5571bb7c33ad12264102a
2024-09-30 08:33:05,62,18248f005b7493422ea25abcce7179b6d01446ebce2f14824bfbdbbe7f402bb9
2024-09-30 08:33:16,62,d787358040843e660eb94b464371ac26c3ccc54906bd94fcbf398471ccb0e763
2024-09-30 08:33:29,62,01fbae127e8db09da74812bde292eb77d2a68a7897a5571bb7c33ad12264102a
2024-09-30 08:33:29,62,01fbae127e8db09da74812bde292eb77d2a68a7897a5571bb7c33ad12264102a
2024-09-30 08:33:29,62,01fbae127e8db09da74812bde292eb77d2a68a7897a5571bb7c33ad12264102a
2024-09-30 08:34:12,62,01fbae127e8db09da74812bde292eb77d2a68a7897a5571bb7c33ad12264102a
2024-09-30 08:34:23,62,01fbae127e8db09da74812bde292eb77d2a68a7897a5571bb7c33ad12264102a
2024-09-30 08:35:03,62,01fbae127e8db09da74812bde292eb77d2a68a7897a5571bb7c33ad12264102a
2024-09-30 08:35:23,62,d787358040843e660eb94b464371ac26c3ccc54906bd94fcbf398471ccb0e763
2024-09-30 08:35:23,62,d787358040843e660eb94b464371ac26c3ccc54906bd94fcbf398471ccb0e763
2024-09-30 08:36:21,62,f214df8686dde5873f6737cdf93909d29f9b61e55a05fd900714072e85e7e2d9
2024-09-30 08:36:21,62,f214df8686dde5873f6737cdf93909d29f9b61e55a05fd900714072e85e7e2d9
2024-09-30 08:36:21,62,f214df8686dde5873f6737cdf93909d29f9b61e55a05fd900714072e85e7e2d9
2024-09-30 08:36:31,62,18248f005b7493422ea25abcce7179b6d01446ebce2f14824bfbdbbe7f402bb9
2024-09-30 08:36:43,62,18248f005b7493422ea25abcce7179b6d01446ebce2f14824bfbdbbe7f402bb9
2024-09-30 08:36:43,62,18248f005b7493422ea25abcce7179b6d01446ebce2f14824bfbdbbe7f402bb9
2024-09-30 08:37:08,62,18248f005b7493422ea25abcce7179b6d01446ebce2f14824bfbdbbe7f402bb9
2024-09-30 08:37:43,62,d787358040843e660eb94b464371ac26c3ccc54906bd94fcbf398471ccb0e763
2024-09-30 08:37:43,62,d787358040843e660eb94b464371ac26c3ccc54906bd94fcbf398471ccb0e763
2024-09-30 08:37:53,62,ac6bdf2d5686dae420b8fa528fcc9b72514a3cbbdca201fadac306c2091d9b0c
2024-09-30 08:37:55,62,18248f005b7493422ea25abcce7179b6d01446ebce2f14824bfbdbbe7f402bb9
2024-09-30 08:38:02,62,18248f005b7493422ea25abcce7179b6d01446ebce2f14824bfbdbbe7f402bb9
2024-09-30 08:38:02,62,18248f005b7493422ea25abcce7179b6d01446ebce2f14824bfbdbbe7f402bb9
2024-09-30 08:38:02,62,18248f005b7493422ea25abcce7179b6d01446ebce2f14824bfbdbbe7f402bb9
2024-09-30 08:38:37,62,18248f005b7493422ea25abcce7179b6d01446ebce2f14824bfbdbbe7f402bb9
2024-09-30 08:38:37,62,18248f005b7493422ea25abcce7179b6d01446ebce2f14824bfbdbbe7f402bb9
2024-09-30 08:38:49,62,18248f005b7493422ea25abcce7179b6d01446ebce2f14824bfbdbbe7f402bb9
2024-09-30 08:38:49,62,18248f005b7493422ea25abcce7179b6d01446ebce2f14824bfbdbbe7f402bb9
2024-09-30 08:38:49,62,18248f005b7493422ea25abcce7179b6d01446ebce2f14824bfbdbbe7f402bb9
2024-09-30 08:38:49,62,18248f005b7493422ea25abcce7179b6d01446ebce2f14824bfbdbbe7f402bb9
2024-09-30 08:38:58,62,18248f005b7493422ea25abcce7179b6d01446ebce2f14824bfbdbbe7f402bb9
2024-09-30 08:39:01,62,f214df8686dde5873f6737cdf93909d29f9b61e55a05fd900714072e85e7e2d9
2024-09-30 08:39:07,62,18248f005b7493422ea25abcce7179b6d01446ebce2f14824bfbdbbe7f402bb9
2024-09-30 08:39:07,62,18248f005b7493422ea25abcce7179b6d01446ebce2f14824bfbdbbe7f402bb9
2024-09-30 08:39:09,62,18248f005b7493422ea25abcce7179b6d01446ebce2f14824bfbdbbe7f402bb9
2024-09-30 08:39:47,62,f5332f306ce88c7c35ea76a3726d0e453733e1841f94896c7043e744314cccaf
2024-09-30 08:39:47,62,f5332f306ce88c7c35ea76a3726d0e453733e1841f94896c7043e744314cccaf
2024-09-30 08:40:33,62,18248f005b7493422ea25abcce7179b6d01446ebce2f14824bfbdbbe7f402bb9
2024-09-30 08:40:33,62,18248f005b7493422ea25abcce7179b6d01446ebce2f14824bfbdbbe7f402bb9
2024-09-30 08:40:34,62,18248f005b7493422ea25abcce7179b6d01446ebce2f14824bfbdbbe7f402bb9
2024-09-30 08:40:34,62,18248f005b7493422ea25abcce7179b6d01446ebce2f14824bfbdbbe7f402bb9
2024-09-30 08:40:34,62,18248f005b7493422ea25abcce7179b6d01446ebce2f14824bfbdbbe7f402bb9
2024-09-30 08:40:44,62,c81372ca9529ddeb87790ff76f6745ec6870bc09bcdd705d8da7bfde78aed086
2024-09-30 08:40:44,62,c81372ca9529ddeb87790ff76f6745ec6870bc09bcdd705d8da7bfde78aed086
2024-09-30 08:40:44,62,c81372ca9529ddeb87790ff76f6745ec6870bc09bcdd705d8da7bfde78aed086
2024-09-30 08:40:44,62,c81372ca9529ddeb87790ff76f6745ec6870bc09bcdd705d8da7bfde78aed086
2024-09-30 08:40:44,62,c81372ca9529ddeb87790ff76f6745ec6870bc09bcdd705d8da7bfde78aed086
2024-09-30 08:40:53,62,ac6bdf2d5686dae420b8fa528fcc9b72514a3cbbdca201fadac306c2091d9b0c
2024-09-30 08:41:08,62,a68467b42cffcbb7fbae081a623443ef4bd3760bab34f23ab270b79384072bc6
2024-09-30 08:41:08,62,a68467b42cffcbb7fbae081a623443ef4bd3760bab34f23ab270b79384072bc6
2024-09-30 08:41:08,62,a68467b42cffcbb7fbae081a623443ef4bd3760bab34f23ab270b79384072bc6
2024-09-30 08:41:08,62,a68467b42cffcbb7fbae081a623443ef4bd3760bab34f23ab270b79384072bc6
2024-09-30 08:41:08,62,a68467b42cffcbb7fbae081a623443ef4bd3760bab34f23ab270b79384072bc6
2024-09-30 08:41:08,62,a68467b42cffcbb7fbae081a623443ef4bd3760bab34f23ab270b79384072bc6
2024-09-30 08:41:13,62,d787358040843e660eb94b464371ac26c3ccc54906bd94fcbf398471ccb0e763
2024-09-30 08:41:24,62,c81372ca9529ddeb87790ff76f6745ec6870bc09bcdd705d8da7bfde78aed086
2024-09-30 08:41:24,62,c81372ca9529ddeb87790ff76f6745ec6870bc09bcdd705d8da7bfde78aed086
2024-09-30 08:41:24,62,c81372ca9529ddeb87790ff76f6745ec6870bc09bcdd705d8da7bfde78aed086
2024-09-30 08:41:24,62,c81372ca9529ddeb87790ff76f6745ec6870bc09bcdd705d8da7bfde78aed086
2024-09-30 08:41:24,62,c81372ca9529ddeb87790ff76f6745ec6870bc09bcdd705d8da7bfde78aed086
2024-09-30 08:41:24,62,c81372ca9529ddeb87790ff76f6745ec6870bc09bcdd705d8da7bfde78aed086
2024-09-30 08:41:24,62,c81372ca9529ddeb87790ff76f6745ec6870bc09bcdd705d8da7bfde78aed086
2024-09-30 08:41:24,62,c81372ca9529ddeb87790ff76f6745ec6870bc09bcdd705d8da7bfde78aed086
2024-09-30 08:41:24,62,c81372ca9529ddeb87790ff76f6745ec6870bc09bcdd705d8da7bfde78aed086
2024-09-30 08:42:00,62,18248f005b7493422ea25abcce7179b6d01446ebce2f14824bfbdbbe7f402bb9
2024-09-30 08:42:00,62,18248f005b7493422ea25abcce7179b6d01446ebce2f14824bfbdbbe7f402bb9
2024-09-30 08:42:24,62,c81372ca9529ddeb87790ff76f6745ec6870bc09bcdd705d8da7bfde78aed086
2024-09-30 08:42:24,62,c81372ca9529ddeb87790ff76f6745ec6870bc09bcdd705d8da7bfde78aed086
2024-09-30 08:42:24,62,c81372ca9529ddeb87790ff76f6745ec6870bc09bcdd705d8da7bfde78aed086
2024-09-30 08:42:24,62,c81372ca9529ddeb87790ff76f6745ec6870bc09bcdd705d8da7bfde78aed086
2024-09-30 08:42:51,62,18248f005b7493422ea25abcce7179b6d01446ebce2f14824bfbdbbe7f402bb9
2024-09-30 08:42:51,62,18248f005b7493422ea25abcce7179b6d01446ebce2f14824bfbdbbe7f402bb9
2024-09-30 08:42:51,62,18248f005b7493422ea25abcce7179b6d01446ebce2f14824bfbdbbe7f402bb9
2024-09-30 08:42:51,62,18248f005b7493422ea25abcce7179b6d01446ebce2f14824bfbdbbe7f402bb9
2024-09-30 08:42:51,62,18248f005b7493422ea25abcce7179b6d01446ebce2f14824bfbdbbe7f402bb9
2024-09-30 08:42:51,62,18248f005b7493422ea25abcce7179b6d01446ebce2f14824bfbdbbe7f402bb9
2024-09-30 08:42:53,62,ac6bdf2d5686dae420b8fa528fcc9b72514a3cbbdca201fadac306c2091d9b0c
2024-09-30 08:43:08,62,a68467b42cffcbb7fbae081a623443ef4bd3760bab34f23ab270b79384072bc6
2024-09-30 08:43:08,62,a68467b42cffcbb7fbae081a623443ef4bd3760bab34f23ab270b79384072bc6
2024-09-30 08:43:08,62,a68467b42cffcbb7fbae081a623443ef4bd3760bab34f23ab270b79384072bc6
2024-09-30 08:43:08,62,a68467b42cffcbb7fbae081a623443ef4bd3760bab34f23ab270b79384072bc6
2024-09-30 08:43:12,62,d787358040843e660eb94b464371ac26c3ccc54906bd94fcbf398471ccb0e763
2024-09-30 08:43:20,62,18248f005b7493422ea25abcce7179b6d01446ebce2f14824bfbdbbe7f402bb9
2024-09-30 08:43:20,62,18248f005b7493422ea25abcce7179b6d01446ebce2f14824bfbdbbe7f402bb9
2024-09-30 08:43:20,62,18248f005b7493422ea25abcce7179b6d01446ebce2f14824bfbdbbe7f402bb9
2024-09-30 08:43:20,62,18248f005b7493422ea25abcce7179b6d01446ebce2f14824bfbdbbe7f402bb9
2024-09-30 08:43:20,62,18248f005b7493422ea25abcce7179b6d01446ebce2f14824bfbdbbe7f402bb9
2024-09-30 08:43:21,62,d787358040843e660eb94b464371ac26c3ccc54906bd94fcbf398471ccb0e763
2024-09-30 08:43:21,62,d787358040843e660eb94b464371ac26c3ccc54906bd94fcbf398471ccb0e763
2024-09-30 08:43:27,62,ac6bdf2d5686dae420b8fa528fcc9b72514a3cbbdca201fadac306c2091d9b0c
2024-09-30 08:43:32,62,49a8a774ce5021709aee890d1a6c508a9ac344d9604c9fd7f649292aa58ab50b
2024-09-30 08:43:32,62,49a8a774ce5021709aee890d1a6c508a9ac344d9604c9fd7f649292aa58ab50b
2024-09-30 08:43:32,62,49a8a774ce5021709aee890d1a6c508a9ac344d9604c9fd7f649292aa58ab50b
2024-09-30 08:43:32,62,49a8a774ce5021709aee890d1a6c508a9ac344d9604c9fd7f649292aa58ab50b
2024-09-30 08:43:32,62,49a8a774ce5021709aee890d1a6c508a9ac344d9604c9fd7f649292aa58ab50b
2024-09-30 08:43:32,62,49a8a774ce5021709aee890d1a6c508a9ac344d9604c9fd7f649292aa58ab50b
2024-09-30 08:43:32,62,49a8a774ce5021709aee890d1a6c508a9ac344d9604c9fd7f649292aa58ab50b
2024-09-30 08:43:32,62,49a8a774ce5021709aee890d1a6c508a9ac344d9604c9fd7f649292aa58ab50b
2024-09-30 08:43:32,62,49a8a774ce5021709aee890d1a6c508a9ac344d9604c9fd7f649292aa58ab50b
2024-09-30 08:43:32,62,49a8a774ce5021709aee890d1a6c508a9ac344d9604c9fd7f649292aa58ab50b
2024-09-30 08:43:32,62,49a8a774ce5021709aee890d1a6c508a9ac344d9604c9fd7f649292aa58ab50b
2024-09-30 08:43:32,62,49a8a774ce5021709aee890d1a6c508a9ac344d9604c9fd7f649292aa58ab50b
2024-09-30 08:43:32,62,49a8a774ce5021709aee890d1a6c508a9ac344d9604c9fd7f649292aa58ab50b
2024-09-30 08:43:32,62,49a8a774ce5021709aee890d1a6c508a9ac344d9604c9fd7f649292aa58ab50b
2024-09-30 08:43:32,62,49a8a774ce5021709aee890d1a6c508a9ac344d9604c9fd7f649292aa58ab50b
2024-09-30 08:43:33,62,d787358040843e660eb94b464371ac26c3ccc54906bd94fcbf398471ccb0e763
2024-09-30 08:43:33,62,d787358040843e660eb94b464371ac26c3ccc54906bd94fcbf398471ccb0e763
2024-09-30 08:43:38,62,fb7d6d3e619d65bc1ab7ea65c8bbd1a9898ccde48680456a198cd31c100c5aa0
2024-09-30 08:43:39,62,fb7d6d3e619d65bc1ab7ea65c8bbd1a9898ccde48680456a198cd31c100c5aa0
2024-09-30 08:43:39,62,fb7d6d3e619d65bc1ab7ea65c8bbd1a9898ccde48680456a198cd31c100c5aa0
2024-09-30 08:44:03,62,18248f005b7493422ea25abcce7179b6d01446ebce2f14824bfbdbbe7f402bb9
2024-09-30 08:44:04,62,18248f005b7493422ea25abcce7179b6d01446ebce2f14824bfbdbbe7f402bb9
2024-09-30 08:44:04,62,c81372ca9529ddeb87790ff76f6745ec6870bc09bcdd705d8da7bfde78aed086
2024-09-30 08:44:04,62,c81372ca9529ddeb87790ff76f6745ec6870bc09bcdd705d8da7bfde78aed086
2024-09-30 08:44:04,62,c81372ca9529ddeb87790ff76f6745ec6870bc09bcdd705d8da7bfde78aed086
2024-09-30 08:44:04,62,c81372ca9529ddeb87790ff76f6745ec6870bc09bcdd705d8da7bfde78aed086
2024-09-30 08:44:04,62,c81372ca9529ddeb87790ff76f6745ec6870bc09bcdd705d8da7bfde78aed086
2024-09-30 08:44:04,62,c81372ca9529ddeb87790ff76f6745ec6870bc09bcdd705d8da7bfde78aed086
2024-09-30 08:44:04,62,c81372ca9529ddeb87790ff76f6745ec6870bc09bcdd705d8da7bfde78aed086
2024-09-30 08:44:04,62,c81372ca9529ddeb87790ff76f6745ec6870bc09bcdd705d8da7bfde78aed086
2024-09-30 08:44:04,62,c81372ca9529ddeb87790ff76f6745ec6870bc09bcdd705d8da7bfde78aed086
2024-09-30 08:44:08,62,18248f005b7493422ea25abcce7179b6d01446ebce2f14824bfbdbbe7f402bb9
2024-09-30 08:44:08,62,18248f005b7493422ea25abcce7179b6d01446ebce2f14824bfbdbbe7f402bb9
2024-09-30 08:44:44,62,c81372ca9529ddeb87790ff76f6745ec6870bc09bcdd705d8da7bfde78aed086
2024-09-30 08:44:44,62,c81372ca9529ddeb87790ff76f6745ec6870bc09bcdd705d8da7bfde78aed086
2024-09-30 08:44:44,62,c81372ca9529ddeb87790ff76f6745ec6870bc09bcdd705d8da7bfde78aed086
2024-09-30 08:44:50,62,d787358040843e660eb94b464371ac26c3ccc54906bd94fcbf398471ccb0e763
2024-09-30 08:44:50,62,d787358040843e660eb94b464371ac26c3ccc54906bd94fcbf398471ccb0e763
2024-09-30 08:45:08,62,a68467b42cffcbb7fbae081a623443ef4bd3760bab34f23ab270b79384072bc6
2024-09-30 08:45:08,62,a68467b42cffcbb7fbae081a623443ef4bd3760bab34f23ab270b79384072bc6
2024-09-30 08:45:08,62,a68467b42cffcbb7fbae081a623443ef4bd3760bab34f23ab270b79384072bc6
2024-09-30 08:45:08,62,a68467b42cffcbb7fbae081a623443ef4bd3760bab34f23ab270b79384072bc6
2024-09-30 08:45:09,62,18248f005b7493422ea25abcce7179b6d01446ebce2f14824bfbdbbe7f402bb9
2024-09-30 08:45:30,62,1afe1637b9f98883a0da64167b0f98da338c239c2ef656fc3ef95d01e9fa38ce
2024-09-30 08:45:30,62,1afe1637b9f98883a0da64167b0f98da338c239c2ef656fc3ef95d01e9fa38ce
2024-09-30 08:45:48,62,18248f005b7493422ea25abcce7179b6d01446ebce2f14824bfbdbbe7f402bb9
2024-09-30 08:45:48,62,18248f005b7493422ea25abcce7179b6d01446ebce2f14824bfbdbbe7f402bb9
2024-09-30 08:45:53,62,ac6bdf2d5686dae420b8fa528fcc9b72514a3cbbdca201fadac306c2091d9b0c
2024-09-30 08:46:04,62,c81372ca9529ddeb87790ff76f6745ec6870bc09bcdd705d8da7bfde78aed086
2024-09-30 08:46:04,62,c81372ca9529ddeb87790ff76f6745ec6870bc09bcdd705d8da7bfde78aed086
2024-09-30 08:46:04,62,c81372ca9529ddeb87790ff76f6745ec6870bc09bcdd705d8da7bfde78aed086
2024-09-30 08:46:04,62,c81372ca9529ddeb87790ff76f6745ec6870bc09bcdd705d8da7bfde78aed086
2024-09-30 08:46:04,62,c81372ca9529ddeb87790ff76f6745ec6870bc09bcdd705d8da7bfde78aed086
2024-09-30 08:46:04,62,c81372ca9529ddeb87790ff76f6745ec6870bc09bcdd705d8da7bfde78aed086
2024-09-30 08:46:04,62,c81372ca9529ddeb87790ff76f6745ec6870bc09bcdd705d8da7bfde78aed086
2024-09-30 08:46:04,62,c81372ca9529ddeb87790ff76f6745ec6870bc09bcdd705d8da7bfde78aed086
2024-09-30 08:46:04,62,c81372ca9529ddeb87790ff76f6745ec6870bc09bcdd705d8da7bfde78aed086
2024-09-30 08:46:04,62,c81372ca9529ddeb87790ff76f6745ec6870bc09bcdd705d8da7bfde78aed086
2024-09-30 08:46:04,62,c81372ca9529ddeb87790ff76f6745ec6870bc09bcdd705d8da7bfde78aed086
2024-09-30 08:46:04,62,c81372ca9529ddeb87790ff76f6745ec6870bc09bcdd705d8da7bfde78aed086
2024-09-30 08:46:04,62,c81372ca9529ddeb87790ff76f6745ec6870bc09bcdd705d8da7bfde78aed086
2024-09-30 08:46:06,62,bf0c3fe69ff86978b57c4b20d468d8868ac3651af88596f00a060e3714df01eb
2024-09-30 08:46:06,62,bf0c3fe69ff86978b57c4b20d468d8868ac3651af88596f00a060e3714df01eb
2024-09-30 08:46:21,62,d787358040843e660eb94b464371ac26c3ccc54906bd94fcbf398471ccb0e763
2024-09-30 08:46:21,62,d787358040843e660eb94b464371ac26c3ccc54906bd94fcbf398471ccb0e763
2024-09-30 08:46:26,62,18248f005b7493422ea25abcce7179b6d01446ebce2f14824bfbdbbe7f402bb9
2024-09-30 08:46:39,62,01fbae127e8db09da74812bde292eb77d2a68a7897a5571bb7c33ad12264102a
2024-09-30 08:46:39,62,01fbae127e8db09da74812bde292eb77d2a68a7897a5571bb7c33ad12264102a
2024-09-30 08:46:43,62,a68467b42cffcbb7fbae081a623443ef4bd3760bab34f23ab270b79384072bc6
2024-09-30 08:46:43,62,a68467b42cffcbb7fbae081a623443ef4bd3760bab34f23ab270b79384072bc6
2024-09-30 08:46:53,62,ac6bdf2d5686dae420b8fa528fcc9b72514a3cbbdca201fadac306c2091d9b0c
2024-09-30 08:47:01,62,f214df8686dde5873f6737cdf93909d29f9b61e55a05fd900714072e85e7e2d9
2024-09-30 08:47:04,62,c81372ca9529ddeb87790ff76f6745ec6870bc09bcdd705d8da7bfde78aed086
2024-09-30 08:47:04,62,c81372ca9529ddeb87790ff76f6745ec6870bc09bcdd705d8da7bfde78aed086
2024-09-30 08:47:04,62,c81372ca9529ddeb87790ff76f6745ec6870bc09bcdd705d8da7bfde78aed086
2024-09-30 08:47:11,62,01fbae127e8db09da74812bde292eb77d2a68a7897a5571bb7c33ad12264102a
2024-09-30 08:47:11,62,01fbae127e8db09da74812bde292eb77d2a68a7897a5571bb7c33ad12264102a
2024-09-30 08:47:53,62,ac6bdf2d5686dae420b8fa528fcc9b72514a3cbbdca201fadac306c2091d9b0c
2024-09-30 08:47:55,62,01fbae127e8db09da74812bde292eb77d2a68a7897a5571bb7c33ad12264102a
2024-09-30 08:47:56,62,01fbae127e8db09da74812bde292eb77d2a68a7897a5571bb7c33ad12264102a
2024-09-30 08:48:04,62,18248f005b7493422ea25abcce7179b6d01446ebce2f14824bfbdbbe7f402bb9
2024-09-30 08:48:04,62,18248f005b7493422ea25abcce7179b6d01446ebce2f14824bfbdbbe7f402bb9
2024-09-30 08:48:09,62,18248f005b7493422ea25abcce7179b6d01446ebce2f14824bfbdbbe7f402bb9
2024-09-30 08:48:13,62,d787358040843e660eb94b464371ac26c3ccc54906bd94fcbf398471ccb0e763
2024-09-30 08:48:44,62,c81372ca9529ddeb87790ff76f6745ec6870bc09bcdd705d8da7bfde78aed086
2024-09-30 08:48:44,62,c81372ca9529ddeb87790ff76f6745ec6870bc09bcdd705d8da7bfde78aed086
2024-09-30 08:48:44,62,c81372ca9529ddeb87790ff76f6745ec6870bc09bcdd705d8da7bfde78aed086
2024-09-30 08:48:44,62,c81372ca9529ddeb87790ff76f6745ec6870bc09bcdd705d8da7bfde78aed086
2024-09-30 08:48:44,62,c81372ca9529ddeb87790ff76f6745ec6870bc09bcdd705d8da7bfde78aed086
2024-09-30 08:48:44,62,c81372ca9529ddeb87790ff76f6745ec6870bc09bcdd705d8da7bfde78aed086
2024-09-30 08:48:44,62,c81372ca9529ddeb87790ff76f6745ec6870bc09bcdd705d8da7bfde78aed086
2024-09-30 08:48:44,62,c81372ca9529ddeb87790ff76f6745ec6870bc09bcdd705d8da7bfde78aed086
2024-09-30 08:48:44,62,c81372ca9529ddeb87790ff76f6745ec6870bc09bcdd705d8da7bfde78aed086
2024-09-30 08:48:44,62,c81372ca9529ddeb87790ff76f6745ec6870bc09bcdd705d8da7bfde78aed086
2024-09-30 08:48:53,62,ac6bdf2d5686dae420b8fa528fcc9b72514a3cbbdca201fadac306c2091d9b0c
2024-09-30 08:48:53,62,ac6bdf2d5686dae420b8fa528fcc9b72514a3cbbdca201fadac306c2091d9b0c
2024-09-30 08:49:24,62,c81372ca9529ddeb87790ff76f6745ec6870bc09bcdd705d8da7bfde78aed086
2024-09-30 08:49:24,62,c81372ca9529ddeb87790ff76f6745ec6870bc09bcdd705d8da7bfde78aed086
2024-09-30 08:49:24,62,c81372ca9529ddeb87790ff76f6745ec6870bc09bcdd705d8da7bfde78aed086
2024-09-30 08:49:24,62,c81372ca9529ddeb87790ff76f6745ec6870bc09bcdd705d8da7bfde78aed086
2024-09-30 08:49:41,62,f214df8686dde5873f6737cdf93909d29f9b61e55a05fd900714072e85e7e2d9
2024-09-30 08:49:53,62,ac6bdf2d5686dae420b8fa528fcc9b72514a3cbbdca201fadac306c2091d9b0c
2024-09-30 08:50:15,62,01fbae127e8db09da74812bde292eb77d2a68a7897a5571bb7c33ad12264102a
2024-09-30 08:50:39,62,01fbae127e8db09da74812bde292eb77d2a68a7897a5571bb7c33ad12264102a
2024-09-30 08:50:39,62,01fbae127e8db09da74812bde292eb77d2a68a7897a5571bb7c33ad12264102a
2024-09-30 08:50:39,62,01fbae127e8db09da74812bde292eb77d2a68a7897a5571bb7c33ad12264102a
2024-09-30 08:50:46,62,01fbae127e8db09da74812bde292eb77d2a68a7897a5571bb7c33ad12264102a
2024-09-30 08:50:46,62,01fbae127e8db09da74812bde292eb77d2a68a7897a5571bb7c33ad12264102a
2024-09-30 08:50:46,62,01fbae127e8db09da74812bde292eb77d2a68a7897a5571bb7c33ad12264102a
2024-09-30 08:51:02,62,01fbae127e8db09da74812bde292eb77d2a68a7897a5571bb7c33ad12264102a
2024-09-30 08:51:44,62,c81372ca9529ddeb87790ff76f6745ec6870bc09bcdd705d8da7bfde78aed086
2024-09-30 08:51:44,62,c81372ca9529ddeb87790ff76f6745ec6870bc09bcdd705d8da7bfde78aed086
2024-09-30 08:51:44,62,c81372ca9529ddeb87790ff76f6745ec6870bc09bcdd705d8da7bfde78aed086
2024-09-30 08:51:50,62,01fbae127e8db09da74812bde292eb77d2a68a7897a5571bb7c33ad12264102a
2024-09-30 08:51:50,62,01fbae127e8db09da74812bde292eb77d2a68a7897a5571bb7c33ad12264102a
2024-09-30 08:51:53,62,ac6bdf2d5686dae420b8fa528fcc9b72514a3cbbdca201fadac306c2091d9b0c
2024-09-30 08:51:53,62,ac6bdf2d5686dae420b8fa528fcc9b72514a3cbbdca201fadac306c2091d9b0c
2024-09-30 08:51:56,62,01fbae127e8db09da74812bde292eb77d2a68a7897a5571bb7c33ad12264102a
2024-09-30 08:51:56,62,01fbae127e8db09da74812bde292eb77d2a68a7897a5571bb7c33ad12264102a
2024-09-30 08:52:21,62,f214df8686dde5873f6737cdf93909d29f9b61e55a05fd900714072e85e7e2d9
2024-09-30 08:52:25,62,01fbae127e8db09da74812bde292eb77d2a68a7897a5571bb7c33ad12264102a
2024-09-30 08:52:25,62,01fbae127e8db09da74812bde292eb77d2a68a7897a5571bb7c33ad12264102a
2024-09-30 08:52:44,62,c81372ca9529ddeb87790ff76f6745ec6870bc09bcdd705d8da7bfde78aed086
2024-09-30 08:52:44,62,c81372ca9529ddeb87790ff76f6745ec6870bc09bcdd705d8da7bfde78aed086
2024-09-30 08:52:44,62,c81372ca9529ddeb87790ff76f6745ec6870bc09bcdd705d8da7bfde78aed086
2024-09-30 08:52:44,62,c81372ca9529ddeb87790ff76f6745ec6870bc09bcdd705d8da7bfde78aed086
2024-09-30 08:52:44,62,c81372ca9529ddeb87790ff76f6745ec6870bc09bcdd705d8da7bfde78aed086
2024-09-30 08:52:44,62,c81372ca9529ddeb87790ff76f6745ec6870bc09bcdd705d8da7bfde78aed086
2024-09-30 08:52:44,62,c81372ca9529ddeb87790ff76f6745ec6870bc09bcdd705d8da7bfde78aed086
2024-09-30 08:52:44,62,c81372ca9529ddeb87790ff76f6745ec6870bc09bcdd705d8da7bfde78aed086
2024-09-30 08:52:44,62,c81372ca9529ddeb87790ff76f6745ec6870bc09bcdd705d8da7bfde78aed086
2024-09-30 08:52:44,62,c81372ca9529ddeb87790ff76f6745ec6870bc09bcdd705d8da7bfde78aed086
2024-09-30 08:52:51,62,01fbae127e8db09da74812bde292eb77d2a68a7897a5571bb7c33ad12264102a
2024-09-30 08:52:51,62,01fbae127e8db09da74812bde292eb77d2a68a7897a5571bb7c33ad12264102a
2024-09-30 08:52:51,62,01fbae127e8db09da74812bde292eb77d2a68a7897a5571bb7c33ad12264102a
2024-09-30 08:52:51,62,01fbae127e8db09da74812bde292eb77d2a68a7897a5571bb7c33ad12264102a
2024-09-30 08:52:51,62,01fbae127e8db09da74812bde292eb77d2a68a7897a5571bb7c33ad12264102a
2024-09-30 08:52:51,62,01fbae127e8db09da74812bde292eb77d2a68a7897a5571bb7c33ad12264102a
2024-09-30 08:52:51,62,01fbae127e8db09da74812bde292eb77d2a68a7897a5571bb7c33ad12264102a
2024-09-30 08:53:17,62,f5332f306ce88c7c35ea76a3726d0e453733e1841f94896c7043e744314cccaf
2024-09-30 08:53:17,62,f5332f306ce88c7c35ea76a3726d0e453733e1841f94896c7043e744314cccaf
2024-09-30 08:53:36,62,01fbae127e8db09da74812bde292eb77d2a68a7897a5571bb7c33ad12264102a
2024-09-30 08:53:47,62,01fbae127e8db09da74812bde292eb77d2a68a7897a5571bb7c33ad12264102a
2024-09-30 08:53:47,62,01fbae127e8db09da74812bde292eb77d2a68a7897a5571bb7c33ad12264102a
2024-09-30 08:53:47,62,01fbae127e8db09da74812bde292eb77d2a68a7897a5571bb7c33ad12264102a
2024-09-30 08:53:47,62,01fbae127e8db09da74812bde292eb77d2a68a7897a5571bb7c33ad12264102a
2024-09-30 08:53:53,62,ac6bdf2d5686dae420b8fa528fcc9b72514a3cbbdca201fadac306c2091d9b0c
2024-09-30 08:54:04,62,c81372ca9529ddeb87790ff76f6745ec6870bc09bcdd705d8da7bfde78aed086
2024-09-30 08:54:04,62,c81372ca9529ddeb87790ff76f6745ec6870bc09bcdd705d8da7bfde78aed086
2024-09-30 08:54:04,62,c81372ca9529ddeb87790ff76f6745ec6870bc09bcdd705d8da7bfde78aed086
2024-09-30 08:54:07,62,18248f005b7493422ea25abcce7179b6d01446ebce2f14824bfbdbbe7f402bb9
2024-09-30 08:54:07,62,18248f005b7493422ea25abcce7179b6d01446ebce2f14824bfbdbbe7f402bb9
2024-09-30 08:54:07,62,18248f005b7493422ea25abcce7179b6d01446ebce2f14824bfbdbbe7f402bb9
2024-09-30 08:54:07,62,18248f005b7493422ea25abcce7179b6d01446ebce2f14824bfbdbbe7f402bb9
2024-09-30 08:54:12,62,18248f005b7493422ea25abcce7179b6d01446ebce2f14824bfbdbbe7f402bb9
2024-09-30 08:54:12,62,18248f005b7493422ea25abcce7179b6d01446ebce2f14824bfbdbbe7f402bb9
2024-09-30 08:54:12,62,18248f005b7493422ea25abcce7179b6d01446ebce2f14824bfbdbbe7f402bb9
2024-09-30 08:54:12,62,18248f005b7493422ea25abcce7179b6d01446ebce2f14824bfbdbbe7f402bb9
2024-09-30 08:54:13,62,01fbae127e8db09da74812bde292eb77d2a68a7897a5571bb7c33ad12264102a
2024-09-30 08:54:13,62,01fbae127e8db09da74812bde292eb77d2a68a7897a5571bb7c33ad12264102a
2024-09-30 08:54:13,62,01fbae127e8db09da74812bde292eb77d2a68a7897a5571bb7c33ad12264102a
2024-09-30 08:54:13,62,01fbae127e8db09da74812bde292eb77d2a68a7897a5571bb7c33ad12264102a
2024-09-30 08:54:13,62,01fbae127e8db09da74812bde292eb77d2a68a7897a5571bb7c33ad12264102a
2024-09-30 08:54:13,62,01fbae127e8db09da74812bde292eb77d2a68a7897a5571bb7c33ad12264102a
2024-09-30 08:54:13,62,01fbae127e8db09da74812bde292eb77d2a68a7897a5571bb7c33ad12264102a
2024-09-30 08:54:22,62,01fbae127e8db09da74812bde292eb77d2a68a7897a5571bb7c33ad12264102a
2024-09-30 08:54:22,62,01fbae127e8db09da74812bde292eb77d2a68a7897a5571bb7c33ad12264102a
2024-09-30 08:54:26,62,b259ad7b374273c26bec3567023bb3cef7a54a76409fb3688a4ef5ae3e07d4ba
2024-09-30 08:54:27,62,b259ad7b374273c26bec3567023bb3cef7a54a76409fb3688a4ef5ae3e07d4ba
2024-09-30 08:54:41,62,01fbae127e8db09da74812bde292eb77d2a68a7897a5571bb7c33ad12264102a
2024-09-30 08:54:41,62,01fbae127e8db09da74812bde292eb77d2a68a7897a5571bb7c33ad12264102a
2024-09-30 08:54:41,62,01fbae127e8db09da74812bde292eb77d2a68a7897a5571bb7c33ad12264102a
2024-09-30 08:54:41,62,01fbae127e8db09da74812bde292eb77d2a68a7897a5571bb7c33ad12264102a
2024-09-30 08:54:51,62,b259ad7b374273c26bec3567023bb3cef7a54a76409fb3688a4ef5ae3e07d4ba
2024-09-30 08:54:51,62,b259ad7b374273c26bec3567023bb3cef7a54a76409fb3688a4ef5ae3e07d4ba
2024-09-30 08:54:53,62,ac6bdf2d5686dae420b8fa528fcc9b72514a3cbbdca201fadac306c2091d9b0c
2024-09-30 08:54:54,62,01fbae127e8db09da74812bde292eb77d2a68a7897a5571bb7c33ad12264102a
2024-09-30 08:54:54,62,01fbae127e8db09da74812bde292eb77d2a68a7897a5571bb7c33ad12264102a
2024-09-30 08:54:54,62,01fbae127e8db09da74812bde292eb77d2a68a7897a5571bb7c33ad12264102a
2024-09-30 08:54:54,62,01fbae127e8db09da74812bde292eb77d2a68a7897a5571bb7c33ad12264102a
2024-09-30 08:54:54,62,01fbae127e8db09da74812bde292eb77d2a68a7897a5571bb7c33ad12264102a
2024-09-30 08:54:54,62,01fbae127e8db09da74812bde292eb77d2a68a7897a5571bb7c33ad12264102a
2024-09-30 08:54:54,62,01fbae127e8db09da74812bde292eb77d2a68a7897a5571bb7c33ad12264102a
2024-09-30 08:54:54,62,18248f005b7493422ea25abcce7179b6d01446ebce2f14824bfbdbbe7f402bb9
2024-09-30 08:55:01,62,f214df8686dde5873f6737cdf93909d29f9b61e55a05fd900714072e85e7e2d9
2024-09-30 08:55:04,62,18248f005b7493422ea25abcce7179b6d01446ebce2f14824bfbdbbe7f402bb9
2024-09-30 08:55:06,62,01fbae127e8db09da74812bde292eb77d2a68a7897a5571bb7c33ad12264102a
2024-09-30 08:55:06,62,01fbae127e8db09da74812bde292eb77d2a68a7897a5571bb7c33ad12264102a
2024-09-30 08:55:06,62,01fbae127e8db09da74812bde292eb77d2a68a7897a5571bb7c33ad12264102a
2024-09-30 08:55:06,62,01fbae127e8db09da74812bde292eb77d2a68a7897a5571bb7c33ad12264102a
2024-09-30 08:55:29,62,01fbae127e8db09da74812bde292eb77d2a68a7897a5571bb7c33ad12264102a
2024-09-30 08:55:29,62,01fbae127e8db09da74812bde292eb77d2a68a7897a5571bb7c33ad12264102a
2024-09-30 08:55:29,62,01fbae127e8db09da74812bde292eb77d2a68a7897a5571bb7c33ad12264102a
2024-09-30 08:55:29,62,01fbae127e8db09da74812bde292eb77d2a68a7897a5571bb7c33ad12264102a
2024-09-30 08:55:29,62,01fbae127e8db09da74812bde292eb77d2a68a7897a5571bb7c33ad12264102a
2024-09-30 08:55:29,62,01fbae127e8db09da74812bde292eb77d2a68a7897a5571bb7c33ad12264102a
2024-09-30 08:55:30,62,01fbae127e8db09da74812bde292eb77d2a68a7897a5571bb7c33ad12264102a
2024-09-30 08:55:30,62,01fbae127e8db09da74812bde292eb77d2a68a7897a5571bb7c33ad12264102a
2024-09-30 08:55:30,62,01fbae127e8db09da74812bde292eb77d2a68a7897a5571bb7c33ad12264102a
2024-09-30 08:55:30,62,01fbae127e8db09da74812bde292eb77d2a68a7897a5571bb7c33ad12264102a
2024-09-30 08:55:30,62,01fbae127e8db09da74812bde292eb77d2a68a7897a5571bb7c33ad12264102a
2024-09-30 08:55:30,62,01fbae127e8db09da74812bde292eb77d2a68a7897a5571bb7c33ad12264102a
2024-09-30 08:55:49,62,01fbae127e8db09da74812bde292eb77d2a68a7897a5571bb7c33ad12264102a
2024-09-30 08:55:49,62,01fbae127e8db09da74812bde292eb77d2a68a7897a5571bb7c33ad12264102a
2024-09-30 08:55:49,62,18248f005b7493422ea25abcce7179b6d01446ebce2f14824bfbdbbe7f402bb9
2024-09-30 08:55:49,62,18248f005b7493422ea25abcce7179b6d01446ebce2f14824bfbdbbe7f402bb9
2024-09-30 08:55:53,62,ac6bdf2d5686dae420b8fa528fcc9b72514a3cbbdca201fadac306c2091d9b0c
2024-09-30 08:56:16,62,01fbae127e8db09da74812bde292eb77d2a68a7897a5571bb7c33ad12264102a
2024-09-30 08:56:19,62,b259ad7b374273c26bec3567023bb3cef7a54a76409fb3688a4ef5ae3e07d4ba
2024-09-30 08:56:20,62,b259ad7b374273c26bec3567023bb3cef7a54a76409fb3688a4ef5ae3e07d4ba
2024-09-30 08:56:24,62,c81372ca9529ddeb87790ff76f6745ec6870bc09bcdd705d8da7bfde78aed086
2024-09-30 08:56:24,62,c81372ca9529ddeb87790ff76f6745ec6870bc09bcdd705d8da7bfde78aed086
2024-09-30 08:56:27,62,b259ad7b374273c26bec3567023bb3cef7a54a76409fb3688a4ef5ae3e07d4ba
2024-09-30 08:56:27,62,b259ad7b374273c26bec3567023bb3cef7a54a76409fb3688a4ef5ae3e07d4ba
2024-09-30 08:56:33,62,f214df8686dde5873f6737cdf93909d29f9b61e55a05fd900714072e85e7e2d9
2024-09-30 08:56:53,62,ac6bdf2d5686dae420b8fa528fcc9b72514a3cbbdca201fadac306c2091d9b0c
2024-09-30 08:56:53,62,ac6bdf2d5686dae420b8fa528fcc9b72514a3cbbdca201fadac306c2091d9b0c
2024-09-30 08:57:15,62,18248f005b7493422ea25abcce7179b6d01446ebce2f14824bfbdbbe7f402bb9
2024-09-30 08:57:41,62,f214df8686dde5873f6737cdf93909d29f9b61e55a05fd900714072e85e7e2d9
2024-09-30 08:57:50,62,b259ad7b374273c26bec3567023bb3cef7a54a76409fb3688a4ef5ae3e07d4ba
2024-09-30 08:57:50,62,b259ad7b374273c26bec3567023bb3cef7a54a76409fb3688a4ef5ae3e07d4ba
2024-09-30 08:57:52,62,18248f005b7493422ea25abcce7179b6d01446ebce2f14824bfbdbbe7f402bb9
2024-09-30 08:57:52,62,18248f005b7493422ea25abcce7179b6d01446ebce2f14824bfbdbbe7f402bb9
2024-09-30 08:58:10,62,18248f005b7493422ea25abcce7179b6d01446ebce2f14824bfbdbbe7f402bb9
2024-09-30 08:58:10,62,18248f005b7493422ea25abcce7179b6d01446ebce2f14824bfbdbbe7f402bb9
2024-09-30 08:58:10,62,18248f005b7493422ea25abcce7179b6d01446ebce2f14824bfbdbbe7f402bb9
2024-09-30 08:58:29,62,cfd3628f3f0978b4b08767ace5600da5ec04f130fc65e7cce2dc229124efb23a
2024-09-30 08:58:29,62,cfd3628f3f0978b4b08767ace5600da5ec04f130fc65e7cce2dc229124efb23a
2024-09-30 08:58:29,62,cfd3628f3f0978b4b08767ace5600da5ec04f130fc65e7cce2dc229124efb23a
2024-09-30 08:58:29,62,cfd3628f3f0978b4b08767ace5600da5ec04f130fc65e7cce2dc229124efb23a
2024-09-30 08:58:29,62,cfd3628f3f0978b4b08767ace5600da5ec04f130fc65e7cce2dc229124efb23a
2024-09-30 08:58:29,62,cfd3628f3f0978b4b08767ace5600da5ec04f130fc65e7cce2dc229124efb23a
2024-09-30 08:58:29,62,cfd3628f3f0978b4b08767ace5600da5ec04f130fc65e7cce2dc229124efb23a
2024-09-30 08:58:29,62,cfd3628f3f0978b4b08767ace5600da5ec04f130fc65e7cce2dc229124efb23a
2024-09-30 08:58:29,62,cfd3628f3f0978b4b08767ace5600da5ec04f130fc65e7cce2dc229124efb23a
2024-09-30 08:58:29,62,cfd3628f3f0978b4b08767ace5600da5ec04f130fc65e7cce2dc229124efb23a
2024-09-30 08:58:29,62,cfd3628f3f0978b4b08767ace5600da5ec04f130fc65e7cce2dc229124efb23a
2024-09-30 08:58:29,62,cfd3628f3f0978b4b08767ace5600da5ec04f130fc65e7cce2dc229124efb23a
2024-09-30 08:58:29,62,cfd3628f3f0978b4b08767ace5600da5ec04f130fc65e7cce2dc229124efb23a
2024-09-30 08:58:41,62,18248f005b7493422ea25abcce7179b6d01446ebce2f14824bfbdbbe7f402bb9
2024-09-30 08:58:41,62,18248f005b7493422ea25abcce7179b6d01446ebce2f14824bfbdbbe7f402bb9
2024-09-30 08:58:44,62,c81372ca9529ddeb87790ff76f6745ec6870bc09bcdd705d8da7bfde78aed086
2024-09-30 08:58:44,62,c81372ca9529ddeb87790ff76f6745ec6870bc09bcdd705d8da7bfde78aed086
2024-09-30 08:58:44,62,c81372ca9529ddeb87790ff76f6745ec6870bc09bcdd705d8da7bfde78aed086
2024-09-30 08:58:44,62,c81372ca9529ddeb87790ff76f6745ec6870bc09bcdd705d8da7bfde78aed086
2024-09-30 08:58:44,62,c81372ca9529ddeb87790ff76f6745ec6870bc09bcdd705d8da7bfde78aed086
2024-09-30 08:58:53,62,ac6bdf2d5686dae420b8fa528fcc9b72514a3cbbdca201fadac306c2091d9b0c
2024-09-30 08:58:53,62,ac6bdf2d5686dae420b8fa528fcc9b72514a3cbbdca201fadac306c2091d9b0c
2024-09-30 08:59:24,62,18248f005b7493422ea25abcce7179b6d01446ebce2f14824bfbdbbe7f402bb9
2024-09-30 08:59:24,62,18248f005b7493422ea25abcce7179b6d01446ebce2f14824bfbdbbe7f402bb9
2024-09-30 08:59:41,62,01fbae127e8db09da74812bde292eb77d2a68a7897a5571bb7c33ad12264102a
2024-09-30 08:59:41,62,01fbae127e8db09da74812bde292eb77d2a68a7897a5571bb7c33ad12264102a
2024-09-30 08:59:41,62,01fbae127e8db09da74812bde292eb77d2a68a7897a5571bb7c33ad12264102a
2024-09-30 08:59:41,62,01fbae127e8db09da74812bde292eb77d2a68a7897a5571bb7c33ad12264102a
2024-09-30 08:59:41,62,01fbae127e8db09da74812bde292eb77d2a68a7897a5571bb7c33ad12264102a
2024-09-30 08:59:45,62,01fbae127e8db09da74812bde292eb77d2a68a7897a5571bb7c33ad12264102a
2024-09-30 08:59:45,62,01fbae127e8db09da74812bde292eb77d2a68a7897a5571bb7c33ad12264102a
2024-09-30 08:59:45,62,01fbae127e8db09da74812bde292eb77d2a68a7897a5571bb7c33ad12264102a
2024-09-30 09:00:24,62,18248f005b7493422ea25abcce7179b6d01446ebce2f14824bfbdbbe7f402bb9
2024-09-30 09:00:24,62,18248f005b7493422ea25abcce7179b6d01446ebce2f14824bfbdbbe7f402bb9
2024-09-30 09:00:24,62,18248f005b7493422ea25abcce7179b6d01446ebce2f14824bfbdbbe7f402bb9
2024-09-30 09:00:53,62,ac6bdf2d5686dae420b8fa528fcc9b72514a3cbbdca201fadac306c2091d9b0c
2024-09-30 09:01:04,62,c81372ca9529ddeb87790ff76f6745ec6870bc09bcdd705d8da7bfde78aed086
2024-09-30 09:01:04,62,c81372ca9529ddeb87790ff76f6745ec6870bc09bcdd705d8da7bfde78aed086
2024-09-30 09:01:04,62,c81372ca9529ddeb87790ff76f6745ec6870bc09bcdd705d8da7bfde78aed086
2024-09-30 09:01:32,62,f214df8686dde5873f6737cdf93909d29f9b61e55a05fd900714072e85e7e2d9
2024-09-30 09:01:53,62,ac6bdf2d5686dae420b8fa528fcc9b72514a3cbbdca201fadac306c2091d9b0c
2024-09-30 09:02:17,62,01fbae127e8db09da74812bde292eb77d2a68a7897a5571bb7c33ad12264102a
2024-09-30 09:02:17,62,01fbae127e8db09da74812bde292eb77d2a68a7897a5571bb7c33ad12264102a
2024-09-30 09:02:17,62,01fbae127e8db09da74812bde292eb77d2a68a7897a5571bb7c33ad12264102a
2024-09-30 09:02:53,62,ac6bdf2d5686dae420b8fa528fcc9b72514a3cbbdca201fadac306c2091d9b0c
2024-09-30 09:03:01,62,f214df8686dde5873f6737cdf93909d29f9b61e55a05fd900714072e85e7e2d9
2024-09-30 09:03:17,62,18248f005b7493422ea25abcce7179b6d01446ebce2f14824bfbdbbe7f402bb9
2024-09-30 09:03:17,62,906aeabaad2155f5f34d9dfbfeecbb8a3a724f40c3c3464c9f602d324f60cc17
2024-09-30 09:03:17,62,906aeabaad2155f5f34d9dfbfeecbb8a3a724f40c3c3464c9f602d324f60cc17
2024-09-30 09:03:17,62,906aeabaad2155f5f34d9dfbfeecbb8a3a724f40c3c3464c9f602d324f60cc17
2024-09-30 09:03:17,62,906aeabaad2155f5f34d9dfbfeecbb8a3a724f40c3c3464c9f602d324f60cc17
2024-09-30 09:03:24,62,c81372ca9529ddeb87790ff76f6745ec6870bc09bcdd705d8da7bfde78aed086
2024-09-30 09:03:24,62,c81372ca9529ddeb87790ff76f6745ec6870bc09bcdd705d8da7bfde78aed086
2024-09-30 09:03:24,62,c81372ca9529ddeb87790ff76f6745ec6870bc09bcdd705d8da7bfde78aed086
2024-09-30 09:03:24,62,c81372ca9529ddeb87790ff76f6745ec6870bc09bcdd705d8da7bfde78aed086
2024-09-30 09:03:50,62,1ce76d6e4a399cefce3411adf26ebaad7b2ce5e646e97f4d4f477c1743777f08
2024-09-30 09:03:52,62,18248f005b7493422ea25abcce7179b6d01446ebce2f14824bfbdbbe7f402bb9
2024-09-30 09:03:52,62,18248f005b7493422ea25abcce7179b6d01446ebce2f14824bfbdbbe7f402bb9
2024-09-30 09:03:53,62,ac6bdf2d5686dae420b8fa528fcc9b72514a3cbbdca201fadac306c2091d9b0c
2024-09-30 09:04:06,62,18248f005b7493422ea25abcce7179b6d01446ebce2f14824bfbdbbe7f402bb9
2024-09-30 09:04:13,62,01fbae127e8db09da74812bde292eb77d2a68a7897a5571bb7c33ad12264102a
2024-09-30 09:04:13,62,01fbae127e8db09da74812bde292eb77d2a68a7897a5571bb7c33ad12264102a
2024-09-30 09:04:22,62,b259ad7b374273c26bec3567023bb3cef7a54a76409fb3688a4ef5ae3e07d4ba
2024-09-30 09:04:22,62,b259ad7b374273c26bec3567023bb3cef7a54a76409fb3688a4ef5ae3e07d4ba
2024-09-30 09:04:34,62,b259ad7b374273c26bec3567023bb3cef7a54a76409fb3688a4ef5ae3e07d4ba
2024-09-30 09:04:36,62,18248f005b7493422ea25abcce7179b6d01446ebce2f14824bfbdbbe7f402bb9
2024-09-30 09:04:36,62,18248f005b7493422ea25abcce7179b6d01446ebce2f14824bfbdbbe7f402bb9
2024-09-30 09:04:36,62,18248f005b7493422ea25abcce7179b6d01446ebce2f14824bfbdbbe7f402bb9
2024-09-30 09:04:44,62,c81372ca9529ddeb87790ff76f6745ec6870bc09bcdd705d8da7bfde78aed086
2024-09-30 09:04:44,62,c81372ca9529ddeb87790ff76f6745ec6870bc09bcdd705d8da7bfde78aed086
2024-09-30 09:04:44,62,c81372ca9529ddeb87790ff76f6745ec6870bc09bcdd705d8da7bfde78aed086
2024-09-30 09:04:44,62,c81372ca9529ddeb87790ff76f6745ec6870bc09bcdd705d8da7bfde78aed086
2024-09-30 09:04:44,62,c81372ca9529ddeb87790ff76f6745ec6870bc09bcdd705d8da7bfde78aed086
2024-09-30 09:04:44,62,c81372ca9529ddeb87790ff76f6745ec6870bc09bcdd705d8da7bfde78aed086
2024-09-30 09:04:44,62,c81372ca9529ddeb87790ff76f6745ec6870bc09bcdd705d8da7bfde78aed086
2024-09-30 09:04:44,62,c81372ca9529ddeb87790ff76f6745ec6870bc09bcdd705d8da7bfde78aed086
2024-09-30 09:04:44,62,c81372ca9529ddeb87790ff76f6745ec6870bc09bcdd705d8da7bfde78aed086
2024-09-30 09:05:06,62,18248f005b7493422ea25abcce7179b6d01446ebce2f14824bfbdbbe7f402bb9
2024-09-30 09:05:33,62,01fbae127e8db09da74812bde292eb77d2a68a7897a5571bb7c33ad12264102a
2024-09-30 09:05:33,62,01fbae127e8db09da74812bde292eb77d2a68a7897a5571bb7c33ad12264102a
2024-09-30 09:05:33,62,01fbae127e8db09da74812bde292eb77d2a68a7897a5571bb7c33ad12264102a
2024-09-30 09:05:33,62,01fbae127e8db09da74812bde292eb77d2a68a7897a5571bb7c33ad12264102a
2024-09-30 09:05:33,62,01fbae127e8db09da74812bde292eb77d2a68a7897a5571bb7c33ad12264102a
2024-09-30 09:05:44,62,c81372ca9529ddeb87790ff76f6745ec6870bc09bcdd705d8da7bfde78aed086
2024-09-30 09:05:44,62,c81372ca9529ddeb87790ff76f6745ec6870bc09bcdd705d8da7bfde78aed086
2024-09-30 09:05:44,62,c81372ca9529ddeb87790ff76f6745ec6870bc09bcdd705d8da7bfde78aed086
2024-09-30 09:05:53,62,ac6bdf2d5686dae420b8fa528fcc9b72514a3cbbdca201fadac306c2091d9b0c
2024-09-30 09:05:53,62,ac6bdf2d5686dae420b8fa528fcc9b72514a3cbbdca201fadac306c2091d9b0c
2024-09-30 09:06:10,62,18248f005b7493422ea25abcce7179b6d01446ebce2f14824bfbdbbe7f402bb9
2024-09-30 09:06:10,62,18248f005b7493422ea25abcce7179b6d01446ebce2f14824bfbdbbe7f402bb9
2024-09-30 09:07:02,62,18248f005b7493422ea25abcce7179b6d01446ebce2f14824bfbdbbe7f402bb9
2024-09-30 09:07:44,62,c81372ca9529ddeb87790ff76f6745ec6870bc09bcdd705d8da7bfde78aed086
2024-09-30 09:08:24,62,01fbae127e8db09da74812bde292eb77d2a68a7897a5571bb7c33ad12264102a
2024-09-30 09:08:27,62,18248f005b7493422ea25abcce7179b6d01446ebce2f14824bfbdbbe7f402bb9
2024-09-30 09:08:27,62,18248f005b7493422ea25abcce7179b6d01446ebce2f14824bfbdbbe7f402bb9
2024-09-30 09:08:27,62,18248f005b7493422ea25abcce7179b6d01446ebce2f14824bfbdbbe7f402bb9
2024-09-30 09:08:38,62,18248f005b7493422ea25abcce7179b6d01446ebce2f14824bfbdbbe7f402bb9
2024-09-30 09:08:38,62,18248f005b7493422ea25abcce7179b6d01446ebce2f14824bfbdbbe7f402bb9
2024-09-30 09:08:38,62,18248f005b7493422ea25abcce7179b6d01446ebce2f14824bfbdbbe7f402bb9
2024-09-30 09:08:53,62,ac6bdf2d5686dae420b8fa528fcc9b72514a3cbbdca201fadac306c2091d9b0c
2024-09-30 09:09:21,62,18248f005b7493422ea25abcce7179b6d01446ebce2f14824bfbdbbe7f402bb9
2024-09-30 09:09:28,62,18248f005b7493422ea25abcce7179b6d01446ebce2f14824bfbdbbe7f402bb9
2024-09-30 09:09:28,62,18248f005b7493422ea25abcce7179b6d01446ebce2f14824bfbdbbe7f402bb9
2024-09-30 09:09:53,62,ac6bdf2d5686dae420b8fa528fcc9b72514a3cbbdca201fadac306c2091d9b0c
2024-09-30 09:09:54,62,18248f005b7493422ea25abcce7179b6d01446ebce2f14824bfbdbbe7f402bb9
2024-09-30 09:09:54,62,18248f005b7493422ea25abcce7179b6d01446ebce2f14824bfbdbbe7f402bb9
2024-09-30 09:10:04,62,c81372ca9529ddeb87790ff76f6745ec6870bc09bcdd705d8da7bfde78aed086
2024-09-30 09:10:04,62,c81372ca9529ddeb87790ff76f6745ec6870bc09bcdd705d8da7bfde78aed086
2024-09-30 09:10:04,62,c81372ca9529ddeb87790ff76f6745ec6870bc09bcdd705d8da7bfde78aed086
2024-09-30 09:10:08,62,18248f005b7493422ea25abcce7179b6d01446ebce2f14824bfbdbbe7f402bb9
2024-09-30 09:10:08,62,18248f005b7493422ea25abcce7179b6d01446ebce2f14824bfbdbbe7f402bb9
2024-09-30 09:10:13,62,c6ffb1e5f828f4df8e99097f27d25253f28fd48e08006ae8770339d55290d121
2024-09-30 09:10:38,62,18248f005b7493422ea25abcce7179b6d01446ebce2f14824bfbdbbe7f402bb9
2024-09-30 09:10:44,62,c81372ca9529ddeb87790ff76f6745ec6870bc09bcdd705d8da7bfde78aed086
2024-09-30 09:10:44,62,c81372ca9529ddeb87790ff76f6745ec6870bc09bcdd705d8da7bfde78aed086
2024-09-30 09:10:44,62,c81372ca9529ddeb87790ff76f6745ec6870bc09bcdd705d8da7bfde78aed086
2024-09-30 09:10:44,62,c81372ca9529ddeb87790ff76f6745ec6870bc09bcdd705d8da7bfde78aed086
2024-09-30 09:10:44,62,c81372ca9529ddeb87790ff76f6745ec6870bc09bcdd705d8da7bfde78aed086
2024-09-30 09:10:44,62,c81372ca9529ddeb87790ff76f6745ec6870bc09bcdd705d8da7bfde78aed086
2024-09-30 09:10:53,62,ac6bdf2d5686dae420b8fa528fcc9b72514a3cbbdca201fadac306c2091d9b0c
2024-09-30 09:10:59,62,18248f005b7493422ea25abcce7179b6d01446ebce2f14824bfbdbbe7f402bb9
2024-09-30 09:10:59,62,18248f005b7493422ea25abcce7179b6d01446ebce2f14824bfbdbbe7f402bb9
2024-09-30 09:11:00,62,18248f005b7493422ea25abcce7179b6d01446ebce2f14824bfbdbbe7f402bb9
2024-09-30 09:11:00,62,18248f005b7493422ea25abcce7179b6d01446ebce2f14824bfbdbbe7f402bb9
2024-09-30 09:11:06,62,01fbae127e8db09da74812bde292eb77d2a68a7897a5571bb7c33ad12264102a
2024-09-30 09:11:06,62,01fbae127e8db09da74812bde292eb77d2a68a7897a5571bb7c33ad12264102a
2024-09-30 09:11:29,62,18248f005b7493422ea25abcce7179b6d01446ebce2f14824bfbdbbe7f402bb9
2024-09-30 09:11:29,62,18248f005b7493422ea25abcce7179b6d01446ebce2f14824bfbdbbe7f402bb9
2024-09-30 09:11:29,62,18248f005b7493422ea25abcce7179b6d01446ebce2f14824bfbdbbe7f402bb9
2024-09-30 09:11:52,62,01fbae127e8db09da74812bde292eb77d2a68a7897a5571bb7c33ad12264102a
2024-09-30 09:11:53,62,01fbae127e8db09da74812bde292eb77d2a68a7897a5571bb7c33ad12264102a
2024-09-30 09:11:53,62,ac6bdf2d5686dae420b8fa528fcc9b72514a3cbbdca201fadac306c2091d9b0c
2024-09-30 09:11:53,62,ac6bdf2d5686dae420b8fa528fcc9b72514a3cbbdca201fadac306c2091d9b0c
2024-09-30 09:12:02,62,01fbae127e8db09da74812bde292eb77d2a68a7897a5571bb7c33ad12264102a
2024-09-30 09:12:02,62,01fbae127e8db09da74812bde292eb77d2a68a7897a5571bb7c33ad12264102a
2024-09-30 09:12:02,62,01fbae127e8db09da74812bde292eb77d2a68a7897a5571bb7c33ad12264102a
2024-09-30 09:12:17,62,18248f005b7493422ea25abcce7179b6d01446ebce2f14824bfbdbbe7f402bb9
2024-09-30 09:12:17,62,18248f005b7493422ea25abcce7179b6d01446ebce2f14824bfbdbbe7f402bb9
2024-09-30 09:12:17,62,18248f005b7493422ea25abcce7179b6d01446ebce2f14824bfbdbbe7f402bb9
2024-09-30 09:12:18,62,18248f005b7493422ea25abcce7179b6d01446ebce2f14824bfbdbbe7f402bb9
2024-09-30 09:12:24,62,c81372ca9529ddeb87790ff76f6745ec6870bc09bcdd705d8da7bfde78aed086
2024-09-30 09:12:24,62,c81372ca9529ddeb87790ff76f6745ec6870bc09bcdd705d8da7bfde78aed086
2024-09-30 09:12:24,62,ac6bdf2d5686dae420b8fa528fcc9b72514a3cbbdca201fadac306c2091d9b0c
2024-09-30 09:12:24,62,ac6bdf2d5686dae420b8fa528fcc9b72514a3cbbdca201fadac306c2091d9b0c
2024-09-30 09:12:24,62,ac6bdf2d5686dae420b8fa528fcc9b72514a3cbbdca201fadac306c2091d9b0c
2024-09-30 09:12:24,62,ac6bdf2d5686dae420b8fa528fcc9b72514a3cbbdca201fadac306c2091d9b0c
2024-09-30 09:12:32,62,01fbae127e8db09da74812bde292eb77d2a68a7897a5571bb7c33ad12264102a
2024-09-30 09:12:32,62,01fbae127e8db09da74812bde292eb77d2a68a7897a5571bb7c33ad12264102a
2024-09-30 09:12:32,62,01fbae127e8db09da74812bde292eb77d2a68a7897a5571bb7c33ad12264102a
2024-09-30 09:12:36,62,01fbae127e8db09da74812bde292eb77d2a68a7897a5571bb7c33ad12264102a
2024-09-30 09:12:36,62,01fbae127e8db09da74812bde292eb77d2a68a7897a5571bb7c33ad12264102a
2024-09-30 09:12:53,62,ac6bdf2d5686dae420b8fa528fcc9b72514a3cbbdca201fadac306c2091d9b0c
2024-09-30 09:12:53,62,ac6bdf2d5686dae420b8fa528fcc9b72514a3cbbdca201fadac306c2091d9b0c
2024-09-30 09:12:58,62,01fbae127e8db09da74812bde292eb77d2a68a7897a5571bb7c33ad12264102a
2024-09-30 09:12:58,62,01fbae127e8db09da74812bde292eb77d2a68a7897a5571bb7c33ad12264102a
2024-09-30 09:13:04,62,01fbae127e8db09da74812bde292eb77d2a68a7897a5571bb7c33ad12264102a
2024-09-30 09:13:04,62,01fbae127e8db09da74812bde292eb77d2a68a7897a5571bb7c33ad12264102a
2024-09-30 09:13:11,62,01fbae127e8db09da74812bde292eb77d2a68a7897a5571bb7c33ad12264102a
2024-09-30 09:13:11,62,01fbae127e8db09da74812bde292eb77d2a68a7897a5571bb7c33ad12264102a
2024-09-30 09:13:11,62,01fbae127e8db09da74812bde292eb77d2a68a7897a5571bb7c33ad12264102a
2024-09-30 09:13:24,62,18248f005b7493422ea25abcce7179b6d01446ebce2f14824bfbdbbe7f402bb9
2024-09-30 09:13:25,62,18248f005b7493422ea25abcce7179b6d01446ebce2f14824bfbdbbe7f402bb9
2024-09-30 09:13:25,62,18248f005b7493422ea25abcce7179b6d01446ebce2f14824bfbdbbe7f402bb9
2024-09-30 09:13:25,62,18248f005b7493422ea25abcce7179b6d01446ebce2f14824bfbdbbe7f402bb9
2024-09-30 09:13:27,62,18248f005b7493422ea25abcce7179b6d01446ebce2f14824bfbdbbe7f402bb9
2024-09-30 09:13:38,62,18248f005b7493422ea25abcce7179b6d01446ebce2f14824bfbdbbe7f402bb9
2024-09-30 09:13:38,62,18248f005b7493422ea25abcce7179b6d01446ebce2f14824bfbdbbe7f402bb9
2024-09-30 09:13:41,62,f214df8686dde5873f6737cdf93909d29f9b61e55a05fd900714072e85e7e2d9
2024-09-30 09:13:41,62,f214df8686dde5873f6737cdf93909d29f9b61e55a05fd900714072e85e7e2d9
2024-09-30 09:13:41,62,f214df8686dde5873f6737cdf93909d29f9b61e55a05fd900714072e85e7e2d9
2024-09-30 09:13:41,62,f214df8686dde5873f6737cdf93909d29f9b61e55a05fd900714072e85e7e2d9
2024-09-30 09:14:12,62,18248f005b7493422ea25abcce7179b6d01446ebce2f14824bfbdbbe7f402bb9
2024-09-30 09:14:44,62,c81372ca9529ddeb87790ff76f6745ec6870bc09bcdd705d8da7bfde78aed086
2024-09-30 09:14:47,62,18248f005b7493422ea25abcce7179b6d01446ebce2f14824bfbdbbe7f402bb9
2024-09-30 09:14:47,62,18248f005b7493422ea25abcce7179b6d01446ebce2f14824bfbdbbe7f402bb9
2024-09-30 09:14:48,62,18248f005b7493422ea25abcce7179b6d01446ebce2f14824bfbdbbe7f402bb9
2024-09-30 09:14:51,62,18248f005b7493422ea25abcce7179b6d01446ebce2f14824bfbdbbe7f402bb9
2024-09-30 09:15:00,62,18248f005b7493422ea25abcce7179b6d01446ebce2f14824bfbdbbe7f402bb9
2024-09-30 09:15:17,62,18248f005b7493422ea25abcce7179b6d01446ebce2f14824bfbdbbe7f402bb9
2024-09-30 09:15:17,62,18248f005b7493422ea25abcce7179b6d01446ebce2f14824bfbdbbe7f402bb9
2024-09-30 09:15:43,62,18248f005b7493422ea25abcce7179b6d01446ebce2f14824bfbdbbe7f402bb9
2024-09-30 09:15:48,62,18248f005b7493422ea25abcce7179b6d01446ebce2f14824bfbdbbe7f402bb9
2024-09-30 09:15:52,62,bb77db1cfa0250872b2a983259ec0a263ff4d133554b75ed8c7b5ad48907b81e
2024-09-30 09:15:52,62,bb77db1cfa0250872b2a983259ec0a263ff4d133554b75ed8c7b5ad48907b81e
2024-09-30 09:15:52,62,bb77db1cfa0250872b2a983259ec0a263ff4d133554b75ed8c7b5ad48907b81e
2024-09-30 09:15:52,62,bb77db1cfa0250872b2a983259ec0a263ff4d133554b75ed8c7b5ad48907b81e
2024-09-30 09:16:05,62,18248f005b7493422ea25abcce7179b6d01446ebce2f14824bfbdbbe7f402bb9
2024-09-30 09:16:05,62,18248f005b7493422ea25abcce7179b6d01446ebce2f14824bfbdbbe7f402bb9
2024-09-30 09:16:12,62,18248f005b7493422ea25abcce7179b6d01446ebce2f14824bfbdbbe7f402bb9
2024-09-30 09:16:12,62,18248f005b7493422ea25abcce7179b6d01446ebce2f14824bfbdbbe7f402bb9
2024-09-30 09:16:12,62,18248f005b7493422ea25abcce7179b6d01446ebce2f14824bfbdbbe7f402bb9
2024-09-30 09:16:12,62,18248f005b7493422ea25abcce7179b6d01446ebce2f14824bfbdbbe7f402bb9
2024-09-30 09:16:12,62,1afe1637b9f98883a0da64167b0f98da338c239c2ef656fc3ef95d01e9fa38ce
2024-09-30 09:16:12,62,1afe1637b9f98883a0da64167b0f98da338c239c2ef656fc3ef95d01e9fa38ce
2024-09-30 09:16:33,62,f214df8686dde5873f6737cdf93909d29f9b61e55a05fd900714072e85e7e2d9
2024-09-30 09:16:33,62,f214df8686dde5873f6737cdf93909d29f9b61e55a05fd900714072e85e7e2d9
2024-09-30 09:16:33,62,f214df8686dde5873f6737cdf93909d29f9b61e55a05fd900714072e85e7e2d9
2024-09-30 09:16:39,62,18248f005b7493422ea25abcce7179b6d01446ebce2f14824bfbdbbe7f402bb9
2024-09-30 09:16:39,62,18248f005b7493422ea25abcce7179b6d01446ebce2f14824bfbdbbe7f402bb9
2024-09-30 09:16:44,62,c81372ca9529ddeb87790ff76f6745ec6870bc09bcdd705d8da7bfde78aed086
2024-09-30 09:16:44,62,c81372ca9529ddeb87790ff76f6745ec6870bc09bcdd705d8da7bfde78aed086
2024-09-30 09:16:44,62,c81372ca9529ddeb87790ff76f6745ec6870bc09bcdd705d8da7bfde78aed086
2024-09-30 09:16:44,62,c81372ca9529ddeb87790ff76f6745ec6870bc09bcdd705d8da7bfde78aed086
2024-09-30 09:16:44,62,c81372ca9529ddeb87790ff76f6745ec6870bc09bcdd705d8da7bfde78aed086
2024-09-30 09:16:44,62,c81372ca9529ddeb87790ff76f6745ec6870bc09bcdd705d8da7bfde78aed086
2024-09-30 09:16:44,62,c81372ca9529ddeb87790ff76f6745ec6870bc09bcdd705d8da7bfde78aed086
2024-09-30 09:16:44,62,c81372ca9529ddeb87790ff76f6745ec6870bc09bcdd705d8da7bfde78aed086
2024-09-30 09:16:52,62,18248f005b7493422ea25abcce7179b6d01446ebce2f14824bfbdbbe7f402bb9
2024-09-30 09:16:52,62,18248f005b7493422ea25abcce7179b6d01446ebce2f14824bfbdbbe7f402bb9
2024-09-30 09:16:53,62,18248f005b7493422ea25abcce7179b6d01446ebce2f14824bfbdbbe7f402bb9
2024-09-30 09:16:53,62,18248f005b7493422ea25abcce7179b6d01446ebce2f14824bfbdbbe7f402bb9
2024-09-30 09:16:53,62,ac6bdf2d5686dae420b8fa528fcc9b72514a3cbbdca201fadac306c2091d9b0c
2024-09-30 09:16:53,62,18248f005b7493422ea25abcce7179b6d01446ebce2f14824bfbdbbe7f402bb9
2024-09-30 09:16:53,62,18248f005b7493422ea25abcce7179b6d01446ebce2f14824bfbdbbe7f402bb9
2024-09-30 09:17:04,62,18248f005b7493422ea25abcce7179b6d01446ebce2f14824bfbdbbe7f402bb9
2024-09-30 09:17:04,62,c81372ca9529ddeb87790ff76f6745ec6870bc09bcdd705d8da7bfde78aed086
2024-09-30 09:17:47,62,18248f005b7493422ea25abcce7179b6d01446ebce2f14824bfbdbbe7f402bb9
2024-09-30 09:17:53,62,ac6bdf2d5686dae420b8fa528fcc9b72514a3cbbdca201fadac306c2091d9b0c
2024-09-30 09:17:59,62,01fbae127e8db09da74812bde292eb77d2a68a7897a5571bb7c33ad12264102a
2024-09-30 09:17:59,62,01fbae127e8db09da74812bde292eb77d2a68a7897a5571bb7c33ad12264102a
2024-09-30 09:17:59,62,01fbae127e8db09da74812bde292eb77d2a68a7897a5571bb7c33ad12264102a
2024-09-30 09:18:11,62,18248f005b7493422ea25abcce7179b6d01446ebce2f14824bfbdbbe7f402bb9
2024-09-30 09:18:11,62,18248f005b7493422ea25abcce7179b6d01446ebce2f14824bfbdbbe7f402bb9
2024-09-30 09:18:24,62,01fbae127e8db09da74812bde292eb77d2a68a7897a5571bb7c33ad12264102a
2024-09-30 09:18:24,62,01fbae127e8db09da74812bde292eb77d2a68a7897a5571bb7c33ad12264102a
2024-09-30 09:18:24,62,01fbae127e8db09da74812bde292eb77d2a68a7897a5571bb7c33ad12264102a
2024-09-30 09:18:24,62,01fbae127e8db09da74812bde292eb77d2a68a7897a5571bb7c33ad12264102a
2024-09-30 09:18:31,62,b259ad7b374273c26bec3567023bb3cef7a54a76409fb3688a4ef5ae3e07d4ba
2024-09-30 09:18:31,62,b259ad7b374273c26bec3567023bb3cef7a54a76409fb3688a4ef5ae3e07d4ba
2024-09-30 09:18:53,62,01fbae127e8db09da74812bde292eb77d2a68a7897a5571bb7c33ad12264102a
2024-09-30 09:18:53,62,01fbae127e8db09da74812bde292eb77d2a68a7897a5571bb7c33ad12264102a
2024-09-30 09:18:53,62,01fbae127e8db09da74812bde292eb77d2a68a7897a5571bb7c33ad12264102a
2024-09-30 09:18:53,62,01fbae127e8db09da74812bde292eb77d2a68a7897a5571bb7c33ad12264102a
2024-09-30 09:18:53,62,ac6bdf2d5686dae420b8fa528fcc9b72514a3cbbdca201fadac306c2091d9b0c
2024-09-30 09:19:12,62,18248f005b7493422ea25abcce7179b6d01446ebce2f14824bfbdbbe7f402bb9
2024-09-30 09:19:12,62,18248f005b7493422ea25abcce7179b6d01446ebce2f14824bfbdbbe7f402bb9
2024-09-30 09:19:15,62,18248f005b7493422ea25abcce7179b6d01446ebce2f14824bfbdbbe7f402bb9
2024-09-30 09:19:15,62,18248f005b7493422ea25abcce7179b6d01446ebce2f14824bfbdbbe7f402bb9
2024-09-30 09:19:18,62,01fbae127e8db09da74812bde292eb77d2a68a7897a5571bb7c33ad12264102a
2024-09-30 09:19:18,62,01fbae127e8db09da74812bde292eb77d2a68a7897a5571bb7c33ad12264102a
2024-09-30 09:19:18,62,01fbae127e8db09da74812bde292eb77d2a68a7897a5571bb7c33ad12264102a
2024-09-30 09:19:18,62,01fbae127e8db09da74812bde292eb77d2a68a7897a5571bb7c33ad12264102a
2024-09-30 09:19:19,62,01fbae127e8db09da74812bde292eb77d2a68a7897a5571bb7c33ad12264102a
2024-09-30 09:19:19,62,01fbae127e8db09da74812bde292eb77d2a68a7897a5571bb7c33ad12264102a
2024-09-30 09:19:29,62,60c4422cad386a910f9b02af24a893b0234895471867c9df5b7e166e3abb6814
2024-09-30 09:19:29,62,60c4422cad386a910f9b02af24a893b0234895471867c9df5b7e166e3abb6814
2024-09-30 09:19:29,62,60c4422cad386a910f9b02af24a893b0234895471867c9df5b7e166e3abb6814
2024-09-30 09:19:29,62,60c4422cad386a910f9b02af24a893b0234895471867c9df5b7e166e3abb6814
2024-09-30 09:19:47,62,18248f005b7493422ea25abcce7179b6d01446ebce2f14824bfbdbbe7f402bb9
2024-09-30 09:19:47,62,18248f005b7493422ea25abcce7179b6d01446ebce2f14824bfbdbbe7f402bb9
2024-09-30 09:19:47,62,18248f005b7493422ea25abcce7179b6d01446ebce2f14824bfbdbbe7f402bb9
2024-09-30 09:19:47,62,18248f005b7493422ea25abcce7179b6d01446ebce2f14824bfbdbbe7f402bb9
2024-09-30 09:19:53,62,ac6bdf2d5686dae420b8fa528fcc9b72514a3cbbdca201fadac306c2091d9b0c
2024-09-30 09:20:22,62,01fbae127e8db09da74812bde292eb77d2a68a7897a5571bb7c33ad12264102a
2024-09-30 09:20:22,62,01fbae127e8db09da74812bde292eb77d2a68a7897a5571bb7c33ad12264102a
2024-09-30 09:20:22,62,01fbae127e8db09da74812bde292eb77d2a68a7897a5571bb7c33ad12264102a
2024-09-30 09:20:22,62,01fbae127e8db09da74812bde292eb77d2a68a7897a5571bb7c33ad12264102a
2024-09-30 09:20:27,62,18248f005b7493422ea25abcce7179b6d01446ebce2f14824bfbdbbe7f402bb9
2024-09-30 09:20:27,62,18248f005b7493422ea25abcce7179b6d01446ebce2f14824bfbdbbe7f402bb9
2024-09-30 09:20:48,62,01fbae127e8db09da74812bde292eb77d2a68a7897a5571bb7c33ad12264102a
2024-09-30 09:20:48,62,01fbae127e8db09da74812bde292eb77d2a68a7897a5571bb7c33ad12264102a
2024-09-30 09:20:48,62,01fbae127e8db09da74812bde292eb77d2a68a7897a5571bb7c33ad12264102a
2024-09-30 09:20:48,62,01fbae127e8db09da74812bde292eb77d2a68a7897a5571bb7c33ad12264102a
2024-09-30 09:20:48,62,01fbae127e8db09da74812bde292eb77d2a68a7897a5571bb7c33ad12264102a
2024-09-30 09:21:01,62,01fbae127e8db09da74812bde292eb77d2a68a7897a5571bb7c33ad12264102a
2024-09-30 09:21:01,62,01fbae127e8db09da74812bde292eb77d2a68a7897a5571bb7c33ad12264102a
2024-09-30 09:21:01,62,01fbae127e8db09da74812bde292eb77d2a68a7897a5571bb7c33ad12264102a
2024-09-30 09:21:01,62,01fbae127e8db09da74812bde292eb77d2a68a7897a5571bb7c33ad12264102a
2024-09-30 09:21:18,62,18248f005b7493422ea25abcce7179b6d01446ebce2f14824bfbdbbe7f402bb9
2024-09-30 09:21:18,62,18248f005b7493422ea25abcce7179b6d01446ebce2f14824bfbdbbe7f402bb9
2024-09-30 09:21:18,62,18248f005b7493422ea25abcce7179b6d01446ebce2f14824bfbdbbe7f402bb9
2024-09-30 09:21:42,62,01fbae127e8db09da74812bde292eb77d2a68a7897a5571bb7c33ad12264102a
2024-09-30 09:21:42,62,01fbae127e8db09da74812bde292eb77d2a68a7897a5571bb7c33ad12264102a
2024-09-30 09:21:42,62,01fbae127e8db09da74812bde292eb77d2a68a7897a5571bb7c33ad12264102a
2024-09-30 09:21:51,62,18248f005b7493422ea25abcce7179b6d01446ebce2f14824bfbdbbe7f402bb9
2024-09-30 09:21:51,62,18248f005b7493422ea25abcce7179b6d01446ebce2f14824bfbdbbe7f402bb9
2024-09-30 09:21:51,62,18248f005b7493422ea25abcce7179b6d01446ebce2f14824bfbdbbe7f402bb9
2024-09-30 09:21:51,62,18248f005b7493422ea25abcce7179b6d01446ebce2f14824bfbdbbe7f402bb9
2024-09-30 09:21:53,62,ac6bdf2d5686dae420b8fa528fcc9b72514a3cbbdca201fadac306c2091d9b0c
2024-09-30 09:22:00,62,18248f005b7493422ea25abcce7179b6d01446ebce2f14824bfbdbbe7f402bb9
2024-09-30 09:22:35,62,18248f005b7493422ea25abcce7179b6d01446ebce2f14824bfbdbbe7f402bb9
2024-09-30 09:22:35,62,18248f005b7493422ea25abcce7179b6d01446ebce2f14824bfbdbbe7f402bb9
2024-09-30 09:22:35,62,18248f005b7493422ea25abcce7179b6d01446ebce2f14824bfbdbbe7f402bb9
2024-09-30 09:22:38,62,01fbae127e8db09da74812bde292eb77d2a68a7897a5571bb7c33ad12264102a
2024-09-30 09:22:38,62,01fbae127e8db09da74812bde292eb77d2a68a7897a5571bb7c33ad12264102a
2024-09-30 09:22:38,62,01fbae127e8db09da74812bde292eb77d2a68a7897a5571bb7c33ad12264102a
2024-09-30 09:22:38,62,01fbae127e8db09da74812bde292eb77d2a68a7897a5571bb7c33ad12264102a
2024-09-30 09:22:54,62,18248f005b7493422ea25abcce7179b6d01446ebce2f14824bfbdbbe7f402bb9
2024-09-30 09:22:54,62,18248f005b7493422ea25abcce7179b6d01446ebce2f14824bfbdbbe7f402bb9
2024-09-30 09:22:54,62,18248f005b7493422ea25abcce7179b6d01446ebce2f14824bfbdbbe7f402bb9
2024-09-30 09:22:54,62,18248f005b7493422ea25abcce7179b6d01446ebce2f14824bfbdbbe7f402bb9
2024-09-30 09:22:54,62,18248f005b7493422ea25abcce7179b6d01446ebce2f14824bfbdbbe7f402bb9
2024-09-30 09:22:54,62,18248f005b7493422ea25abcce7179b6d01446ebce2f14824bfbdbbe7f402bb9
2024-09-30 09:23:08,62,18248f005b7493422ea25abcce7179b6d01446ebce2f14824bfbdbbe7f402bb9
2024-09-30 09:23:08,62,18248f005b7493422ea25abcce7179b6d01446ebce2f14824bfbdbbe7f402bb9
2024-09-30 09:23:30,62,01fbae127e8db09da74812bde292eb77d2a68a7897a5571bb7c33ad12264102a
2024-09-30 09:23:30,62,01fbae127e8db09da74812bde292eb77d2a68a7897a5571bb7c33ad12264102a
2024-09-30 09:23:30,62,01fbae127e8db09da74812bde292eb77d2a68a7897a5571bb7c33ad12264102a
2024-09-30 09:23:31,62,01fbae127e8db09da74812bde292eb77d2a68a7897a5571bb7c33ad12264102a
2024-09-30 09:23:31,62,01fbae127e8db09da74812bde292eb77d2a68a7897a5571bb7c33ad12264102a
2024-09-30 09:23:53,62,ac6bdf2d5686dae420b8fa528fcc9b72514a3cbbdca201fadac306c2091d9b0c
2024-09-30 09:24:08,62,01fbae127e8db09da74812bde292eb77d2a68a7897a5571bb7c33ad12264102a
2024-09-30 09:24:08,62,01fbae127e8db09da74812bde292eb77d2a68a7897a5571bb7c33ad12264102a
2024-09-30 09:24:08,62,01fbae127e8db09da74812bde292eb77d2a68a7897a5571bb7c33ad12264102a
2024-09-30 09:24:08,62,01fbae127e8db09da74812bde292eb77d2a68a7897a5571bb7c33ad12264102a
2024-09-30 09:24:08,62,01fbae127e8db09da74812bde292eb77d2a68a7897a5571bb7c33ad12264102a
2024-09-30 09:24:09,62,01fbae127e8db09da74812bde292eb77d2a68a7897a5571bb7c33ad12264102a
2024-09-30 09:24:09,62,01fbae127e8db09da74812bde292eb77d2a68a7897a5571bb7c33ad12264102a
2024-09-30 09:24:13,62,18248f005b7493422ea25abcce7179b6d01446ebce2f14824bfbdbbe7f402bb9
2024-09-30 09:24:13,62,18248f005b7493422ea25abcce7179b6d01446ebce2f14824bfbdbbe7f402bb9
2024-09-30 09:24:13,62,18248f005b7493422ea25abcce7179b6d01446ebce2f14824bfbdbbe7f402bb9
2024-09-30 09:24:13,62,18248f005b7493422ea25abcce7179b6d01446ebce2f14824bfbdbbe7f402bb9
2024-09-30 09:24:23,62,18248f005b7493422ea25abcce7179b6d01446ebce2f14824bfbdbbe7f402bb9
2024-09-30 09:24:23,62,18248f005b7493422ea25abcce7179b6d01446ebce2f14824bfbdbbe7f402bb9
2024-09-30 09:24:27,62,18248f005b7493422ea25abcce7179b6d01446ebce2f14824bfbdbbe7f402bb9
2024-09-30 09:24:27,62,18248f005b7493422ea25abcce7179b6d01446ebce2f14824bfbdbbe7f402bb9
2024-09-30 09:24:35,62,01fbae127e8db09da74812bde292eb77d2a68a7897a5571bb7c33ad12264102a
2024-09-30 09:24:36,62,01fbae127e8db09da74812bde292eb77d2a68a7897a5571bb7c33ad12264102a
2024-09-30 09:24:36,62,01fbae127e8db09da74812bde292eb77d2a68a7897a5571bb7c33ad12264102a
2024-09-30 09:24:36,62,01fbae127e8db09da74812bde292eb77d2a68a7897a5571bb7c33ad12264102a
2024-09-30 09:24:36,62,01fbae127e8db09da74812bde292eb77d2a68a7897a5571bb7c33ad12264102a
2024-09-30 09:24:53,62,ac6bdf2d5686dae420b8fa528fcc9b72514a3cbbdca201fadac306c2091d9b0c
2024-09-30 09:25:12,62,92dec0a03d236b1673c65fd213be5f229f5bd4074d40b53ff471c1af5b5a99bb
2024-09-30 09:25:33,62,18248f005b7493422ea25abcce7179b6d01446ebce2f14824bfbdbbe7f402bb9
2024-09-30 09:25:52,62,b259ad7b374273c26bec3567023bb3cef7a54a76409fb3688a4ef5ae3e07d4ba
2024-09-30 09:25:52,62,b259ad7b374273c26bec3567023bb3cef7a54a76409fb3688a4ef5ae3e07d4ba
2024-09-30 09:25:53,62,ac6bdf2d5686dae420b8fa528fcc9b72514a3cbbdca201fadac306c2091d9b0c
2024-09-30 09:26:20,62,18248f005b7493422ea25abcce7179b6d01446ebce2f14824bfbdbbe7f402bb9
2024-09-30 09:26:27,62,18248f005b7493422ea25abcce7179b6d01446ebce2f14824bfbdbbe7f402bb9
2024-09-30 09:26:30,62,92dec0a03d236b1673c65fd213be5f229f5bd4074d40b53ff471c1af5b5a99bb
2024-09-30 09:26:46,62,18248f005b7493422ea25abcce7179b6d01446ebce2f14824bfbdbbe7f402bb9
2024-09-30 09:26:46,62,18248f005b7493422ea25abcce7179b6d01446ebce2f14824bfbdbbe7f402bb9
2024-09-30 09:26:46,62,18248f005b7493422ea25abcce7179b6d01446ebce2f14824bfbdbbe7f402bb9
2024-09-30 09:26:46,62,18248f005b7493422ea25abcce7179b6d01446ebce2f14824bfbdbbe7f402bb9
2024-09-30 09:26:46,62,18248f005b7493422ea25abcce7179b6d01446ebce2f14824bfbdbbe7f402bb9
2024-09-30 09:26:53,62,ac6bdf2d5686dae420b8fa528fcc9b72514a3cbbdca201fadac306c2091d9b0c
2024-09-30 09:26:53,62,ac6bdf2d5686dae420b8fa528fcc9b72514a3cbbdca201fadac306c2091d9b0c
2024-09-30 09:26:53,62,ac6bdf2d5686dae420b8fa528fcc9b72514a3cbbdca201fadac306c2091d9b0c
2024-09-30 09:27:01,62,18248f005b7493422ea25abcce7179b6d01446ebce2f14824bfbdbbe7f402bb9
2024-09-30 09:27:01,62,18248f005b7493422ea25abcce7179b6d01446ebce2f14824bfbdbbe7f402bb9
2024-09-30 09:27:01,62,18248f005b7493422ea25abcce7179b6d01446ebce2f14824bfbdbbe7f402bb9
2024-09-30 09:27:16,62,b259ad7b374273c26bec3567023bb3cef7a54a76409fb3688a4ef5ae3e07d4ba
2024-09-30 09:27:16,62,b259ad7b374273c26bec3567023bb3cef7a54a76409fb3688a4ef5ae3e07d4ba
2024-09-30 09:27:16,62,b259ad7b374273c26bec3567023bb3cef7a54a76409fb3688a4ef5ae3e07d4ba
2024-09-30 09:27:16,62,b259ad7b374273c26bec3567023bb3cef7a54a76409fb3688a4ef5ae3e07d4ba
2024-09-30 09:27:23,62,894124928754be96561d77d1e8ccfaaa67249864ebee0ced085f0df55717fa17
2024-09-30 09:27:23,62,894124928754be96561d77d1e8ccfaaa67249864ebee0ced085f0df55717fa17
2024-09-30 09:27:23,62,894124928754be96561d77d1e8ccfaaa67249864ebee0ced085f0df55717fa17
2024-09-30 09:27:23,62,894124928754be96561d77d1e8ccfaaa67249864ebee0ced085f0df55717fa17
2024-09-30 09:27:24,62,894124928754be96561d77d1e8ccfaaa67249864ebee0ced085f0df55717fa17
2024-09-30 09:27:25,62,92dec0a03d236b1673c65fd213be5f229f5bd4074d40b53ff471c1af5b5a99bb
2024-09-30 09:27:41,62,18248f005b7493422ea25abcce7179b6d01446ebce2f14824bfbdbbe7f402bb9
2024-09-30 09:27:41,62,18248f005b7493422ea25abcce7179b6d01446ebce2f14824bfbdbbe7f402bb9
2024-09-30 09:27:44,62,18248f005b7493422ea25abcce7179b6d01446ebce2f14824bfbdbbe7f402bb9
2024-09-30 09:27:49,62,18248f005b7493422ea25abcce7179b6d01446ebce2f14824bfbdbbe7f402bb9
2024-09-30 09:27:49,62,18248f005b7493422ea25abcce7179b6d01446ebce2f14824bfbdbbe7f402bb9
2024-09-30 09:27:53,62,18248f005b7493422ea25abcce7179b6d01446ebce2f14824bfbdbbe7f402bb9
2024-09-30 09:28:10,62,01fbae127e8db09da74812bde292eb77d2a68a7897a5571bb7c33ad12264102a
2024-09-30 09:28:10,62,01fbae127e8db09da74812bde292eb77d2a68a7897a5571bb7c33ad12264102a
2024-09-30 09:28:12,62,18248f005b7493422ea25abcce7179b6d01446ebce2f14824bfbdbbe7f402bb9
2024-09-30 09:28:17,62,18248f005b7493422ea25abcce7179b6d01446ebce2f14824bfbdbbe7f402bb9
2024-09-30 09:28:19,62,01fbae127e8db09da74812bde292eb77d2a68a7897a5571bb7c33ad12264102a
2024-09-30 09:28:19,62,01fbae127e8db09da74812bde292eb77d2a68a7897a5571bb7c33ad12264102a
2024-09-30 09:28:20,62,01fbae127e8db09da74812bde292eb77d2a68a7897a5571bb7c33ad12264102a
2024-09-30 09:28:20,62,01fbae127e8db09da74812bde292eb77d2a68a7897a5571bb7c33ad12264102a
2024-09-30 09:28:20,62,01fbae127e8db09da74812bde292eb77d2a68a7897a5571bb7c33ad12264102a
2024-09-30 09:28:21,62,18248f005b7493422ea25abcce7179b6d01446ebce2f14824bfbdbbe7f402bb9
2024-09-30 09:28:44,62,18248f005b7493422ea25abcce7179b6d01446ebce2f14824bfbdbbe7f402bb9
2024-09-30 09:28:53,62,ac6bdf2d5686dae420b8fa528fcc9b72514a3cbbdca201fadac306c2091d9b0c
2024-09-30 09:28:53,62,ac6bdf2d5686dae420b8fa528fcc9b72514a3cbbdca201fadac306c2091d9b0c
2024-09-30 09:29:45,62,18248f005b7493422ea25abcce7179b6d01446ebce2f14824bfbdbbe7f402bb9
2024-09-30 09:29:50,62,18248f005b7493422ea25abcce7179b6d01446ebce2f14824bfbdbbe7f402bb9
2024-09-30 09:29:52,62,18248f005b7493422ea25abcce7179b6d01446ebce2f14824bfbdbbe7f402bb9
2024-09-30 09:29:57,62,18248f005b7493422ea25abcce7179b6d01446ebce2f14824bfbdbbe7f402bb9
2024-09-30 09:29:57,62,18248f005b7493422ea25abcce7179b6d01446ebce2f14824bfbdbbe7f402bb9
2024-09-30 09:29:57,62,18248f005b7493422ea25abcce7179b6d01446ebce2f14824bfbdbbe7f402bb9
2024-09-30 09:29:57,62,18248f005b7493422ea25abcce7179b6d01446ebce2f14824bfbdbbe7f402bb9
2024-09-30 09:30:16,62,18248f005b7493422ea25abcce7179b6d01446ebce2f14824bfbdbbe7f402bb9
2024-09-30 09:30:16,62,18248f005b7493422ea25abcce7179b6d01446ebce2f14824bfbdbbe7f402bb9
2024-09-30 09:30:34,62,18248f005b7493422ea25abcce7179b6d01446ebce2f14824bfbdbbe7f402bb9
2024-09-30 09:30:53,62,18248f005b7493422ea25abcce7179b6d01446ebce2f14824bfbdbbe7f402bb9
2024-09-30 09:30:53,62,ac6bdf2d5686dae420b8fa528fcc9b72514a3cbbdca201fadac306c2091d9b0c
2024-09-30 09:31:12,62,18248f005b7493422ea25abcce7179b6d01446ebce2f14824bfbdbbe7f402bb9
2024-09-30 09:31:12,62,18248f005b7493422ea25abcce7179b6d01446ebce2f14824bfbdbbe7f402bb9
2024-09-30 09:31:12,62,18248f005b7493422ea25abcce7179b6d01446ebce2f14824bfbdbbe7f402bb9
2024-09-30 09:31:19,62,18248f005b7493422ea25abcce7179b6d01446ebce2f14824bfbdbbe7f402bb9
2024-09-30 09:31:45,62,18248f005b7493422ea25abcce7179b6d01446ebce2f14824bfbdbbe7f402bb9
2024-09-30 09:31:52,62,b259ad7b374273c26bec3567023bb3cef7a54a76409fb3688a4ef5ae3e07d4ba
2024-09-30 09:31:52,62,b259ad7b374273c26bec3567023bb3cef7a54a76409fb3688a4ef5ae3e07d4ba
2024-09-30 09:32:24,62,18248f005b7493422ea25abcce7179b6d01446ebce2f14824bfbdbbe7f402bb9
2024-09-30 09:32:32,62,a68467b42cffcbb7fbae081a623443ef4bd3760bab34f23ab270b79384072bc6
2024-09-30 09:32:32,62,a68467b42cffcbb7fbae081a623443ef4bd3760bab34f23ab270b79384072bc6
2024-09-30 09:32:32,62,a68467b42cffcbb7fbae081a623443ef4bd3760bab34f23ab270b79384072bc6
2024-09-30 09:32:43,62,bf0c3fe69ff86978b57c4b20d468d8868ac3651af88596f00a060e3714df01eb
2024-09-30 09:32:43,62,bf0c3fe69ff86978b57c4b20d468d8868ac3651af88596f00a060e3714df01eb
2024-09-30 09:32:47,62,b259ad7b374273c26bec3567023bb3cef7a54a76409fb3688a4ef5ae3e07d4ba
2024-09-30 09:32:47,62,b259ad7b374273c26bec3567023bb3cef7a54a76409fb3688a4ef5ae3e07d4ba
2024-09-30 09:32:47,62,b259ad7b374273c26bec3567023bb3cef7a54a76409fb3688a4ef5ae3e07d4ba
2024-09-30 09:32:47,62,01fbae127e8db09da74812bde292eb77d2a68a7897a5571bb7c33ad12264102a
2024-09-30 09:32:47,62,01fbae127e8db09da74812bde292eb77d2a68a7897a5571bb7c33ad12264102a
2024-09-30 09:32:50,62,dfba5538503c3766141e6e9c00ab0763c4ceebda26f95e18ea3df2557edff2ca
2024-09-30 09:32:50,62,dfba5538503c3766141e6e9c00ab0763c4ceebda26f95e18ea3df2557edff2ca
2024-09-30 09:32:53,62,ac6bdf2d5686dae420b8fa528fcc9b72514a3cbbdca201fadac306c2091d9b0c
2024-09-30 09:32:58,62,18248f005b7493422ea25abcce7179b6d01446ebce2f14824bfbdbbe7f402bb9
2024-09-30 09:32:58,62,18248f005b7493422ea25abcce7179b6d01446ebce2f14824bfbdbbe7f402bb9
2024-09-30 09:32:58,62,18248f005b7493422ea25abcce7179b6d01446ebce2f14824bfbdbbe7f402bb9
2024-09-30 09:33:02,62,18248f005b7493422ea25abcce7179b6d01446ebce2f14824bfbdbbe7f402bb9
2024-09-30 09:33:13,62,18248f005b7493422ea25abcce7179b6d01446ebce2f14824bfbdbbe7f402bb9
2024-09-30 09:33:35,62,ac6bdf2d5686dae420b8fa528fcc9b72514a3cbbdca201fadac306c2091d9b0c
2024-09-30 09:33:35,62,ac6bdf2d5686dae420b8fa528fcc9b72514a3cbbdca201fadac306c2091d9b0c
2024-09-30 09:33:37,62,92dec0a03d236b1673c65fd213be5f229f5bd4074d40b53ff471c1af5b5a99bb
2024-09-30 09:33:42,62,bb77db1cfa0250872b2a983259ec0a263ff4d133554b75ed8c7b5ad48907b81e
2024-09-30 09:33:42,62,bb77db1cfa0250872b2a983259ec0a263ff4d133554b75ed8c7b5ad48907b81e
2024-09-30 09:33:42,62,bb77db1cfa0250872b2a983259ec0a263ff4d133554b75ed8c7b5ad48907b81e
2024-09-30 09:33:42,62,bb77db1cfa0250872b2a983259ec0a263ff4d133554b75ed8c7b5ad48907b81e
2024-09-30 09:33:42,62,bb77db1cfa0250872b2a983259ec0a263ff4d133554b75ed8c7b5ad48907b81e
2024-09-30 09:33:42,62,bb77db1cfa0250872b2a983259ec0a263ff4d133554b75ed8c7b5ad48907b81e
2024-09-30 09:33:42,62,bb77db1cfa0250872b2a983259ec0a263ff4d133554b75ed8c7b5ad48907b81e
2024-09-30 09:33:42,62,bb77db1cfa0250872b2a983259ec0a263ff4d133554b75ed8c7b5ad48907b81e
2024-09-30 09:33:42,62,bb77db1cfa0250872b2a983259ec0a263ff4d133554b75ed8c7b5ad48907b81e
2024-09-30 09:33:42,62,bb77db1cfa0250872b2a983259ec0a263ff4d133554b75ed8c7b5ad48907b81e
2024-09-30 09:33:53,62,18248f005b7493422ea25abcce7179b6d01446ebce2f14824bfbdbbe7f402bb9
2024-09-30 09:33:54,62,18248f005b7493422ea25abcce7179b6d01446ebce2f14824bfbdbbe7f402bb9
2024-09-30 09:34:01,62,18248f005b7493422ea25abcce7179b6d01446ebce2f14824bfbdbbe7f402bb9
2024-09-30 09:34:02,62,bb77db1cfa0250872b2a983259ec0a263ff4d133554b75ed8c7b5ad48907b81e
2024-09-30 09:34:02,62,bb77db1cfa0250872b2a983259ec0a263ff4d133554b75ed8c7b5ad48907b81e
2024-09-30 09:34:02,62,bb77db1cfa0250872b2a983259ec0a263ff4d133554b75ed8c7b5ad48907b81e
2024-09-30 09:34:02,62,bb77db1cfa0250872b2a983259ec0a263ff4d133554b75ed8c7b5ad48907b81e
2024-09-30 09:34:02,62,bb77db1cfa0250872b2a983259ec0a263ff4d133554b75ed8c7b5ad48907b81e
2024-09-30 09:34:02,62,bb77db1cfa0250872b2a983259ec0a263ff4d133554b75ed8c7b5ad48907b81e
2024-09-30 09:34:02,62,bb77db1cfa0250872b2a983259ec0a263ff4d133554b75ed8c7b5ad48907b81e
2024-09-30 09:34:02,62,bb77db1cfa0250872b2a983259ec0a263ff4d133554b75ed8c7b5ad48907b81e
2024-09-30 09:34:02,62,bb77db1cfa0250872b2a983259ec0a263ff4d133554b75ed8c7b5ad48907b81e
2024-09-30 09:34:02,62,bb77db1cfa0250872b2a983259ec0a263ff4d133554b75ed8c7b5ad48907b81e
2024-09-30 09:34:03,62,bb77db1cfa0250872b2a983259ec0a263ff4d133554b75ed8c7b5ad48907b81e
2024-09-30 09:34:23,62,18248f005b7493422ea25abcce7179b6d01446ebce2f14824bfbdbbe7f402bb9
2024-09-30 09:34:27,62,01fbae127e8db09da74812bde292eb77d2a68a7897a5571bb7c33ad12264102a
2024-09-30 09:34:27,62,01fbae127e8db09da74812bde292eb77d2a68a7897a5571bb7c33ad12264102a
2024-09-30 09:34:30,62,ac6bdf2d5686dae420b8fa528fcc9b72514a3cbbdca201fadac306c2091d9b0c
2024-09-30 09:34:33,62,01fbae127e8db09da74812bde292eb77d2a68a7897a5571bb7c33ad12264102a
2024-09-30 09:34:38,62,18248f005b7493422ea25abcce7179b6d01446ebce2f14824bfbdbbe7f402bb9
2024-09-30 09:34:40,62,18248f005b7493422ea25abcce7179b6d01446ebce2f14824bfbdbbe7f402bb9
2024-09-30 09:35:12,62,a68467b42cffcbb7fbae081a623443ef4bd3760bab34f23ab270b79384072bc6
2024-09-30 09:35:12,62,a68467b42cffcbb7fbae081a623443ef4bd3760bab34f23ab270b79384072bc6
2024-09-30 09:35:12,62,a68467b42cffcbb7fbae081a623443ef4bd3760bab34f23ab270b79384072bc6
2024-09-30 09:35:12,62,a68467b42cffcbb7fbae081a623443ef4bd3760bab34f23ab270b79384072bc6
2024-09-30 09:35:12,62,a68467b42cffcbb7fbae081a623443ef4bd3760bab34f23ab270b79384072bc6
2024-09-30 09:35:12,62,a68467b42cffcbb7fbae081a623443ef4bd3760bab34f23ab270b79384072bc6
2024-09-30 09:35:46,62,d787358040843e660eb94b464371ac26c3ccc54906bd94fcbf398471ccb0e763
2024-09-30 09:35:52,62,b259ad7b374273c26bec3567023bb3cef7a54a76409fb3688a4ef5ae3e07d4ba
2024-09-30 09:35:52,62,b259ad7b374273c26bec3567023bb3cef7a54a76409fb3688a4ef5ae3e07d4ba
2024-09-30 09:35:57,62,18248f005b7493422ea25abcce7179b6d01446ebce2f14824bfbdbbe7f402bb9
2024-09-30 09:36:17,62,bf0c3fe69ff86978b57c4b20d468d8868ac3651af88596f00a060e3714df01eb
2024-09-30 09:36:17,62,bf0c3fe69ff86978b57c4b20d468d8868ac3651af88596f00a060e3714df01eb
2024-09-30 09:37:36,62,18248f005b7493422ea25abcce7179b6d01446ebce2f14824bfbdbbe7f402bb9
2024-09-30 09:37:45,62,01fbae127e8db09da74812bde292eb77d2a68a7897a5571bb7c33ad12264102a
2024-09-30 09:37:45,62,01fbae127e8db09da74812bde292eb77d2a68a7897a5571bb7c33ad12264102a
2024-09-30 09:37:45,62,01fbae127e8db09da74812bde292eb77d2a68a7897a5571bb7c33ad12264102a
2024-09-30 09:38:07,62,18248f005b7493422ea25abcce7179b6d01446ebce2f14824bfbdbbe7f402bb9
2024-09-30 09:38:07,62,18248f005b7493422ea25abcce7179b6d01446ebce2f14824bfbdbbe7f402bb9
2024-09-30 09:38:12,62,d787358040843e660eb94b464371ac26c3ccc54906bd94fcbf398471ccb0e763
2024-09-30 09:38:12,62,d787358040843e660eb94b464371ac26c3ccc54906bd94fcbf398471ccb0e763
2024-09-30 09:38:16,62,f214df8686dde5873f6737cdf93909d29f9b61e55a05fd900714072e85e7e2d9
2024-09-30 09:38:16,62,f214df8686dde5873f6737cdf93909d29f9b61e55a05fd900714072e85e7e2d9
2024-09-30 09:39:11,62,01fbae127e8db09da74812bde292eb77d2a68a7897a5571bb7c33ad12264102a
2024-09-30 09:39:15,62,92dec0a03d236b1673c65fd213be5f229f5bd4074d40b53ff471c1af5b5a99bb
2024-09-30 09:39:25,62,01fbae127e8db09da74812bde292eb77d2a68a7897a5571bb7c33ad12264102a
2024-09-30 09:39:32,62,18248f005b7493422ea25abcce7179b6d01446ebce2f14824bfbdbbe7f402bb9
2024-09-30 09:39:37,62,d787358040843e660eb94b464371ac26c3ccc54906bd94fcbf398471ccb0e763
2024-09-30 09:39:37,62,d787358040843e660eb94b464371ac26c3ccc54906bd94fcbf398471ccb0e763
2024-09-30 09:39:40,62,01fbae127e8db09da74812bde292eb77d2a68a7897a5571bb7c33ad12264102a
2024-09-30 09:39:44,62,f5332f306ce88c7c35ea76a3726d0e453733e1841f94896c7043e744314cccaf
2024-09-30 09:39:58,62,18248f005b7493422ea25abcce7179b6d01446ebce2f14824bfbdbbe7f402bb9
2024-09-30 09:40:05,62,d787358040843e660eb94b464371ac26c3ccc54906bd94fcbf398471ccb0e763
2024-09-30 09:40:05,62,d787358040843e660eb94b464371ac26c3ccc54906bd94fcbf398471ccb0e763
2024-09-30 09:40:07,62,83b7b4c77ccb0dc735ff8ea862d6b81d2fbf57cc5b9502ec20b7c8636af16d68
2024-09-30 09:40:07,62,83b7b4c77ccb0dc735ff8ea862d6b81d2fbf57cc5b9502ec20b7c8636af16d68
2024-09-30 09:40:13,62,01fbae127e8db09da74812bde292eb77d2a68a7897a5571bb7c33ad12264102a
2024-09-30 09:40:14,62,01fbae127e8db09da74812bde292eb77d2a68a7897a5571bb7c33ad12264102a
2024-09-30 09:40:14,62,01fbae127e8db09da74812bde292eb77d2a68a7897a5571bb7c33ad12264102a
2024-09-30 09:40:26,62,18248f005b7493422ea25abcce7179b6d01446ebce2f14824bfbdbbe7f402bb9
2024-09-30 09:40:26,62,01fbae127e8db09da74812bde292eb77d2a68a7897a5571bb7c33ad12264102a
2024-09-30 09:40:26,62,01fbae127e8db09da74812bde292eb77d2a68a7897a5571bb7c33ad12264102a
2024-09-30 09:40:27,62,01fbae127e8db09da74812bde292eb77d2a68a7897a5571bb7c33ad12264102a
2024-09-30 09:40:34,62,18248f005b7493422ea25abcce7179b6d01446ebce2f14824bfbdbbe7f402bb9
2024-09-30 09:40:34,62,18248f005b7493422ea25abcce7179b6d01446ebce2f14824bfbdbbe7f402bb9
2024-09-30 09:40:42,62,18248f005b7493422ea25abcce7179b6d01446ebce2f14824bfbdbbe7f402bb9
2024-09-30 09:40:51,62,01fbae127e8db09da74812bde292eb77d2a68a7897a5571bb7c33ad12264102a
2024-09-30 09:40:51,62,01fbae127e8db09da74812bde292eb77d2a68a7897a5571bb7c33ad12264102a
2024-09-30 09:40:51,62,01fbae127e8db09da74812bde292eb77d2a68a7897a5571bb7c33ad12264102a
2024-09-30 09:40:51,62,01fbae127e8db09da74812bde292eb77d2a68a7897a5571bb7c33ad12264102a
2024-09-30 09:40:51,62,01fbae127e8db09da74812bde292eb77d2a68a7897a5571bb7c33ad12264102a
2024-09-30 09:40:51,62,01fbae127e8db09da74812bde292eb77d2a68a7897a5571bb7c33ad12264102a
2024-09-30 09:40:52,62,92dec0a03d236b1673c65fd213be5f229f5bd4074d40b53ff471c1af5b5a99bb
2024-09-30 09:40:52,62,18248f005b7493422ea25abcce7179b6d01446ebce2f14824bfbdbbe7f402bb9
2024-09-30 09:40:52,62,18248f005b7493422ea25abcce7179b6d01446ebce2f14824bfbdbbe7f402bb9
2024-09-30 09:41:05,62,18248f005b7493422ea25abcce7179b6d01446ebce2f14824bfbdbbe7f402bb9
2024-09-30 09:41:05,62,18248f005b7493422ea25abcce7179b6d01446ebce2f14824bfbdbbe7f402bb9
2024-09-30 09:41:20,62,18248f005b7493422ea25abcce7179b6d01446ebce2f14824bfbdbbe7f402bb9
2024-09-30 09:41:25,62,01fbae127e8db09da74812bde292eb77d2a68a7897a5571bb7c33ad12264102a
2024-09-30 09:41:25,62,01fbae127e8db09da74812bde292eb77d2a68a7897a5571bb7c33ad12264102a
2024-09-30 09:41:25,62,01fbae127e8db09da74812bde292eb77d2a68a7897a5571bb7c33ad12264102a
2024-09-30 09:41:25,62,01fbae127e8db09da74812bde292eb77d2a68a7897a5571bb7c33ad12264102a
2024-09-30 09:41:28,62,92dec0a03d236b1673c65fd213be5f229f5bd4074d40b53ff471c1af5b5a99bb
2024-09-30 09:41:30,62,ac6bdf2d5686dae420b8fa528fcc9b72514a3cbbdca201fadac306c2091d9b0c
2024-09-30 09:41:33,62,18248f005b7493422ea25abcce7179b6d01446ebce2f14824bfbdbbe7f402bb9
2024-09-30 09:41:41,62,18248f005b7493422ea25abcce7179b6d01446ebce2f14824bfbdbbe7f402bb9
2024-09-30 09:42:30,62,18248f005b7493422ea25abcce7179b6d01446ebce2f14824bfbdbbe7f402bb9
2024-09-30 09:42:30,62,18248f005b7493422ea25abcce7179b6d01446ebce2f14824bfbdbbe7f402bb9
2024-09-30 09:42:31,62,18248f005b7493422ea25abcce7179b6d01446ebce2f14824bfbdbbe7f402bb9
2024-09-30 09:42:36,62,01fbae127e8db09da74812bde292eb77d2a68a7897a5571bb7c33ad12264102a
2024-09-30 09:42:36,62,01fbae127e8db09da74812bde292eb77d2a68a7897a5571bb7c33ad12264102a
2024-09-30 09:42:36,62,01fbae127e8db09da74812bde292eb77d2a68a7897a5571bb7c33ad12264102a
2024-09-30 09:42:39,62,18248f005b7493422ea25abcce7179b6d01446ebce2f14824bfbdbbe7f402bb9
2024-09-30 09:42:39,62,18248f005b7493422ea25abcce7179b6d01446ebce2f14824bfbdbbe7f402bb9
2024-09-30 09:42:40,62,18248f005b7493422ea25abcce7179b6d01446ebce2f14824bfbdbbe7f402bb9
2024-09-30 09:42:42,62,01fbae127e8db09da74812bde292eb77d2a68a7897a5571bb7c33ad12264102a
2024-09-30 09:42:42,62,01fbae127e8db09da74812bde292eb77d2a68a7897a5571bb7c33ad12264102a
2024-09-30 09:42:42,62,01fbae127e8db09da74812bde292eb77d2a68a7897a5571bb7c33ad12264102a
2024-09-30 09:42:42,62,01fbae127e8db09da74812bde292eb77d2a68a7897a5571bb7c33ad12264102a
2024-09-30 09:42:50,62,18248f005b7493422ea25abcce7179b6d01446ebce2f14824bfbdbbe7f402bb9
2024-09-30 09:42:53,62,d787358040843e660eb94b464371ac26c3ccc54906bd94fcbf398471ccb0e763
2024-09-30 09:42:55,62,18248f005b7493422ea25abcce7179b6d01446ebce2f14824bfbdbbe7f402bb9
2024-09-30 09:42:55,62,18248f005b7493422ea25abcce7179b6d01446ebce2f14824bfbdbbe7f402bb9
2024-09-30 09:42:55,62,18248f005b7493422ea25abcce7179b6d01446ebce2f14824bfbdbbe7f402bb9
2024-09-30 09:42:55,62,18248f005b7493422ea25abcce7179b6d01446ebce2f14824bfbdbbe7f402bb9
2024-09-30 09:43:07,62,18248f005b7493422ea25abcce7179b6d01446ebce2f14824bfbdbbe7f402bb9
2024-09-30 09:43:15,62,b259ad7b374273c26bec3567023bb3cef7a54a76409fb3688a4ef5ae3e07d4ba
2024-09-30 09:43:15,62,b259ad7b374273c26bec3567023bb3cef7a54a76409fb3688a4ef5ae3e07d4ba
2024-09-30 09:43:15,62,b259ad7b374273c26bec3567023bb3cef7a54a76409fb3688a4ef5ae3e07d4ba
2024-09-30 09:43:15,62,b259ad7b374273c26bec3567023bb3cef7a54a76409fb3688a4ef5ae3e07d4ba
2024-09-30 09:43:15,62,b259ad7b374273c26bec3567023bb3cef7a54a76409fb3688a4ef5ae3e07d4ba
2024-09-30 09:43:15,62,b259ad7b374273c26bec3567023bb3cef7a54a76409fb3688a4ef5ae3e07d4ba
2024-09-30 09:43:16,62,f214df8686dde5873f6737cdf93909d29f9b61e55a05fd900714072e85e7e2d9
2024-09-30 09:43:16,62,f214df8686dde5873f6737cdf93909d29f9b61e55a05fd900714072e85e7e2d9
2024-09-30 09:43:16,62,f214df8686dde5873f6737cdf93909d29f9b61e55a05fd900714072e85e7e2d9
2024-09-30 09:44:19,62,01fbae127e8db09da74812bde292eb77d2a68a7897a5571bb7c33ad12264102a
2024-09-30 09:44:19,62,01fbae127e8db09da74812bde292eb77d2a68a7897a5571bb7c33ad12264102a
2024-09-30 09:44:19,62,01fbae127e8db09da74812bde292eb77d2a68a7897a5571bb7c33ad12264102a
2024-09-30 09:44:19,62,01fbae127e8db09da74812bde292eb77d2a68a7897a5571bb7c33ad12264102a
2024-09-30 09:44:27,62,92dec0a03d236b1673c65fd213be5f229f5bd4074d40b53ff471c1af5b5a99bb
2024-09-30 09:44:41,62,18248f005b7493422ea25abcce7179b6d01446ebce2f14824bfbdbbe7f402bb9
2024-09-30 09:44:41,62,18248f005b7493422ea25abcce7179b6d01446ebce2f14824bfbdbbe7f402bb9
2024-09-30 09:44:41,62,01fbae127e8db09da74812bde292eb77d2a68a7897a5571bb7c33ad12264102a
2024-09-30 09:44:41,62,01fbae127e8db09da74812bde292eb77d2a68a7897a5571bb7c33ad12264102a
2024-09-30 09:44:42,62,01fbae127e8db09da74812bde292eb77d2a68a7897a5571bb7c33ad12264102a
2024-09-30 09:44:42,62,01fbae127e8db09da74812bde292eb77d2a68a7897a5571bb7c33ad12264102a
2024-09-30 09:44:42,62,01fbae127e8db09da74812bde292eb77d2a68a7897a5571bb7c33ad12264102a
2024-09-30 09:44:53,62,18248f005b7493422ea25abcce7179b6d01446ebce2f14824bfbdbbe7f402bb9
2024-09-30 09:44:53,62,18248f005b7493422ea25abcce7179b6d01446ebce2f14824bfbdbbe7f402bb9
2024-09-30 09:44:54,62,01fbae127e8db09da74812bde292eb77d2a68a7897a5571bb7c33ad12264102a
2024-09-30 09:44:54,62,01fbae127e8db09da74812bde292eb77d2a68a7897a5571bb7c33ad12264102a
2024-09-30 09:44:55,62,01fbae127e8db09da74812bde292eb77d2a68a7897a5571bb7c33ad12264102a
2024-09-30 09:44:55,62,01fbae127e8db09da74812bde292eb77d2a68a7897a5571bb7c33ad12264102a
2024-09-30 09:45:00,62,18248f005b7493422ea25abcce7179b6d01446ebce2f14824bfbdbbe7f402bb9
2024-09-30 09:45:00,62,18248f005b7493422ea25abcce7179b6d01446ebce2f14824bfbdbbe7f402bb9
2024-09-30 09:45:08,62,18248f005b7493422ea25abcce7179b6d01446ebce2f14824bfbdbbe7f402bb9
2024-09-30 09:45:50,62,18248f005b7493422ea25abcce7179b6d01446ebce2f14824bfbdbbe7f402bb9
2024-09-30 09:45:50,62,18248f005b7493422ea25abcce7179b6d01446ebce2f14824bfbdbbe7f402bb9
2024-09-30 09:45:51,62,18248f005b7493422ea25abcce7179b6d01446ebce2f14824bfbdbbe7f402bb9
2024-09-30 09:45:51,62,18248f005b7493422ea25abcce7179b6d01446ebce2f14824bfbdbbe7f402bb9
2024-09-30 09:45:53,62,18248f005b7493422ea25abcce7179b6d01446ebce2f14824bfbdbbe7f402bb9
2024-09-30 09:45:53,62,18248f005b7493422ea25abcce7179b6d01446ebce2f14824bfbdbbe7f402bb9
2024-09-30 09:46:04,62,1afe1637b9f98883a0da64167b0f98da338c239c2ef656fc3ef95d01e9fa38ce
2024-09-30 09:46:20,62,18248f005b7493422ea25abcce7179b6d01446ebce2f14824bfbdbbe7f402bb9
2024-09-30 09:46:39,62,01fbae127e8db09da74812bde292eb77d2a68a7897a5571bb7c33ad12264102a
2024-09-30 09:46:40,62,01fbae127e8db09da74812bde292eb77d2a68a7897a5571bb7c33ad12264102a
2024-09-30 09:47:27,62,01fbae127e8db09da74812bde292eb77d2a68a7897a5571bb7c33ad12264102a
2024-09-30 09:47:27,62,01fbae127e8db09da74812bde292eb77d2a68a7897a5571bb7c33ad12264102a
2024-09-30 09:47:27,62,01fbae127e8db09da74812bde292eb77d2a68a7897a5571bb7c33ad12264102a
2024-09-30 09:47:27,62,01fbae127e8db09da74812bde292eb77d2a68a7897a5571bb7c33ad12264102a
2024-09-30 09:47:27,62,01fbae127e8db09da74812bde292eb77d2a68a7897a5571bb7c33ad12264102a
2024-09-30 09:47:28,62,18248f005b7493422ea25abcce7179b6d01446ebce2f14824bfbdbbe7f402bb9
2024-09-30 09:47:28,62,18248f005b7493422ea25abcce7179b6d01446ebce2f14824bfbdbbe7f402bb9
2024-09-30 09:47:28,62,18248f005b7493422ea25abcce7179b6d01446ebce2f14824bfbdbbe7f402bb9
2024-09-30 09:47:31,62,18248f005b7493422ea25abcce7179b6d01446ebce2f14824bfbdbbe7f402bb9
2024-09-30 09:47:45,62,18248f005b7493422ea25abcce7179b6d01446ebce2f14824bfbdbbe7f402bb9
2024-09-30 09:47:45,62,18248f005b7493422ea25abcce7179b6d01446ebce2f14824bfbdbbe7f402bb9
2024-09-30 09:48:18,62,18248f005b7493422ea25abcce7179b6d01446ebce2f14824bfbdbbe7f402bb9
2024-09-30 09:48:18,62,18248f005b7493422ea25abcce7179b6d01446ebce2f14824bfbdbbe7f402bb9
2024-09-30 09:48:51,62,18248f005b7493422ea25abcce7179b6d01446ebce2f14824bfbdbbe7f402bb9
2024-09-30 09:48:51,62,18248f005b7493422ea25abcce7179b6d01446ebce2f14824bfbdbbe7f402bb9
2024-09-30 09:49:03,62,92dec0a03d236b1673c65fd213be5f229f5bd4074d40b53ff471c1af5b5a99bb
2024-09-30 09:49:12,62,18248f005b7493422ea25abcce7179b6d01446ebce2f14824bfbdbbe7f402bb9
2024-09-30 09:49:12,62,18248f005b7493422ea25abcce7179b6d01446ebce2f14824bfbdbbe7f402bb9
2024-09-30 09:49:21,62,18248f005b7493422ea25abcce7179b6d01446ebce2f14824bfbdbbe7f402bb9
2024-09-30 09:49:21,62,18248f005b7493422ea25abcce7179b6d01446ebce2f14824bfbdbbe7f402bb9
2024-09-30 09:49:34,62,01fbae127e8db09da74812bde292eb77d2a68a7897a5571bb7c33ad12264102a
2024-09-30 09:49:34,62,01fbae127e8db09da74812bde292eb77d2a68a7897a5571bb7c33ad12264102a
2024-09-30 09:49:34,62,01fbae127e8db09da74812bde292eb77d2a68a7897a5571bb7c33ad12264102a
2024-09-30 09:49:45,62,01fbae127e8db09da74812bde292eb77d2a68a7897a5571bb7c33ad12264102a
2024-09-30 09:49:45,62,01fbae127e8db09da74812bde292eb77d2a68a7897a5571bb7c33ad12264102a
2024-09-30 09:50:25,62,18248f005b7493422ea25abcce7179b6d01446ebce2f14824bfbdbbe7f402bb9
2024-09-30 09:50:27,62,18248f005b7493422ea25abcce7179b6d01446ebce2f14824bfbdbbe7f402bb9
2024-09-30 09:50:30,62,ac6bdf2d5686dae420b8fa528fcc9b72514a3cbbdca201fadac306c2091d9b0c
2024-09-30 09:50:41,62,18248f005b7493422ea25abcce7179b6d01446ebce2f14824bfbdbbe7f402bb9
2024-09-30 09:50:41,62,18248f005b7493422ea25abcce7179b6d01446ebce2f14824bfbdbbe7f402bb9
2024-09-30 09:50:46,62,01fbae127e8db09da74812bde292eb77d2a68a7897a5571bb7c33ad12264102a
2024-09-30 09:50:46,62,01fbae127e8db09da74812bde292eb77d2a68a7897a5571bb7c33ad12264102a
2024-09-30 09:50:49,62,d787358040843e660eb94b464371ac26c3ccc54906bd94fcbf398471ccb0e763
2024-09-30 09:50:49,62,d787358040843e660eb94b464371ac26c3ccc54906bd94fcbf398471ccb0e763
2024-09-30 09:50:54,62,18248f005b7493422ea25abcce7179b6d01446ebce2f14824bfbdbbe7f402bb9
2024-09-30 09:50:54,62,18248f005b7493422ea25abcce7179b6d01446ebce2f14824bfbdbbe7f402bb9
2024-09-30 09:50:55,62,18248f005b7493422ea25abcce7179b6d01446ebce2f14824bfbdbbe7f402bb9
2024-09-30 09:51:06,62,01fbae127e8db09da74812bde292eb77d2a68a7897a5571bb7c33ad12264102a
2024-09-30 09:51:34,62,01fbae127e8db09da74812bde292eb77d2a68a7897a5571bb7c33ad12264102a
2024-09-30 09:52:00,62,18248f005b7493422ea25abcce7179b6d01446ebce2f14824bfbdbbe7f402bb9
2024-09-30 09:52:00,62,18248f005b7493422ea25abcce7179b6d01446ebce2f14824bfbdbbe7f402bb9
2024-09-30 09:52:01,62,18248f005b7493422ea25abcce7179b6d01446ebce2f14824bfbdbbe7f402bb9
2024-09-30 09:52:01,62,18248f005b7493422ea25abcce7179b6d01446ebce2f14824bfbdbbe7f402bb9
2024-09-30 09:52:01,62,18248f005b7493422ea25abcce7179b6d01446ebce2f14824bfbdbbe7f402bb9
2024-09-30 09:52:01,62,18248f005b7493422ea25abcce7179b6d01446ebce2f14824bfbdbbe7f402bb9
2024-09-30 09:52:06,62,d787358040843e660eb94b464371ac26c3ccc54906bd94fcbf398471ccb0e763
2024-09-30 09:52:06,62,d787358040843e660eb94b464371ac26c3ccc54906bd94fcbf398471ccb0e763
2024-09-30 09:52:09,62,18248f005b7493422ea25abcce7179b6d01446ebce2f14824bfbdbbe7f402bb9
2024-09-30 09:52:09,62,18248f005b7493422ea25abcce7179b6d01446ebce2f14824bfbdbbe7f402bb9
2024-09-30 09:52:09,62,18248f005b7493422ea25abcce7179b6d01446ebce2f14824bfbdbbe7f402bb9
2024-09-30 09:52:21,62,d787358040843e660eb94b464371ac26c3ccc54906bd94fcbf398471ccb0e763
2024-09-30 09:52:21,62,d787358040843e660eb94b464371ac26c3ccc54906bd94fcbf398471ccb0e763
2024-09-30 09:52:26,62,18248f005b7493422ea25abcce7179b6d01446ebce2f14824bfbdbbe7f402bb9
2024-09-30 09:52:35,62,d787358040843e660eb94b464371ac26c3ccc54906bd94fcbf398471ccb0e763
2024-09-30 09:52:35,62,d787358040843e660eb94b464371ac26c3ccc54906bd94fcbf398471ccb0e763
2024-09-30 09:52:47,62,18248f005b7493422ea25abcce7179b6d01446ebce2f14824bfbdbbe7f402bb9
2024-09-30 09:52:47,62,18248f005b7493422ea25abcce7179b6d01446ebce2f14824bfbdbbe7f402bb9
2024-09-30 09:52:47,62,18248f005b7493422ea25abcce7179b6d01446ebce2f14824bfbdbbe7f402bb9
2024-09-30 09:53:05,62,f214df8686dde5873f6737cdf93909d29f9b61e55a05fd900714072e85e7e2d9
2024-09-30 09:53:05,62,f214df8686dde5873f6737cdf93909d29f9b61e55a05fd900714072e85e7e2d9
2024-09-30 09:53:10,62,d787358040843e660eb94b464371ac26c3ccc54906bd94fcbf398471ccb0e763
2024-09-30 09:53:10,62,d787358040843e660eb94b464371ac26c3ccc54906bd94fcbf398471ccb0e763
2024-09-30 09:53:19,62,18248f005b7493422ea25abcce7179b6d01446ebce2f14824bfbdbbe7f402bb9
2024-09-30 09:53:19,62,18248f005b7493422ea25abcce7179b6d01446ebce2f14824bfbdbbe7f402bb9
2024-09-30 09:53:19,62,18248f005b7493422ea25abcce7179b6d01446ebce2f14824bfbdbbe7f402bb9
2024-09-30 09:53:19,62,18248f005b7493422ea25abcce7179b6d01446ebce2f14824bfbdbbe7f402bb9
2024-09-30 09:53:19,62,18248f005b7493422ea25abcce7179b6d01446ebce2f14824bfbdbbe7f402bb9
2024-09-30 09:53:19,62,18248f005b7493422ea25abcce7179b6d01446ebce2f14824bfbdbbe7f402bb9
2024-09-30 09:53:45,62,d787358040843e660eb94b464371ac26c3ccc54906bd94fcbf398471ccb0e763
2024-09-30 09:53:45,62,d787358040843e660eb94b464371ac26c3ccc54906bd94fcbf398471ccb0e763
2024-09-30 09:53:47,62,01fbae127e8db09da74812bde292eb77d2a68a7897a5571bb7c33ad12264102a
2024-09-30 09:53:48,62,01fbae127e8db09da74812bde292eb77d2a68a7897a5571bb7c33ad12264102a
2024-09-30 09:53:48,62,01fbae127e8db09da74812bde292eb77d2a68a7897a5571bb7c33ad12264102a
2024-09-30 09:53:48,62,01fbae127e8db09da74812bde292eb77d2a68a7897a5571bb7c33ad12264102a
2024-09-30 09:53:48,62,01fbae127e8db09da74812bde292eb77d2a68a7897a5571bb7c33ad12264102a
2024-09-30 09:53:56,62,3ba35de4b3bd9378058e3a4ea76a87a9eb15d7dd1ed8c76001f405163cb1bd61
2024-09-30 09:53:56,62,3ba35de4b3bd9378058e3a4ea76a87a9eb15d7dd1ed8c76001f405163cb1bd61
2024-09-30 09:54:06,62,c81372ca9529ddeb87790ff76f6745ec6870bc09bcdd705d8da7bfde78aed086
2024-09-30 09:54:06,62,c81372ca9529ddeb87790ff76f6745ec6870bc09bcdd705d8da7bfde78aed086
2024-09-30 09:54:06,62,c81372ca9529ddeb87790ff76f6745ec6870bc09bcdd705d8da7bfde78aed086
2024-09-30 09:54:06,62,c81372ca9529ddeb87790ff76f6745ec6870bc09bcdd705d8da7bfde78aed086
2024-09-30 09:54:06,62,c81372ca9529ddeb87790ff76f6745ec6870bc09bcdd705d8da7bfde78aed086
2024-09-30 09:54:06,62,c81372ca9529ddeb87790ff76f6745ec6870bc09bcdd705d8da7bfde78aed086
2024-09-30 09:54:06,62,c81372ca9529ddeb87790ff76f6745ec6870bc09bcdd705d8da7bfde78aed086
2024-09-30 09:54:06,62,c81372ca9529ddeb87790ff76f6745ec6870bc09bcdd705d8da7bfde78aed086
2024-09-30 09:54:06,62,c81372ca9529ddeb87790ff76f6745ec6870bc09bcdd705d8da7bfde78aed086
2024-09-30 09:54:06,62,c81372ca9529ddeb87790ff76f6745ec6870bc09bcdd705d8da7bfde78aed086
2024-09-30 09:54:13,62,d787358040843e660eb94b464371ac26c3ccc54906bd94fcbf398471ccb0e763
2024-09-30 09:54:13,62,d787358040843e660eb94b464371ac26c3ccc54906bd94fcbf398471ccb0e763
2024-09-30 09:54:16,62,01fbae127e8db09da74812bde292eb77d2a68a7897a5571bb7c33ad12264102a
2024-09-30 09:54:16,62,01fbae127e8db09da74812bde292eb77d2a68a7897a5571bb7c33ad12264102a
2024-09-30 09:54:16,62,01fbae127e8db09da74812bde292eb77d2a68a7897a5571bb7c33ad12264102a
2024-09-30 09:54:16,62,01fbae127e8db09da74812bde292eb77d2a68a7897a5571bb7c33ad12264102a
2024-09-30 09:54:16,62,01fbae127e8db09da74812bde292eb77d2a68a7897a5571bb7c33ad12264102a
2024-09-30 09:54:16,62,01fbae127e8db09da74812bde292eb77d2a68a7897a5571bb7c33ad12264102a
2024-09-30 09:54:18,62,3ba35de4b3bd9378058e3a4ea76a87a9eb15d7dd1ed8c76001f405163cb1bd61
2024-09-30 09:54:18,62,3ba35de4b3bd9378058e3a4ea76a87a9eb15d7dd1ed8c76001f405163cb1bd61
2024-09-30 09:54:21,62,18248f005b7493422ea25abcce7179b6d01446ebce2f14824bfbdbbe7f402bb9
2024-09-30 09:54:21,62,18248f005b7493422ea25abcce7179b6d01446ebce2f14824bfbdbbe7f402bb9
2024-09-30 09:54:25,62,01fbae127e8db09da74812bde292eb77d2a68a7897a5571bb7c33ad12264102a
2024-09-30 09:54:43,62,01fbae127e8db09da74812bde292eb77d2a68a7897a5571bb7c33ad12264102a
2024-09-30 09:54:43,62,01fbae127e8db09da74812bde292eb77d2a68a7897a5571bb7c33ad12264102a
2024-09-30 09:54:43,62,01fbae127e8db09da74812bde292eb77d2a68a7897a5571bb7c33ad12264102a
2024-09-30 09:54:43,62,01fbae127e8db09da74812bde292eb77d2a68a7897a5571bb7c33ad12264102a
2024-09-30 09:55:04,62,3ba35de4b3bd9378058e3a4ea76a87a9eb15d7dd1ed8c76001f405163cb1bd61
2024-09-30 09:55:04,62,3ba35de4b3bd9378058e3a4ea76a87a9eb15d7dd1ed8c76001f405163cb1bd61
2024-09-30 09:55:04,62,3ba35de4b3bd9378058e3a4ea76a87a9eb15d7dd1ed8c76001f405163cb1bd61
2024-09-30 09:55:04,62,3ba35de4b3bd9378058e3a4ea76a87a9eb15d7dd1ed8c76001f405163cb1bd61
2024-09-30 09:55:04,62,3ba35de4b3bd9378058e3a4ea76a87a9eb15d7dd1ed8c76001f405163cb1bd61
2024-09-30 09:55:04,62,3ba35de4b3bd9378058e3a4ea76a87a9eb15d7dd1ed8c76001f405163cb1bd61
2024-09-30 09:55:04,62,3ba35de4b3bd9378058e3a4ea76a87a9eb15d7dd1ed8c76001f405163cb1bd61
2024-09-30 09:55:04,62,3ba35de4b3bd9378058e3a4ea76a87a9eb15d7dd1ed8c76001f405163cb1bd61
2024-09-30 09:55:18,62,01fbae127e8db09da74812bde292eb77d2a68a7897a5571bb7c33ad12264102a
2024-09-30 09:55:18,62,01fbae127e8db09da74812bde292eb77d2a68a7897a5571bb7c33ad12264102a
2024-09-30 09:55:18,62,01fbae127e8db09da74812bde292eb77d2a68a7897a5571bb7c33ad12264102a
2024-09-30 09:55:18,62,01fbae127e8db09da74812bde292eb77d2a68a7897a5571bb7c33ad12264102a
2024-09-30 09:55:18,62,01fbae127e8db09da74812bde292eb77d2a68a7897a5571bb7c33ad12264102a
2024-09-30 09:55:18,62,01fbae127e8db09da74812bde292eb77d2a68a7897a5571bb7c33ad12264102a
2024-09-30 09:55:21,62,18248f005b7493422ea25abcce7179b6d01446ebce2f14824bfbdbbe7f402bb9
2024-09-30 09:55:21,62,18248f005b7493422ea25abcce7179b6d01446ebce2f14824bfbdbbe7f402bb9
2024-09-30 09:55:21,62,18248f005b7493422ea25abcce7179b6d01446ebce2f14824bfbdbbe7f402bb9
2024-09-30 09:55:21,62,18248f005b7493422ea25abcce7179b6d01446ebce2f14824bfbdbbe7f402bb9
2024-09-30 09:55:37,62,01fbae127e8db09da74812bde292eb77d2a68a7897a5571bb7c33ad12264102a
2024-09-30 09:55:37,62,01fbae127e8db09da74812bde292eb77d2a68a7897a5571bb7c33ad12264102a
2024-09-30 09:55:38,62,18248f005b7493422ea25abcce7179b6d01446ebce2f14824bfbdbbe7f402bb9
2024-09-30 09:55:38,62,18248f005b7493422ea25abcce7179b6d01446ebce2f14824bfbdbbe7f402bb9
2024-09-30 09:55:38,62,18248f005b7493422ea25abcce7179b6d01446ebce2f14824bfbdbbe7f402bb9
2024-09-30 09:55:38,62,18248f005b7493422ea25abcce7179b6d01446ebce2f14824bfbdbbe7f402bb9
2024-09-30 09:55:38,62,18248f005b7493422ea25abcce7179b6d01446ebce2f14824bfbdbbe7f402bb9
2024-09-30 09:55:39,62,18248f005b7493422ea25abcce7179b6d01446ebce2f14824bfbdbbe7f402bb9
2024-09-30 09:55:40,62,18248f005b7493422ea25abcce7179b6d01446ebce2f14824bfbdbbe7f402bb9
2024-09-30 09:55:44,62,d787358040843e660eb94b464371ac26c3ccc54906bd94fcbf398471ccb0e763
2024-09-30 09:55:44,62,d787358040843e660eb94b464371ac26c3ccc54906bd94fcbf398471ccb0e763
2024-09-30 09:55:45,62,f214df8686dde5873f6737cdf93909d29f9b61e55a05fd900714072e85e7e2d9
2024-09-30 09:55:46,62,18248f005b7493422ea25abcce7179b6d01446ebce2f14824bfbdbbe7f402bb9
2024-09-30 09:55:46,62,18248f005b7493422ea25abcce7179b6d01446ebce2f14824bfbdbbe7f402bb9
2024-09-30 09:55:47,62,18248f005b7493422ea25abcce7179b6d01446ebce2f14824bfbdbbe7f402bb9
2024-09-30 09:55:47,62,18248f005b7493422ea25abcce7179b6d01446ebce2f14824bfbdbbe7f402bb9
2024-09-30 09:55:58,62,3ba35de4b3bd9378058e3a4ea76a87a9eb15d7dd1ed8c76001f405163cb1bd61
2024-09-30 09:55:59,62,3ba35de4b3bd9378058e3a4ea76a87a9eb15d7dd1ed8c76001f405163cb1bd61
2024-09-30 09:55:59,62,3ba35de4b3bd9378058e3a4ea76a87a9eb15d7dd1ed8c76001f405163cb1bd61
2024-09-30 09:55:59,62,3ba35de4b3bd9378058e3a4ea76a87a9eb15d7dd1ed8c76001f405163cb1bd61
2024-09-30 09:55:59,62,3ba35de4b3bd9378058e3a4ea76a87a9eb15d7dd1ed8c76001f405163cb1bd61
2024-09-30 09:56:05,62,3ba35de4b3bd9378058e3a4ea76a87a9eb15d7dd1ed8c76001f405163cb1bd61
2024-09-30 09:56:05,62,3ba35de4b3bd9378058e3a4ea76a87a9eb15d7dd1ed8c76001f405163cb1bd61
2024-09-30 09:56:05,62,3ba35de4b3bd9378058e3a4ea76a87a9eb15d7dd1ed8c76001f405163cb1bd61
2024-09-30 09:56:08,62,18248f005b7493422ea25abcce7179b6d01446ebce2f14824bfbdbbe7f402bb9
2024-09-30 09:56:08,62,18248f005b7493422ea25abcce7179b6d01446ebce2f14824bfbdbbe7f402bb9
2024-09-30 09:56:08,62,18248f005b7493422ea25abcce7179b6d01446ebce2f14824bfbdbbe7f402bb9
2024-09-30 09:56:15,62,18248f005b7493422ea25abcce7179b6d01446ebce2f14824bfbdbbe7f402bb9
2024-09-30 09:56:15,62,18248f005b7493422ea25abcce7179b6d01446ebce2f14824bfbdbbe7f402bb9
2024-09-30 09:56:16,62,18248f005b7493422ea25abcce7179b6d01446ebce2f14824bfbdbbe7f402bb9
2024-09-30 09:56:16,62,18248f005b7493422ea25abcce7179b6d01446ebce2f14824bfbdbbe7f402bb9
2024-09-30 09:56:16,62,18248f005b7493422ea25abcce7179b6d01446ebce2f14824bfbdbbe7f402bb9
2024-09-30 09:56:16,62,18248f005b7493422ea25abcce7179b6d01446ebce2f14824bfbdbbe7f402bb9
2024-09-30 09:56:20,62,18248f005b7493422ea25abcce7179b6d01446ebce2f14824bfbdbbe7f402bb9
2024-09-30 09:56:20,62,18248f005b7493422ea25abcce7179b6d01446ebce2f14824bfbdbbe7f402bb9
2024-09-30 09:56:21,62,01fbae127e8db09da74812bde292eb77d2a68a7897a5571bb7c33ad12264102a
2024-09-30 09:56:22,62,01fbae127e8db09da74812bde292eb77d2a68a7897a5571bb7c33ad12264102a
2024-09-30 09:56:22,62,01fbae127e8db09da74812bde292eb77d2a68a7897a5571bb7c33ad12264102a
2024-09-30 09:56:22,62,01fbae127e8db09da74812bde292eb77d2a68a7897a5571bb7c33ad12264102a
2024-09-30 09:56:23,62,18248f005b7493422ea25abcce7179b6d01446ebce2f14824bfbdbbe7f402bb9
2024-09-30 09:56:31,62,18248f005b7493422ea25abcce7179b6d01446ebce2f14824bfbdbbe7f402bb9
2024-09-30 09:56:33,62,18248f005b7493422ea25abcce7179b6d01446ebce2f14824bfbdbbe7f402bb9
2024-09-30 09:56:33,62,18248f005b7493422ea25abcce7179b6d01446ebce2f14824bfbdbbe7f402bb9
2024-09-30 09:56:41,62,18248f005b7493422ea25abcce7179b6d01446ebce2f14824bfbdbbe7f402bb9
2024-09-30 09:56:41,62,18248f005b7493422ea25abcce7179b6d01446ebce2f14824bfbdbbe7f402bb9
2024-09-30 09:56:47,62,01fbae127e8db09da74812bde292eb77d2a68a7897a5571bb7c33ad12264102a
2024-09-30 09:56:47,62,01fbae127e8db09da74812bde292eb77d2a68a7897a5571bb7c33ad12264102a
2024-09-30 09:56:47,62,01fbae127e8db09da74812bde292eb77d2a68a7897a5571bb7c33ad12264102a
2024-09-30 09:56:47,62,01fbae127e8db09da74812bde292eb77d2a68a7897a5571bb7c33ad12264102a
2024-09-30 09:57:10,62,18248f005b7493422ea25abcce7179b6d01446ebce2f14824bfbdbbe7f402bb9
2024-09-30 09:57:10,62,18248f005b7493422ea25abcce7179b6d01446ebce2f14824bfbdbbe7f402bb9
2024-09-30 09:57:17,62,18248f005b7493422ea25abcce7179b6d01446ebce2f14824bfbdbbe7f402bb9
2024-09-30 09:57:17,62,18248f005b7493422ea25abcce7179b6d01446ebce2f14824bfbdbbe7f402bb9
2024-09-30 09:57:18,62,18248f005b7493422ea25abcce7179b6d01446ebce2f14824bfbdbbe7f402bb9
2024-09-30 09:57:27,62,18248f005b7493422ea25abcce7179b6d01446ebce2f14824bfbdbbe7f402bb9
2024-09-30 09:57:31,62,01fbae127e8db09da74812bde292eb77d2a68a7897a5571bb7c33ad12264102a
2024-09-30 09:57:31,62,01fbae127e8db09da74812bde292eb77d2a68a7897a5571bb7c33ad12264102a
2024-09-30 09:57:31,62,01fbae127e8db09da74812bde292eb77d2a68a7897a5571bb7c33ad12264102a
2024-09-30 09:57:37,62,01fbae127e8db09da74812bde292eb77d2a68a7897a5571bb7c33ad12264102a
2024-09-30 09:57:37,62,01fbae127e8db09da74812bde292eb77d2a68a7897a5571bb7c33ad12264102a
2024-09-30 09:57:37,62,01fbae127e8db09da74812bde292eb77d2a68a7897a5571bb7c33ad12264102a
2024-09-30 09:57:38,62,18248f005b7493422ea25abcce7179b6d01446ebce2f14824bfbdbbe7f402bb9
2024-09-30 09:57:38,62,18248f005b7493422ea25abcce7179b6d01446ebce2f14824bfbdbbe7f402bb9
2024-09-30 09:57:38,62,18248f005b7493422ea25abcce7179b6d01446ebce2f14824bfbdbbe7f402bb9
2024-09-30 09:57:46,62,18248f005b7493422ea25abcce7179b6d01446ebce2f14824bfbdbbe7f402bb9
2024-09-30 09:57:47,62,18248f005b7493422ea25abcce7179b6d01446ebce2f14824bfbdbbe7f402bb9
2024-09-30 09:57:47,62,18248f005b7493422ea25abcce7179b6d01446ebce2f14824bfbdbbe7f402bb9
2024-09-30 09:57:47,62,18248f005b7493422ea25abcce7179b6d01446ebce2f14824bfbdbbe7f402bb9
2024-09-30 09:57:47,62,18248f005b7493422ea25abcce7179b6d01446ebce2f14824bfbdbbe7f402bb9
2024-09-30 09:57:47,62,18248f005b7493422ea25abcce7179b6d01446ebce2f14824bfbdbbe7f402bb9
2024-09-30 09:57:51,62,01fbae127e8db09da74812bde292eb77d2a68a7897a5571bb7c33ad12264102a
2024-09-30 09:57:51,62,01fbae127e8db09da74812bde292eb77d2a68a7897a5571bb7c33ad12264102a
2024-09-30 09:57:51,62,01fbae127e8db09da74812bde292eb77d2a68a7897a5571bb7c33ad12264102a
2024-09-30 09:57:51,62,01fbae127e8db09da74812bde292eb77d2a68a7897a5571bb7c33ad12264102a
2024-09-30 09:57:51,62,01fbae127e8db09da74812bde292eb77d2a68a7897a5571bb7c33ad12264102a
2024-09-30 09:57:52,62,01fbae127e8db09da74812bde292eb77d2a68a7897a5571bb7c33ad12264102a
2024-09-30 09:57:52,62,01fbae127e8db09da74812bde292eb77d2a68a7897a5571bb7c33ad12264102a
2024-09-30 09:57:52,62,01fbae127e8db09da74812bde292eb77d2a68a7897a5571bb7c33ad12264102a
2024-09-30 09:57:52,62,01fbae127e8db09da74812bde292eb77d2a68a7897a5571bb7c33ad12264102a
2024-09-30 09:57:54,62,18248f005b7493422ea25abcce7179b6d01446ebce2f14824bfbdbbe7f402bb9
2024-09-30 09:57:54,62,18248f005b7493422ea25abcce7179b6d01446ebce2f14824bfbdbbe7f402bb9
2024-09-30 09:57:54,62,18248f005b7493422ea25abcce7179b6d01446ebce2f14824bfbdbbe7f402bb9
2024-09-30 09:57:54,62,18248f005b7493422ea25abcce7179b6d01446ebce2f14824bfbdbbe7f402bb9
2024-09-30 09:57:54,62,18248f005b7493422ea25abcce7179b6d01446ebce2f14824bfbdbbe7f402bb9
2024-09-30 09:57:55,62,18248f005b7493422ea25abcce7179b6d01446ebce2f14824bfbdbbe7f402bb9
2024-09-30 09:58:01,62,01fbae127e8db09da74812bde292eb77d2a68a7897a5571bb7c33ad12264102a
2024-09-30 09:58:01,62,01fbae127e8db09da74812bde292eb77d2a68a7897a5571bb7c33ad12264102a
2024-09-30 09:58:02,62,01fbae127e8db09da74812bde292eb77d2a68a7897a5571bb7c33ad12264102a
2024-09-30 09:58:02,62,01fbae127e8db09da74812bde292eb77d2a68a7897a5571bb7c33ad12264102a
2024-09-30 09:58:02,62,01fbae127e8db09da74812bde292eb77d2a68a7897a5571bb7c33ad12264102a
2024-09-30 09:58:02,62,01fbae127e8db09da74812bde292eb77d2a68a7897a5571bb7c33ad12264102a
2024-09-30 09:58:02,62,92dec0a03d236b1673c65fd213be5f229f5bd4074d40b53ff471c1af5b5a99bb
2024-09-30 09:58:13,62,18248f005b7493422ea25abcce7179b6d01446ebce2f14824bfbdbbe7f402bb9
2024-09-30 09:58:13,62,18248f005b7493422ea25abcce7179b6d01446ebce2f14824bfbdbbe7f402bb9
2024-09-30 09:58:13,62,18248f005b7493422ea25abcce7179b6d01446ebce2f14824bfbdbbe7f402bb9
2024-09-30 09:58:16,62,f214df8686dde5873f6737cdf93909d29f9b61e55a05fd900714072e85e7e2d9
2024-09-30 09:58:16,62,f214df8686dde5873f6737cdf93909d29f9b61e55a05fd900714072e85e7e2d9
2024-09-30 09:58:16,62,f214df8686dde5873f6737cdf93909d29f9b61e55a05fd900714072e85e7e2d9
2024-09-30 09:58:25,62,f214df8686dde5873f6737cdf93909d29f9b61e55a05fd900714072e85e7e2d9
2024-09-30 09:58:36,62,18248f005b7493422ea25abcce7179b6d01446ebce2f14824bfbdbbe7f402bb9
2024-09-30 09:58:51,62,18248f005b7493422ea25abcce7179b6d01446ebce2f14824bfbdbbe7f402bb9
2024-09-30 09:58:53,62,d787358040843e660eb94b464371ac26c3ccc54906bd94fcbf398471ccb0e763
2024-09-30 09:58:53,62,d787358040843e660eb94b464371ac26c3ccc54906bd94fcbf398471ccb0e763
2024-09-30 09:59:01,62,18248f005b7493422ea25abcce7179b6d01446ebce2f14824bfbdbbe7f402bb9
2024-09-30 09:59:06,62,18248f005b7493422ea25abcce7179b6d01446ebce2f14824bfbdbbe7f402bb9
2024-09-30 09:59:19,62,18248f005b7493422ea25abcce7179b6d01446ebce2f14824bfbdbbe7f402bb9
2024-09-30 09:59:19,62,18248f005b7493422ea25abcce7179b6d01446ebce2f14824bfbdbbe7f402bb9
2024-09-30 09:59:19,62,18248f005b7493422ea25abcce7179b6d01446ebce2f14824bfbdbbe7f402bb9
2024-09-30 09:59:19,62,18248f005b7493422ea25abcce7179b6d01446ebce2f14824bfbdbbe7f402bb9
2024-09-30 09:59:19,62,18248f005b7493422ea25abcce7179b6d01446ebce2f14824bfbdbbe7f402bb9
2024-09-30 09:59:21,62,18248f005b7493422ea25abcce7179b6d01446ebce2f14824bfbdbbe7f402bb9
2024-09-30 09:59:22,62,18248f005b7493422ea25abcce7179b6d01446ebce2f14824bfbdbbe7f402bb9
2024-09-30 09:59:22,62,18248f005b7493422ea25abcce7179b6d01446ebce2f14824bfbdbbe7f402bb9
2024-09-30 09:59:23,62,18248f005b7493422ea25abcce7179b6d01446ebce2f14824bfbdbbe7f402bb9
2024-09-30 09:59:23,62,18248f005b7493422ea25abcce7179b6d01446ebce2f14824bfbdbbe7f402bb9
2024-09-30 09:59:25,62,01fbae127e8db09da74812bde292eb77d2a68a7897a5571bb7c33ad12264102a
2024-09-30 09:59:26,62,01fbae127e8db09da74812bde292eb77d2a68a7897a5571bb7c33ad12264102a
2024-09-30 09:59:26,62,01fbae127e8db09da74812bde292eb77d2a68a7897a5571bb7c33ad12264102a
2024-09-30 09:59:30,62,ac6bdf2d5686dae420b8fa528fcc9b72514a3cbbdca201fadac306c2091d9b0c
2024-09-30 09:59:30,62,ac6bdf2d5686dae420b8fa528fcc9b72514a3cbbdca201fadac306c2091d9b0c
2024-09-30 09:59:34,62,18248f005b7493422ea25abcce7179b6d01446ebce2f14824bfbdbbe7f402bb9
2024-09-30 09:59:34,62,18248f005b7493422ea25abcce7179b6d01446ebce2f14824bfbdbbe7f402bb9
2024-09-30 09:59:36,62,01fbae127e8db09da74812bde292eb77d2a68a7897a5571bb7c33ad12264102a
2024-09-30 09:59:36,62,01fbae127e8db09da74812bde292eb77d2a68a7897a5571bb7c33ad12264102a
2024-09-30 09:59:36,62,01fbae127e8db09da74812bde292eb77d2a68a7897a5571bb7c33ad12264102a
2024-09-30 09:59:36,62,01fbae127e8db09da74812bde292eb77d2a68a7897a5571bb7c33ad12264102a
2024-09-30 09:59:36,62,01fbae127e8db09da74812bde292eb77d2a68a7897a5571bb7c33ad12264102a
2024-09-30 09:59:36,62,01fbae127e8db09da74812bde292eb77d2a68a7897a5571bb7c33ad12264102a
2024-09-30 09:59:36,62,01fbae127e8db09da74812bde292eb77d2a68a7897a5571bb7c33ad12264102a
2024-09-30 09:59:36,62,01fbae127e8db09da74812bde292eb77d2a68a7897a5571bb7c33ad12264102a
2024-09-30 09:59:36,62,01fbae127e8db09da74812bde292eb77d2a68a7897a5571bb7c33ad12264102a
2024-09-30 09:59:46,62,b259ad7b374273c26bec3567023bb3cef7a54a76409fb3688a4ef5ae3e07d4ba
2024-09-30 09:59:54,62,18248f005b7493422ea25abcce7179b6d01446ebce2f14824bfbdbbe7f402bb9
2024-09-30 09:59:54,62,18248f005b7493422ea25abcce7179b6d01446ebce2f14824bfbdbbe7f402bb9
2024-09-30 09:59:54,62,18248f005b7493422ea25abcce7179b6d01446ebce2f14824bfbdbbe7f402bb9
2024-09-30 10:00:01,62,18248f005b7493422ea25abcce7179b6d01446ebce2f14824bfbdbbe7f402bb9
2024-09-30 10:00:01,62,18248f005b7493422ea25abcce7179b6d01446ebce2f14824bfbdbbe7f402bb9
2024-09-30 10:00:06,62,18248f005b7493422ea25abcce7179b6d01446ebce2f14824bfbdbbe7f402bb9
2024-09-30 10:00:15,62,18248f005b7493422ea25abcce7179b6d01446ebce2f14824bfbdbbe7f402bb9
2024-09-30 10:00:15,62,18248f005b7493422ea25abcce7179b6d01446ebce2f14824bfbdbbe7f402bb9
2024-09-30 10:00:15,62,18248f005b7493422ea25abcce7179b6d01446ebce2f14824bfbdbbe7f402bb9
2024-09-30 10:00:15,62,18248f005b7493422ea25abcce7179b6d01446ebce2f14824bfbdbbe7f402bb9
2024-09-30 10:00:15,62,18248f005b7493422ea25abcce7179b6d01446ebce2f14824bfbdbbe7f402bb9
2024-09-30 10:00:15,62,18248f005b7493422ea25abcce7179b6d01446ebce2f14824bfbdbbe7f402bb9
2024-09-30 10:00:31,62,c81372ca9529ddeb87790ff76f6745ec6870bc09bcdd705d8da7bfde78aed086
2024-09-30 10:00:31,62,c81372ca9529ddeb87790ff76f6745ec6870bc09bcdd705d8da7bfde78aed086
2024-09-30 10:00:31,62,c81372ca9529ddeb87790ff76f6745ec6870bc09bcdd705d8da7bfde78aed086
2024-09-30 10:00:31,62,c81372ca9529ddeb87790ff76f6745ec6870bc09bcdd705d8da7bfde78aed086
2024-09-30 10:00:31,62,c81372ca9529ddeb87790ff76f6745ec6870bc09bcdd705d8da7bfde78aed086
2024-09-30 10:00:31,62,c81372ca9529ddeb87790ff76f6745ec6870bc09bcdd705d8da7bfde78aed086
2024-09-30 10:00:32,62,c81372ca9529ddeb87790ff76f6745ec6870bc09bcdd705d8da7bfde78aed086
2024-09-30 10:00:32,62,c81372ca9529ddeb87790ff76f6745ec6870bc09bcdd705d8da7bfde78aed086
2024-09-30 10:00:41,62,18248f005b7493422ea25abcce7179b6d01446ebce2f14824bfbdbbe7f402bb9
2024-09-30 10:00:41,62,18248f005b7493422ea25abcce7179b6d01446ebce2f14824bfbdbbe7f402bb9
2024-09-30 10:00:41,62,18248f005b7493422ea25abcce7179b6d01446ebce2f14824bfbdbbe7f402bb9
2024-09-30 10:00:41,62,18248f005b7493422ea25abcce7179b6d01446ebce2f14824bfbdbbe7f402bb9
2024-09-30 10:00:41,62,18248f005b7493422ea25abcce7179b6d01446ebce2f14824bfbdbbe7f402bb9
2024-09-30 10:00:50,62,18248f005b7493422ea25abcce7179b6d01446ebce2f14824bfbdbbe7f402bb9
2024-09-30 10:00:52,62,18248f005b7493422ea25abcce7179b6d01446ebce2f14824bfbdbbe7f402bb9
2024-09-30 10:00:52,62,18248f005b7493422ea25abcce7179b6d01446ebce2f14824bfbdbbe7f402bb9
2024-09-30 10:00:57,62,18248f005b7493422ea25abcce7179b6d01446ebce2f14824bfbdbbe7f402bb9
2024-09-30 10:01:05,62,18248f005b7493422ea25abcce7179b6d01446ebce2f14824bfbdbbe7f402bb9
2024-09-30 10:01:12,62,c81372ca9529ddeb87790ff76f6745ec6870bc09bcdd705d8da7bfde78aed086
2024-09-30 10:01:12,62,c81372ca9529ddeb87790ff76f6745ec6870bc09bcdd705d8da7bfde78aed086
2024-09-30 10:01:16,62,18248f005b7493422ea25abcce7179b6d01446ebce2f14824bfbdbbe7f402bb9
2024-09-30 10:01:21,62,18248f005b7493422ea25abcce7179b6d01446ebce2f14824bfbdbbe7f402bb9
2024-09-30 10:01:21,62,18248f005b7493422ea25abcce7179b6d01446ebce2f14824bfbdbbe7f402bb9
2024-09-30 10:01:21,62,18248f005b7493422ea25abcce7179b6d01446ebce2f14824bfbdbbe7f402bb9
2024-09-30 10:01:26,62,18248f005b7493422ea25abcce7179b6d01446ebce2f14824bfbdbbe7f402bb9
2024-09-30 10:01:32,62,92dec0a03d236b1673c65fd213be5f229f5bd4074d40b53ff471c1af5b5a99bb
2024-09-30 10:01:58,62,f5332f306ce88c7c35ea76a3726d0e453733e1841f94896c7043e744314cccaf
2024-09-30 10:02:10,62,18248f005b7493422ea25abcce7179b6d01446ebce2f14824bfbdbbe7f402bb9
2024-09-30 10:02:10,62,18248f005b7493422ea25abcce7179b6d01446ebce2f14824bfbdbbe7f402bb9
2024-09-30 10:02:10,62,18248f005b7493422ea25abcce7179b6d01446ebce2f14824bfbdbbe7f402bb9
2024-09-30 10:02:10,62,18248f005b7493422ea25abcce7179b6d01446ebce2f14824bfbdbbe7f402bb9
2024-09-30 10:02:10,62,18248f005b7493422ea25abcce7179b6d01446ebce2f14824bfbdbbe7f402bb9
2024-09-30 10:02:10,62,18248f005b7493422ea25abcce7179b6d01446ebce2f14824bfbdbbe7f402bb9
2024-09-30 10:02:10,62,18248f005b7493422ea25abcce7179b6d01446ebce2f14824bfbdbbe7f402bb9
2024-09-30 10:02:10,62,18248f005b7493422ea25abcce7179b6d01446ebce2f14824bfbdbbe7f402bb9
2024-09-30 10:02:11,62,01fbae127e8db09da74812bde292eb77d2a68a7897a5571bb7c33ad12264102a
2024-09-30 10:02:11,62,01fbae127e8db09da74812bde292eb77d2a68a7897a5571bb7c33ad12264102a
2024-09-30 10:02:11,62,01fbae127e8db09da74812bde292eb77d2a68a7897a5571bb7c33ad12264102a
2024-09-30 10:02:11,62,c81372ca9529ddeb87790ff76f6745ec6870bc09bcdd705d8da7bfde78aed086
2024-09-30 10:02:12,62,c81372ca9529ddeb87790ff76f6745ec6870bc09bcdd705d8da7bfde78aed086
2024-09-30 10:02:12,62,c81372ca9529ddeb87790ff76f6745ec6870bc09bcdd705d8da7bfde78aed086
2024-09-30 10:02:12,62,c81372ca9529ddeb87790ff76f6745ec6870bc09bcdd705d8da7bfde78aed086
2024-09-30 10:02:12,62,c81372ca9529ddeb87790ff76f6745ec6870bc09bcdd705d8da7bfde78aed086
2024-09-30 10:02:12,62,c81372ca9529ddeb87790ff76f6745ec6870bc09bcdd705d8da7bfde78aed086
2024-09-30 10:02:12,62,c81372ca9529ddeb87790ff76f6745ec6870bc09bcdd705d8da7bfde78aed086
2024-09-30 10:02:12,62,c81372ca9529ddeb87790ff76f6745ec6870bc09bcdd705d8da7bfde78aed086
2024-09-30 10:02:12,62,c81372ca9529ddeb87790ff76f6745ec6870bc09bcdd705d8da7bfde78aed086
2024-09-30 10:02:12,62,7c4453e3d4d73bd1bce504865388a0764a37247da861fea3b10395f100881bb4
2024-09-30 10:02:12,62,7c4453e3d4d73bd1bce504865388a0764a37247da861fea3b10395f100881bb4
2024-09-30 10:02:12,62,7c4453e3d4d73bd1bce504865388a0764a37247da861fea3b10395f100881bb4
2024-09-30 10:02:25,62,01fbae127e8db09da74812bde292eb77d2a68a7897a5571bb7c33ad12264102a
2024-09-30 10:02:25,62,01fbae127e8db09da74812bde292eb77d2a68a7897a5571bb7c33ad12264102a
2024-09-30 10:02:25,62,01fbae127e8db09da74812bde292eb77d2a68a7897a5571bb7c33ad12264102a
2024-09-30 10:02:25,62,01fbae127e8db09da74812bde292eb77d2a68a7897a5571bb7c33ad12264102a
2024-09-30 10:02:25,62,01fbae127e8db09da74812bde292eb77d2a68a7897a5571bb7c33ad12264102a
2024-09-30 10:02:25,62,01fbae127e8db09da74812bde292eb77d2a68a7897a5571bb7c33ad12264102a
2024-09-30 10:02:30,62,18248f005b7493422ea25abcce7179b6d01446ebce2f14824bfbdbbe7f402bb9
2024-09-30 10:02:30,62,18248f005b7493422ea25abcce7179b6d01446ebce2f14824bfbdbbe7f402bb9
2024-09-30 10:02:30,62,18248f005b7493422ea25abcce7179b6d01446ebce2f14824bfbdbbe7f402bb9
2024-09-30 10:02:42,62,f5332f306ce88c7c35ea76a3726d0e453733e1841f94896c7043e744314cccaf
2024-09-30 10:02:51,62,c81372ca9529ddeb87790ff76f6745ec6870bc09bcdd705d8da7bfde78aed086
2024-09-30 10:02:51,62,c81372ca9529ddeb87790ff76f6745ec6870bc09bcdd705d8da7bfde78aed086
2024-09-30 10:03:10,62,18248f005b7493422ea25abcce7179b6d01446ebce2f14824bfbdbbe7f402bb9
2024-09-30 10:03:10,62,18248f005b7493422ea25abcce7179b6d01446ebce2f14824bfbdbbe7f402bb9
2024-09-30 10:03:10,62,18248f005b7493422ea25abcce7179b6d01446ebce2f14824bfbdbbe7f402bb9
2024-09-30 10:03:10,62,18248f005b7493422ea25abcce7179b6d01446ebce2f14824bfbdbbe7f402bb9
2024-09-30 10:03:13,62,92dec0a03d236b1673c65fd213be5f229f5bd4074d40b53ff471c1af5b5a99bb
2024-09-30 10:03:16,62,f214df8686dde5873f6737cdf93909d29f9b61e55a05fd900714072e85e7e2d9
2024-09-30 10:03:27,62,f5332f306ce88c7c35ea76a3726d0e453733e1841f94896c7043e744314cccaf
2024-09-30 10:03:31,62,97fe248420114cd0e2a020fbd84efa3304f85f329233553895430a6dcdec00e4
2024-09-30 10:03:32,62,c81372ca9529ddeb87790ff76f6745ec6870bc09bcdd705d8da7bfde78aed086
2024-09-30 10:03:32,62,c81372ca9529ddeb87790ff76f6745ec6870bc09bcdd705d8da7bfde78aed086
2024-09-30 10:03:32,62,c81372ca9529ddeb87790ff76f6745ec6870bc09bcdd705d8da7bfde78aed086
2024-09-30 10:03:32,62,c81372ca9529ddeb87790ff76f6745ec6870bc09bcdd705d8da7bfde78aed086
2024-09-30 10:03:32,62,c81372ca9529ddeb87790ff76f6745ec6870bc09bcdd705d8da7bfde78aed086
2024-09-30 10:03:32,62,c81372ca9529ddeb87790ff76f6745ec6870bc09bcdd705d8da7bfde78aed086
2024-09-30 10:03:32,62,c81372ca9529ddeb87790ff76f6745ec6870bc09bcdd705d8da7bfde78aed086
2024-09-30 10:03:32,62,c81372ca9529ddeb87790ff76f6745ec6870bc09bcdd705d8da7bfde78aed086
2024-09-30 10:03:34,62,18248f005b7493422ea25abcce7179b6d01446ebce2f14824bfbdbbe7f402bb9
2024-09-30 10:03:34,62,18248f005b7493422ea25abcce7179b6d01446ebce2f14824bfbdbbe7f402bb9
2024-09-30 10:03:34,62,d787358040843e660eb94b464371ac26c3ccc54906bd94fcbf398471ccb0e763
2024-09-30 10:03:36,62,18248f005b7493422ea25abcce7179b6d01446ebce2f14824bfbdbbe7f402bb9
2024-09-30 10:03:41,62,92dec0a03d236b1673c65fd213be5f229f5bd4074d40b53ff471c1af5b5a99bb
2024-09-30 10:03:46,62,f214df8686dde5873f6737cdf93909d29f9b61e55a05fd900714072e85e7e2d9
2024-09-30 10:03:46,62,f214df8686dde5873f6737cdf93909d29f9b61e55a05fd900714072e85e7e2d9
2024-09-30 10:03:46,62,f214df8686dde5873f6737cdf93909d29f9b61e55a05fd900714072e85e7e2d9
2024-09-30 10:03:50,62,b259ad7b374273c26bec3567023bb3cef7a54a76409fb3688a4ef5ae3e07d4ba
2024-09-30 10:03:50,62,b259ad7b374273c26bec3567023bb3cef7a54a76409fb3688a4ef5ae3e07d4ba
2024-09-30 10:03:50,62,b259ad7b374273c26bec3567023bb3cef7a54a76409fb3688a4ef5ae3e07d4ba
2024-09-30 10:03:50,62,b259ad7b374273c26bec3567023bb3cef7a54a76409fb3688a4ef5ae3e07d4ba
2024-09-30 10:03:50,62,b259ad7b374273c26bec3567023bb3cef7a54a76409fb3688a4ef5ae3e07d4ba
2024-09-30 10:03:53,62,18248f005b7493422ea25abcce7179b6d01446ebce2f14824bfbdbbe7f402bb9
2024-09-30 10:04:06,62,92dec0a03d236b1673c65fd213be5f229f5bd4074d40b53ff471c1af5b5a99bb
2024-09-30 10:04:13,62,7c4453e3d4d73bd1bce504865388a0764a37247da861fea3b10395f100881bb4
2024-09-30 10:04:13,62,18248f005b7493422ea25abcce7179b6d01446ebce2f14824bfbdbbe7f402bb9
2024-09-30 10:04:13,62,18248f005b7493422ea25abcce7179b6d01446ebce2f14824bfbdbbe7f402bb9
2024-09-30 10:04:30,62,f5332f306ce88c7c35ea76a3726d0e453733e1841f94896c7043e744314cccaf
2024-09-30 10:04:47,62,18248f005b7493422ea25abcce7179b6d01446ebce2f14824bfbdbbe7f402bb9
2024-09-30 10:04:51,62,18248f005b7493422ea25abcce7179b6d01446ebce2f14824bfbdbbe7f402bb9
2024-09-30 10:04:51,62,18248f005b7493422ea25abcce7179b6d01446ebce2f14824bfbdbbe7f402bb9
2024-09-30 10:04:51,62,18248f005b7493422ea25abcce7179b6d01446ebce2f14824bfbdbbe7f402bb9
2024-09-30 10:04:51,62,18248f005b7493422ea25abcce7179b6d01446ebce2f14824bfbdbbe7f402bb9
2024-09-30 10:04:51,62,18248f005b7493422ea25abcce7179b6d01446ebce2f14824bfbdbbe7f402bb9
2024-09-30 10:04:58,62,18248f005b7493422ea25abcce7179b6d01446ebce2f14824bfbdbbe7f402bb9
2024-09-30 10:05:19,62,d787358040843e660eb94b464371ac26c3ccc54906bd94fcbf398471ccb0e763
2024-09-30 10:05:19,62,d787358040843e660eb94b464371ac26c3ccc54906bd94fcbf398471ccb0e763
2024-09-30 10:05:31,62,18248f005b7493422ea25abcce7179b6d01446ebce2f14824bfbdbbe7f402bb9
2024-09-30 10:05:32,62,c81372ca9529ddeb87790ff76f6745ec6870bc09bcdd705d8da7bfde78aed086
2024-09-30 10:05:32,62,c81372ca9529ddeb87790ff76f6745ec6870bc09bcdd705d8da7bfde78aed086
2024-09-30 10:05:32,62,c81372ca9529ddeb87790ff76f6745ec6870bc09bcdd705d8da7bfde78aed086
2024-09-30 10:05:42,62,f5332f306ce88c7c35ea76a3726d0e453733e1841f94896c7043e744314cccaf
2024-09-30 10:05:43,62,18248f005b7493422ea25abcce7179b6d01446ebce2f14824bfbdbbe7f402bb9
2024-09-30 10:05:57,62,18248f005b7493422ea25abcce7179b6d01446ebce2f14824bfbdbbe7f402bb9
2024-09-30 10:05:59,62,18248f005b7493422ea25abcce7179b6d01446ebce2f14824bfbdbbe7f402bb9
2024-09-30 10:06:08,62,18248f005b7493422ea25abcce7179b6d01446ebce2f14824bfbdbbe7f402bb9
2024-09-30 10:06:16,62,d787358040843e660eb94b464371ac26c3ccc54906bd94fcbf398471ccb0e763
2024-09-30 10:06:16,62,d787358040843e660eb94b464371ac26c3ccc54906bd94fcbf398471ccb0e763
2024-09-30 10:06:16,62,18248f005b7493422ea25abcce7179b6d01446ebce2f14824bfbdbbe7f402bb9
2024-09-30 10:06:22,62,18248f005b7493422ea25abcce7179b6d01446ebce2f14824bfbdbbe7f402bb9
2024-09-30 10:06:22,62,18248f005b7493422ea25abcce7179b6d01446ebce2f14824bfbdbbe7f402bb9
2024-09-30 10:06:22,62,18248f005b7493422ea25abcce7179b6d01446ebce2f14824bfbdbbe7f402bb9
2024-09-30 10:06:26,62,f214df8686dde5873f6737cdf93909d29f9b61e55a05fd900714072e85e7e2d9
2024-09-30 10:06:31,62,18248f005b7493422ea25abcce7179b6d01446ebce2f14824bfbdbbe7f402bb9
2024-09-30 10:06:31,62,18248f005b7493422ea25abcce7179b6d01446ebce2f14824bfbdbbe7f402bb9
2024-09-30 10:06:31,62,18248f005b7493422ea25abcce7179b6d01446ebce2f14824bfbdbbe7f402bb9
2024-09-30 10:06:33,62,18248f005b7493422ea25abcce7179b6d01446ebce2f14824bfbdbbe7f402bb9
2024-09-30 10:06:33,62,18248f005b7493422ea25abcce7179b6d01446ebce2f14824bfbdbbe7f402bb9
2024-09-30 10:06:34,62,1afe1637b9f98883a0da64167b0f98da338c239c2ef656fc3ef95d01e9fa38ce
2024-09-30 10:06:34,62,1afe1637b9f98883a0da64167b0f98da338c239c2ef656fc3ef95d01e9fa38ce
2024-09-30 10:06:38,62,18248f005b7493422ea25abcce7179b6d01446ebce2f14824bfbdbbe7f402bb9
2024-09-30 10:07:03,62,18248f005b7493422ea25abcce7179b6d01446ebce2f14824bfbdbbe7f402bb9
2024-09-30 10:07:11,62,c81372ca9529ddeb87790ff76f6745ec6870bc09bcdd705d8da7bfde78aed086
2024-09-30 10:07:11,62,c81372ca9529ddeb87790ff76f6745ec6870bc09bcdd705d8da7bfde78aed086
2024-09-30 10:07:11,62,c81372ca9529ddeb87790ff76f6745ec6870bc09bcdd705d8da7bfde78aed086
2024-09-30 10:07:26,62,18248f005b7493422ea25abcce7179b6d01446ebce2f14824bfbdbbe7f402bb9
2024-09-30 10:07:38,62,18248f005b7493422ea25abcce7179b6d01446ebce2f14824bfbdbbe7f402bb9
2024-09-30 10:07:54,62,3901688d33322be8e6e95730a2d46b3b729d303d6507bd4ac75095ad5a7df8e8
2024-09-30 10:07:57,62,18248f005b7493422ea25abcce7179b6d01446ebce2f14824bfbdbbe7f402bb9
2024-09-30 10:07:57,62,18248f005b7493422ea25abcce7179b6d01446ebce2f14824bfbdbbe7f402bb9
2024-09-30 10:08:06,62,18248f005b7493422ea25abcce7179b6d01446ebce2f14824bfbdbbe7f402bb9
2024-09-30 10:08:06,62,18248f005b7493422ea25abcce7179b6d01446ebce2f14824bfbdbbe7f402bb9
2024-09-30 10:08:06,62,18248f005b7493422ea25abcce7179b6d01446ebce2f14824bfbdbbe7f402bb9
2024-09-30 10:08:06,62,18248f005b7493422ea25abcce7179b6d01446ebce2f14824bfbdbbe7f402bb9
2024-09-30 10:08:07,62,f5332f306ce88c7c35ea76a3726d0e453733e1841f94896c7043e744314cccaf
2024-09-30 10:08:12,62,c81372ca9529ddeb87790ff76f6745ec6870bc09bcdd705d8da7bfde78aed086
2024-09-30 10:08:12,62,c81372ca9529ddeb87790ff76f6745ec6870bc09bcdd705d8da7bfde78aed086
2024-09-30 10:08:12,62,c81372ca9529ddeb87790ff76f6745ec6870bc09bcdd705d8da7bfde78aed086
2024-09-30 10:08:12,62,c81372ca9529ddeb87790ff76f6745ec6870bc09bcdd705d8da7bfde78aed086
2024-09-30 10:08:12,62,c81372ca9529ddeb87790ff76f6745ec6870bc09bcdd705d8da7bfde78aed086
2024-09-30 10:08:13,62,18248f005b7493422ea25abcce7179b6d01446ebce2f14824bfbdbbe7f402bb9
2024-09-30 10:08:16,62,f214df8686dde5873f6737cdf93909d29f9b61e55a05fd900714072e85e7e2d9
2024-09-30 10:08:21,62,18248f005b7493422ea25abcce7179b6d01446ebce2f14824bfbdbbe7f402bb9
2024-09-30 10:08:24,62,3901688d33322be8e6e95730a2d46b3b729d303d6507bd4ac75095ad5a7df8e8
2024-09-30 10:08:30,62,18248f005b7493422ea25abcce7179b6d01446ebce2f14824bfbdbbe7f402bb9
2024-09-30 10:08:31,62,18248f005b7493422ea25abcce7179b6d01446ebce2f14824bfbdbbe7f402bb9
2024-09-30 10:08:31,62,18248f005b7493422ea25abcce7179b6d01446ebce2f14824bfbdbbe7f402bb9
2024-09-30 10:08:52,62,18248f005b7493422ea25abcce7179b6d01446ebce2f14824bfbdbbe7f402bb9
2024-09-30 10:08:52,62,f5332f306ce88c7c35ea76a3726d0e453733e1841f94896c7043e744314cccaf
2024-09-30 10:08:56,62,18248f005b7493422ea25abcce7179b6d01446ebce2f14824bfbdbbe7f402bb9
2024-09-30 10:08:56,62,18248f005b7493422ea25abcce7179b6d01446ebce2f14824bfbdbbe7f402bb9
2024-09-30 10:09:06,62,f214df8686dde5873f6737cdf93909d29f9b61e55a05fd900714072e85e7e2d9
2024-09-30 10:09:06,62,f214df8686dde5873f6737cdf93909d29f9b61e55a05fd900714072e85e7e2d9
2024-09-30 10:09:06,62,f214df8686dde5873f6737cdf93909d29f9b61e55a05fd900714072e85e7e2d9
2024-09-30 10:09:15,62,18248f005b7493422ea25abcce7179b6d01446ebce2f14824bfbdbbe7f402bb9
2024-09-30 10:09:15,62,18248f005b7493422ea25abcce7179b6d01446ebce2f14824bfbdbbe7f402bb9
2024-09-30 10:09:18,62,18248f005b7493422ea25abcce7179b6d01446ebce2f14824bfbdbbe7f402bb9
2024-09-30 10:09:18,62,18248f005b7493422ea25abcce7179b6d01446ebce2f14824bfbdbbe7f402bb9
2024-09-30 10:09:18,62,18248f005b7493422ea25abcce7179b6d01446ebce2f14824bfbdbbe7f402bb9
2024-09-30 10:09:18,62,18248f005b7493422ea25abcce7179b6d01446ebce2f14824bfbdbbe7f402bb9
2024-09-30 10:09:18,62,18248f005b7493422ea25abcce7179b6d01446ebce2f14824bfbdbbe7f402bb9
2024-09-30 10:09:18,62,18248f005b7493422ea25abcce7179b6d01446ebce2f14824bfbdbbe7f402bb9
2024-09-30 10:09:31,62,c81372ca9529ddeb87790ff76f6745ec6870bc09bcdd705d8da7bfde78aed086
2024-09-30 10:09:32,62,c81372ca9529ddeb87790ff76f6745ec6870bc09bcdd705d8da7bfde78aed086
2024-09-30 10:09:33,62,18248f005b7493422ea25abcce7179b6d01446ebce2f14824bfbdbbe7f402bb9
2024-09-30 10:10:19,62,b259ad7b374273c26bec3567023bb3cef7a54a76409fb3688a4ef5ae3e07d4ba
2024-09-30 10:10:20,62,d787358040843e660eb94b464371ac26c3ccc54906bd94fcbf398471ccb0e763
2024-09-30 10:10:20,62,d787358040843e660eb94b464371ac26c3ccc54906bd94fcbf398471ccb0e763
2024-09-30 10:10:26,62,18248f005b7493422ea25abcce7179b6d01446ebce2f14824bfbdbbe7f402bb9
2024-09-30 10:10:32,62,18248f005b7493422ea25abcce7179b6d01446ebce2f14824bfbdbbe7f402bb9
2024-09-30 10:10:45,62,0aa6678dc3b862afb472c504c5a30513f99449f36d52d255da214c873aa68beb
2024-09-30 10:11:00,62,0aa6678dc3b862afb472c504c5a30513f99449f36d52d255da214c873aa68beb
2024-09-30 10:11:02,62,d787358040843e660eb94b464371ac26c3ccc54906bd94fcbf398471ccb0e763
2024-09-30 10:11:05,62,18248f005b7493422ea25abcce7179b6d01446ebce2f14824bfbdbbe7f402bb9
2024-09-30 10:11:06,62,0aa6678dc3b862afb472c504c5a30513f99449f36d52d255da214c873aa68beb
2024-09-30 10:11:10,62,18248f005b7493422ea25abcce7179b6d01446ebce2f14824bfbdbbe7f402bb9
2024-09-30 10:11:10,62,18248f005b7493422ea25abcce7179b6d01446ebce2f14824bfbdbbe7f402bb9
2024-09-30 10:11:12,62,18248f005b7493422ea25abcce7179b6d01446ebce2f14824bfbdbbe7f402bb9
2024-09-30 10:11:17,62,d787358040843e660eb94b464371ac26c3ccc54906bd94fcbf398471ccb0e763
2024-09-30 10:11:17,62,d787358040843e660eb94b464371ac26c3ccc54906bd94fcbf398471ccb0e763
2024-09-30 10:11:19,62,0aa6678dc3b862afb472c504c5a30513f99449f36d52d255da214c873aa68beb
2024-09-30 10:11:19,62,0aa6678dc3b862afb472c504c5a30513f99449f36d52d255da214c873aa68beb
2024-09-30 10:11:21,62,18248f005b7493422ea25abcce7179b6d01446ebce2f14824bfbdbbe7f402bb9
2024-09-30 10:11:21,62,18248f005b7493422ea25abcce7179b6d01446ebce2f14824bfbdbbe7f402bb9
2024-09-30 10:11:30,62,0aa6678dc3b862afb472c504c5a30513f99449f36d52d255da214c873aa68beb
2024-09-30 10:11:39,62,0aa6678dc3b862afb472c504c5a30513f99449f36d52d255da214c873aa68beb
2024-09-30 10:11:48,62,97fe248420114cd0e2a020fbd84efa3304f85f329233553895430a6dcdec00e4
2024-09-30 10:11:50,62,18248f005b7493422ea25abcce7179b6d01446ebce2f14824bfbdbbe7f402bb9
2024-09-30 10:11:51,62,c81372ca9529ddeb87790ff76f6745ec6870bc09bcdd705d8da7bfde78aed086
2024-09-30 10:11:51,62,c81372ca9529ddeb87790ff76f6745ec6870bc09bcdd705d8da7bfde78aed086
2024-09-30 10:11:52,62,c81372ca9529ddeb87790ff76f6745ec6870bc09bcdd705d8da7bfde78aed086
2024-09-30 10:11:52,62,c81372ca9529ddeb87790ff76f6745ec6870bc09bcdd705d8da7bfde78aed086
2024-09-30 10:11:56,62,97fe248420114cd0e2a020fbd84efa3304f85f329233553895430a6dcdec00e4
2024-09-30 10:12:06,62,d787358040843e660eb94b464371ac26c3ccc54906bd94fcbf398471ccb0e763
2024-09-30 10:12:06,62,d787358040843e660eb94b464371ac26c3ccc54906bd94fcbf398471ccb0e763
2024-09-30 10:12:09,62,01fbae127e8db09da74812bde292eb77d2a68a7897a5571bb7c33ad12264102a
2024-09-30 10:12:12,62,c81372ca9529ddeb87790ff76f6745ec6870bc09bcdd705d8da7bfde78aed086
2024-09-30 10:12:12,62,c81372ca9529ddeb87790ff76f6745ec6870bc09bcdd705d8da7bfde78aed086
2024-09-30 10:12:12,62,c81372ca9529ddeb87790ff76f6745ec6870bc09bcdd705d8da7bfde78aed086
2024-09-30 10:12:12,62,c81372ca9529ddeb87790ff76f6745ec6870bc09bcdd705d8da7bfde78aed086
2024-09-30 10:12:12,62,b259ad7b374273c26bec3567023bb3cef7a54a76409fb3688a4ef5ae3e07d4ba
2024-09-30 10:12:14,62,18248f005b7493422ea25abcce7179b6d01446ebce2f14824bfbdbbe7f402bb9
2024-09-30 10:12:14,62,18248f005b7493422ea25abcce7179b6d01446ebce2f14824bfbdbbe7f402bb9
2024-09-30 10:12:14,62,18248f005b7493422ea25abcce7179b6d01446ebce2f14824bfbdbbe7f402bb9
2024-09-30 10:12:15,62,18248f005b7493422ea25abcce7179b6d01446ebce2f14824bfbdbbe7f402bb9
2024-09-30 10:12:18,62,18248f005b7493422ea25abcce7179b6d01446ebce2f14824bfbdbbe7f402bb9
2024-09-30 10:12:20,62,18248f005b7493422ea25abcce7179b6d01446ebce2f14824bfbdbbe7f402bb9
2024-09-30 10:12:20,62,18248f005b7493422ea25abcce7179b6d01446ebce2f14824bfbdbbe7f402bb9
2024-09-30 10:12:25,62,18248f005b7493422ea25abcce7179b6d01446ebce2f14824bfbdbbe7f402bb9
2024-09-30 10:12:25,62,18248f005b7493422ea25abcce7179b6d01446ebce2f14824bfbdbbe7f402bb9
2024-09-30 10:12:25,62,18248f005b7493422ea25abcce7179b6d01446ebce2f14824bfbdbbe7f402bb9
2024-09-30 10:12:32,62,18248f005b7493422ea25abcce7179b6d01446ebce2f14824bfbdbbe7f402bb9
2024-09-30 10:12:32,62,18248f005b7493422ea25abcce7179b6d01446ebce2f14824bfbdbbe7f402bb9
2024-09-30 10:12:45,62,18248f005b7493422ea25abcce7179b6d01446ebce2f14824bfbdbbe7f402bb9
2024-09-30 10:12:45,62,18248f005b7493422ea25abcce7179b6d01446ebce2f14824bfbdbbe7f402bb9
2024-09-30 10:12:45,62,18248f005b7493422ea25abcce7179b6d01446ebce2f14824bfbdbbe7f402bb9
2024-09-30 10:12:46,62,18248f005b7493422ea25abcce7179b6d01446ebce2f14824bfbdbbe7f402bb9
2024-09-30 10:12:46,62,18248f005b7493422ea25abcce7179b6d01446ebce2f14824bfbdbbe7f402bb9
2024-09-30 10:12:46,62,637302c83ebb745383ac257d22b3509062b349a4edade581940d7f52e9eaa5e0
2024-09-30 10:12:46,62,637302c83ebb745383ac257d22b3509062b349a4edade581940d7f52e9eaa5e0
2024-09-30 10:12:50,62,0aa6678dc3b862afb472c504c5a30513f99449f36d52d255da214c873aa68beb
2024-09-30 10:12:50,62,0aa6678dc3b862afb472c504c5a30513f99449f36d52d255da214c873aa68beb
2024-09-30 10:12:52,62,637302c83ebb745383ac257d22b3509062b349a4edade581940d7f52e9eaa5e0
2024-09-30 10:12:52,62,637302c83ebb745383ac257d22b3509062b349a4edade581940d7f52e9eaa5e0
2024-09-30 10:12:57,62,b259ad7b374273c26bec3567023bb3cef7a54a76409fb3688a4ef5ae3e07d4ba
2024-09-30 10:12:58,62,637302c83ebb745383ac257d22b3509062b349a4edade581940d7f52e9eaa5e0
2024-09-30 10:12:58,62,18248f005b7493422ea25abcce7179b6d01446ebce2f14824bfbdbbe7f402bb9
2024-09-30 10:13:03,62,18248f005b7493422ea25abcce7179b6d01446ebce2f14824bfbdbbe7f402bb9
2024-09-30 10:13:03,62,18248f005b7493422ea25abcce7179b6d01446ebce2f14824bfbdbbe7f402bb9
2024-09-30 10:13:03,62,18248f005b7493422ea25abcce7179b6d01446ebce2f14824bfbdbbe7f402bb9
2024-09-30 10:13:03,62,18248f005b7493422ea25abcce7179b6d01446ebce2f14824bfbdbbe7f402bb9
2024-09-30 10:13:03,62,18248f005b7493422ea25abcce7179b6d01446ebce2f14824bfbdbbe7f402bb9
2024-09-30 10:13:03,62,18248f005b7493422ea25abcce7179b6d01446ebce2f14824bfbdbbe7f402bb9
2024-09-30 10:13:03,62,637302c83ebb745383ac257d22b3509062b349a4edade581940d7f52e9eaa5e0
2024-09-30 10:13:03,62,637302c83ebb745383ac257d22b3509062b349a4edade581940d7f52e9eaa5e0
2024-09-30 10:13:03,62,637302c83ebb745383ac257d22b3509062b349a4edade581940d7f52e9eaa5e0
2024-09-30 10:13:04,62,18248f005b7493422ea25abcce7179b6d01446ebce2f14824bfbdbbe7f402bb9
2024-09-30 10:13:09,62,637302c83ebb745383ac257d22b3509062b349a4edade581940d7f52e9eaa5e0
2024-09-30 10:13:09,62,637302c83ebb745383ac257d22b3509062b349a4edade581940d7f52e9eaa5e0
2024-09-30 10:13:09,62,637302c83ebb745383ac257d22b3509062b349a4edade581940d7f52e9eaa5e0
2024-09-30 10:13:21,62,637302c83ebb745383ac257d22b3509062b349a4edade581940d7f52e9eaa5e0
2024-09-30 10:13:24,62,18248f005b7493422ea25abcce7179b6d01446ebce2f14824bfbdbbe7f402bb9
2024-09-30 10:13:24,62,18248f005b7493422ea25abcce7179b6d01446ebce2f14824bfbdbbe7f402bb9
2024-09-30 10:13:27,62,637302c83ebb745383ac257d22b3509062b349a4edade581940d7f52e9eaa5e0
2024-09-30 10:13:27,62,637302c83ebb745383ac257d22b3509062b349a4edade581940d7f52e9eaa5e0
2024-09-30 10:13:33,62,637302c83ebb745383ac257d22b3509062b349a4edade581940d7f52e9eaa5e0
2024-09-30 10:13:38,62,637302c83ebb745383ac257d22b3509062b349a4edade581940d7f52e9eaa5e0
2024-09-30 10:13:44,62,637302c83ebb745383ac257d22b3509062b349a4edade581940d7f52e9eaa5e0
2024-09-30 10:13:52,62,c81372ca9529ddeb87790ff76f6745ec6870bc09bcdd705d8da7bfde78aed086
2024-09-30 10:13:52,62,c81372ca9529ddeb87790ff76f6745ec6870bc09bcdd705d8da7bfde78aed086
2024-09-30 10:13:55,62,18248f005b7493422ea25abcce7179b6d01446ebce2f14824bfbdbbe7f402bb9
2024-09-30 10:13:55,62,18248f005b7493422ea25abcce7179b6d01446ebce2f14824bfbdbbe7f402bb9
2024-09-30 10:13:55,62,18248f005b7493422ea25abcce7179b6d01446ebce2f14824bfbdbbe7f402bb9
2024-09-30 10:13:55,62,18248f005b7493422ea25abcce7179b6d01446ebce2f14824bfbdbbe7f402bb9
2024-09-30 10:13:59,62,18248f005b7493422ea25abcce7179b6d01446ebce2f14824bfbdbbe7f402bb9
2024-09-30 10:13:59,62,18248f005b7493422ea25abcce7179b6d01446ebce2f14824bfbdbbe7f402bb9
2024-09-30 10:14:44,62,b259ad7b374273c26bec3567023bb3cef7a54a76409fb3688a4ef5ae3e07d4ba
2024-09-30 10:14:48,62,97fe248420114cd0e2a020fbd84efa3304f85f329233553895430a6dcdec00e4
2024-09-30 10:14:51,62,97fe248420114cd0e2a020fbd84efa3304f85f329233553895430a6dcdec00e4
2024-09-30 10:14:53,62,18248f005b7493422ea25abcce7179b6d01446ebce2f14824bfbdbbe7f402bb9
2024-09-30 10:14:53,62,18248f005b7493422ea25abcce7179b6d01446ebce2f14824bfbdbbe7f402bb9
2024-09-30 10:14:53,62,18248f005b7493422ea25abcce7179b6d01446ebce2f14824bfbdbbe7f402bb9
2024-09-30 10:15:02,62,01fbae127e8db09da74812bde292eb77d2a68a7897a5571bb7c33ad12264102a
2024-09-30 10:15:02,62,01fbae127e8db09da74812bde292eb77d2a68a7897a5571bb7c33ad12264102a
2024-09-30 10:15:55,62,18248f005b7493422ea25abcce7179b6d01446ebce2f14824bfbdbbe7f402bb9
2024-09-30 10:15:55,62,18248f005b7493422ea25abcce7179b6d01446ebce2f14824bfbdbbe7f402bb9
2024-09-30 10:16:07,62,18248f005b7493422ea25abcce7179b6d01446ebce2f14824bfbdbbe7f402bb9
2024-09-30 10:16:09,62,18248f005b7493422ea25abcce7179b6d01446ebce2f14824bfbdbbe7f402bb9
2024-09-30 10:16:09,62,18248f005b7493422ea25abcce7179b6d01446ebce2f14824bfbdbbe7f402bb9
2024-09-30 10:16:09,62,18248f005b7493422ea25abcce7179b6d01446ebce2f14824bfbdbbe7f402bb9
2024-09-30 10:16:09,62,18248f005b7493422ea25abcce7179b6d01446ebce2f14824bfbdbbe7f402bb9
2024-09-30 10:16:09,62,18248f005b7493422ea25abcce7179b6d01446ebce2f14824bfbdbbe7f402bb9
2024-09-30 10:16:09,62,18248f005b7493422ea25abcce7179b6d01446ebce2f14824bfbdbbe7f402bb9
2024-09-30 10:16:12,62,c81372ca9529ddeb87790ff76f6745ec6870bc09bcdd705d8da7bfde78aed086
2024-09-30 10:16:12,62,c81372ca9529ddeb87790ff76f6745ec6870bc09bcdd705d8da7bfde78aed086
2024-09-30 10:16:12,62,c81372ca9529ddeb87790ff76f6745ec6870bc09bcdd705d8da7bfde78aed086
2024-09-30 10:16:18,62,18248f005b7493422ea25abcce7179b6d01446ebce2f14824bfbdbbe7f402bb9
2024-09-30 10:16:41,62,97fe248420114cd0e2a020fbd84efa3304f85f329233553895430a6dcdec00e4
2024-09-30 10:16:43,62,18248f005b7493422ea25abcce7179b6d01446ebce2f14824bfbdbbe7f402bb9
2024-09-30 10:16:44,62,18248f005b7493422ea25abcce7179b6d01446ebce2f14824bfbdbbe7f402bb9
2024-09-30 10:16:44,62,18248f005b7493422ea25abcce7179b6d01446ebce2f14824bfbdbbe7f402bb9
2024-09-30 10:16:44,62,18248f005b7493422ea25abcce7179b6d01446ebce2f14824bfbdbbe7f402bb9
2024-09-30 10:16:44,62,18248f005b7493422ea25abcce7179b6d01446ebce2f14824bfbdbbe7f402bb9
2024-09-30 10:16:44,62,18248f005b7493422ea25abcce7179b6d01446ebce2f14824bfbdbbe7f402bb9
2024-09-30 10:16:57,62,18248f005b7493422ea25abcce7179b6d01446ebce2f14824bfbdbbe7f402bb9
2024-09-30 10:17:06,62,f214df8686dde5873f6737cdf93909d29f9b61e55a05fd900714072e85e7e2d9
2024-09-30 10:17:06,62,f214df8686dde5873f6737cdf93909d29f9b61e55a05fd900714072e85e7e2d9
2024-09-30 10:17:06,62,f214df8686dde5873f6737cdf93909d29f9b61e55a05fd900714072e85e7e2d9
2024-09-30 10:17:21,62,f5332f306ce88c7c35ea76a3726d0e453733e1841f94896c7043e744314cccaf
2024-09-30 10:17:22,62,b259ad7b374273c26bec3567023bb3cef7a54a76409fb3688a4ef5ae3e07d4ba
2024-09-30 10:17:30,62,ac6bdf2d5686dae420b8fa528fcc9b72514a3cbbdca201fadac306c2091d9b0c
2024-09-30 10:17:37,62,97fe248420114cd0e2a020fbd84efa3304f85f329233553895430a6dcdec00e4
2024-09-30 10:17:38,62,18248f005b7493422ea25abcce7179b6d01446ebce2f14824bfbdbbe7f402bb9
2024-09-30 10:17:42,62,18248f005b7493422ea25abcce7179b6d01446ebce2f14824bfbdbbe7f402bb9
2024-09-30 10:17:55,62,18248f005b7493422ea25abcce7179b6d01446ebce2f14824bfbdbbe7f402bb9
2024-09-30 10:18:00,62,18248f005b7493422ea25abcce7179b6d01446ebce2f14824bfbdbbe7f402bb9
2024-09-30 10:18:00,62,18248f005b7493422ea25abcce7179b6d01446ebce2f14824bfbdbbe7f402bb9
2024-09-30 10:18:00,62,18248f005b7493422ea25abcce7179b6d01446ebce2f14824bfbdbbe7f402bb9
2024-09-30 10:18:00,62,18248f005b7493422ea25abcce7179b6d01446ebce2f14824bfbdbbe7f402bb9
2024-09-30 10:18:03,62,18248f005b7493422ea25abcce7179b6d01446ebce2f14824bfbdbbe7f402bb9
2024-09-30 10:18:03,62,18248f005b7493422ea25abcce7179b6d01446ebce2f14824bfbdbbe7f402bb9
2024-09-30 10:18:07,62,56c85988a1c59e01ff4892fc086b7ac247e9eab794fd1ce742f14d6dfa7f9a23
2024-09-30 10:18:09,62,97fe248420114cd0e2a020fbd84efa3304f85f329233553895430a6dcdec00e4
2024-09-30 10:18:09,62,97fe248420114cd0e2a020fbd84efa3304f85f329233553895430a6dcdec00e4
2024-09-30 10:18:12,62,c81372ca9529ddeb87790ff76f6745ec6870bc09bcdd705d8da7bfde78aed086
2024-09-30 10:18:12,62,c81372ca9529ddeb87790ff76f6745ec6870bc09bcdd705d8da7bfde78aed086
2024-09-30 10:18:12,62,c81372ca9529ddeb87790ff76f6745ec6870bc09bcdd705d8da7bfde78aed086
2024-09-30 10:18:12,62,c81372ca9529ddeb87790ff76f6745ec6870bc09bcdd705d8da7bfde78aed086
2024-09-30 10:18:12,62,c81372ca9529ddeb87790ff76f6745ec6870bc09bcdd705d8da7bfde78aed086
2024-09-30 10:18:12,62,c81372ca9529ddeb87790ff76f6745ec6870bc09bcdd705d8da7bfde78aed086
2024-09-30 10:18:12,62,c81372ca9529ddeb87790ff76f6745ec6870bc09bcdd705d8da7bfde78aed086
2024-09-30 10:18:12,62,c81372ca9529ddeb87790ff76f6745ec6870bc09bcdd705d8da7bfde78aed086
2024-09-30 10:18:12,62,c81372ca9529ddeb87790ff76f6745ec6870bc09bcdd705d8da7bfde78aed086
2024-09-30 10:18:12,62,c81372ca9529ddeb87790ff76f6745ec6870bc09bcdd705d8da7bfde78aed086
2024-09-30 10:18:12,62,c81372ca9529ddeb87790ff76f6745ec6870bc09bcdd705d8da7bfde78aed086
2024-09-30 10:18:15,62,18248f005b7493422ea25abcce7179b6d01446ebce2f14824bfbdbbe7f402bb9
2024-09-30 10:18:15,62,18248f005b7493422ea25abcce7179b6d01446ebce2f14824bfbdbbe7f402bb9
2024-09-30 10:18:32,62,c81372ca9529ddeb87790ff76f6745ec6870bc09bcdd705d8da7bfde78aed086
2024-09-30 10:18:32,62,c81372ca9529ddeb87790ff76f6745ec6870bc09bcdd705d8da7bfde78aed086
2024-09-30 10:18:33,62,18248f005b7493422ea25abcce7179b6d01446ebce2f14824bfbdbbe7f402bb9
2024-09-30 10:18:33,62,18248f005b7493422ea25abcce7179b6d01446ebce2f14824bfbdbbe7f402bb9
2024-09-30 10:18:33,62,97fe248420114cd0e2a020fbd84efa3304f85f329233553895430a6dcdec00e4
2024-09-30 10:18:47,62,18248f005b7493422ea25abcce7179b6d01446ebce2f14824bfbdbbe7f402bb9
2024-09-30 10:18:47,62,18248f005b7493422ea25abcce7179b6d01446ebce2f14824bfbdbbe7f402bb9
2024-09-30 10:18:47,62,18248f005b7493422ea25abcce7179b6d01446ebce2f14824bfbdbbe7f402bb9
2024-09-30 10:18:49,62,97fe248420114cd0e2a020fbd84efa3304f85f329233553895430a6dcdec00e4
2024-09-30 10:18:55,62,18248f005b7493422ea25abcce7179b6d01446ebce2f14824bfbdbbe7f402bb9
2024-09-30 10:18:56,62,18248f005b7493422ea25abcce7179b6d01446ebce2f14824bfbdbbe7f402bb9
2024-09-30 10:18:56,62,18248f005b7493422ea25abcce7179b6d01446ebce2f14824bfbdbbe7f402bb9
2024-09-30 10:19:00,62,1afe1637b9f98883a0da64167b0f98da338c239c2ef656fc3ef95d01e9fa38ce
2024-09-30 10:19:03,62,18248f005b7493422ea25abcce7179b6d01446ebce2f14824bfbdbbe7f402bb9
2024-09-30 10:19:29,62,97fe248420114cd0e2a020fbd84efa3304f85f329233553895430a6dcdec00e4
2024-09-30 10:19:34,62,18248f005b7493422ea25abcce7179b6d01446ebce2f14824bfbdbbe7f402bb9
2024-09-30 10:19:36,62,18248f005b7493422ea25abcce7179b6d01446ebce2f14824bfbdbbe7f402bb9
2024-09-30 10:19:36,62,18248f005b7493422ea25abcce7179b6d01446ebce2f14824bfbdbbe7f402bb9
2024-09-30 10:19:46,62,f214df8686dde5873f6737cdf93909d29f9b61e55a05fd900714072e85e7e2d9
2024-09-30 10:19:46,62,f214df8686dde5873f6737cdf93909d29f9b61e55a05fd900714072e85e7e2d9
2024-09-30 10:19:46,62,f214df8686dde5873f6737cdf93909d29f9b61e55a05fd900714072e85e7e2d9
2024-09-30 10:19:48,62,18248f005b7493422ea25abcce7179b6d01446ebce2f14824bfbdbbe7f402bb9
2024-09-30 10:19:53,62,97fe248420114cd0e2a020fbd84efa3304f85f329233553895430a6dcdec00e4
2024-09-30 10:19:54,62,18248f005b7493422ea25abcce7179b6d01446ebce2f14824bfbdbbe7f402bb9
2024-09-30 10:19:58,62,18248f005b7493422ea25abcce7179b6d01446ebce2f14824bfbdbbe7f402bb9
2024-09-30 10:20:01,62,97fe248420114cd0e2a020fbd84efa3304f85f329233553895430a6dcdec00e4
2024-09-30 10:20:03,62,18248f005b7493422ea25abcce7179b6d01446ebce2f14824bfbdbbe7f402bb9
2024-09-30 10:20:03,62,18248f005b7493422ea25abcce7179b6d01446ebce2f14824bfbdbbe7f402bb9
2024-09-30 10:20:03,62,18248f005b7493422ea25abcce7179b6d01446ebce2f14824bfbdbbe7f402bb9
2024-09-30 10:20:03,62,18248f005b7493422ea25abcce7179b6d01446ebce2f14824bfbdbbe7f402bb9
2024-09-30 10:20:03,62,18248f005b7493422ea25abcce7179b6d01446ebce2f14824bfbdbbe7f402bb9
2024-09-30 10:20:04,62,18248f005b7493422ea25abcce7179b6d01446ebce2f14824bfbdbbe7f402bb9
2024-09-30 10:20:05,62,18248f005b7493422ea25abcce7179b6d01446ebce2f14824bfbdbbe7f402bb9
2024-09-30 10:20:05,62,18248f005b7493422ea25abcce7179b6d01446ebce2f14824bfbdbbe7f402bb9
2024-09-30 10:20:06,62,18248f005b7493422ea25abcce7179b6d01446ebce2f14824bfbdbbe7f402bb9
2024-09-30 10:20:06,62,18248f005b7493422ea25abcce7179b6d01446ebce2f14824bfbdbbe7f402bb9
2024-09-30 10:20:06,62,18248f005b7493422ea25abcce7179b6d01446ebce2f14824bfbdbbe7f402bb9
2024-09-30 10:20:06,62,18248f005b7493422ea25abcce7179b6d01446ebce2f14824bfbdbbe7f402bb9
2024-09-30 10:20:06,62,18248f005b7493422ea25abcce7179b6d01446ebce2f14824bfbdbbe7f402bb9
2024-09-30 10:20:11,62,18248f005b7493422ea25abcce7179b6d01446ebce2f14824bfbdbbe7f402bb9
2024-09-30 10:20:12,62,18248f005b7493422ea25abcce7179b6d01446ebce2f14824bfbdbbe7f402bb9
2024-09-30 10:20:12,62,18248f005b7493422ea25abcce7179b6d01446ebce2f14824bfbdbbe7f402bb9
2024-09-30 10:20:12,62,18248f005b7493422ea25abcce7179b6d01446ebce2f14824bfbdbbe7f402bb9
2024-09-30 10:20:12,62,18248f005b7493422ea25abcce7179b6d01446ebce2f14824bfbdbbe7f402bb9
2024-09-30 10:20:12,62,18248f005b7493422ea25abcce7179b6d01446ebce2f14824bfbdbbe7f402bb9
2024-09-30 10:20:12,62,18248f005b7493422ea25abcce7179b6d01446ebce2f14824bfbdbbe7f402bb9
2024-09-30 10:20:24,62,18248f005b7493422ea25abcce7179b6d01446ebce2f14824bfbdbbe7f402bb9
2024-09-30 10:20:24,62,18248f005b7493422ea25abcce7179b6d01446ebce2f14824bfbdbbe7f402bb9
2024-09-30 10:20:33,62,97fe248420114cd0e2a020fbd84efa3304f85f329233553895430a6dcdec00e4
2024-09-30 10:20:33,62,97fe248420114cd0e2a020fbd84efa3304f85f329233553895430a6dcdec00e4
2024-09-30 10:20:33,62,97fe248420114cd0e2a020fbd84efa3304f85f329233553895430a6dcdec00e4
2024-09-30 10:20:34,62,18248f005b7493422ea25abcce7179b6d01446ebce2f14824bfbdbbe7f402bb9
2024-09-30 10:20:34,62,18248f005b7493422ea25abcce7179b6d01446ebce2f14824bfbdbbe7f402bb9
2024-09-30 10:20:40,62,18248f005b7493422ea25abcce7179b6d01446ebce2f14824bfbdbbe7f402bb9
2024-09-30 10:20:40,62,18248f005b7493422ea25abcce7179b6d01446ebce2f14824bfbdbbe7f402bb9
2024-09-30 10:20:46,62,97fe248420114cd0e2a020fbd84efa3304f85f329233553895430a6dcdec00e4
2024-09-30 10:20:46,62,97fe248420114cd0e2a020fbd84efa3304f85f329233553895430a6dcdec00e4
2024-09-30 10:20:46,62,97fe248420114cd0e2a020fbd84efa3304f85f329233553895430a6dcdec00e4
2024-09-30 10:20:46,62,97fe248420114cd0e2a020fbd84efa3304f85f329233553895430a6dcdec00e4
2024-09-30 10:20:50,62,97fe248420114cd0e2a020fbd84efa3304f85f329233553895430a6dcdec00e4
2024-09-30 10:20:50,62,97fe248420114cd0e2a020fbd84efa3304f85f329233553895430a6dcdec00e4
2024-09-30 10:20:52,62,c81372ca9529ddeb87790ff76f6745ec6870bc09bcdd705d8da7bfde78aed086
2024-09-30 10:20:52,62,c81372ca9529ddeb87790ff76f6745ec6870bc09bcdd705d8da7bfde78aed086
2024-09-30 10:20:52,62,c81372ca9529ddeb87790ff76f6745ec6870bc09bcdd705d8da7bfde78aed086
2024-09-30 10:20:52,62,97fe248420114cd0e2a020fbd84efa3304f85f329233553895430a6dcdec00e4
2024-09-30 10:20:52,62,97fe248420114cd0e2a020fbd84efa3304f85f329233553895430a6dcdec00e4
2024-09-30 10:20:53,62,b259ad7b374273c26bec3567023bb3cef7a54a76409fb3688a4ef5ae3e07d4ba
2024-09-30 10:20:55,62,97fe248420114cd0e2a020fbd84efa3304f85f329233553895430a6dcdec00e4
2024-09-30 10:20:55,62,97fe248420114cd0e2a020fbd84efa3304f85f329233553895430a6dcdec00e4
2024-09-30 10:20:55,62,97fe248420114cd0e2a020fbd84efa3304f85f329233553895430a6dcdec00e4
2024-09-30 10:20:56,62,18248f005b7493422ea25abcce7179b6d01446ebce2f14824bfbdbbe7f402bb9
2024-09-30 10:20:56,62,18248f005b7493422ea25abcce7179b6d01446ebce2f14824bfbdbbe7f402bb9
2024-09-30 10:20:56,62,18248f005b7493422ea25abcce7179b6d01446ebce2f14824bfbdbbe7f402bb9
2024-09-30 10:20:56,62,18248f005b7493422ea25abcce7179b6d01446ebce2f14824bfbdbbe7f402bb9
2024-09-30 10:20:56,62,18248f005b7493422ea25abcce7179b6d01446ebce2f14824bfbdbbe7f402bb9
2024-09-30 10:20:56,62,18248f005b7493422ea25abcce7179b6d01446ebce2f14824bfbdbbe7f402bb9
2024-09-30 10:20:57,62,18248f005b7493422ea25abcce7179b6d01446ebce2f14824bfbdbbe7f402bb9
2024-09-30 10:20:57,62,18248f005b7493422ea25abcce7179b6d01446ebce2f14824bfbdbbe7f402bb9
2024-09-30 10:20:57,62,18248f005b7493422ea25abcce7179b6d01446ebce2f14824bfbdbbe7f402bb9
2024-09-30 10:21:01,62,97fe248420114cd0e2a020fbd84efa3304f85f329233553895430a6dcdec00e4
2024-09-30 10:21:01,62,97fe248420114cd0e2a020fbd84efa3304f85f329233553895430a6dcdec00e4
2024-09-30 10:21:04,62,b259ad7b374273c26bec3567023bb3cef7a54a76409fb3688a4ef5ae3e07d4ba
2024-09-30 10:21:04,62,18248f005b7493422ea25abcce7179b6d01446ebce2f14824bfbdbbe7f402bb9
2024-09-30 10:21:37,62,b259ad7b374273c26bec3567023bb3cef7a54a76409fb3688a4ef5ae3e07d4ba
2024-09-30 10:21:37,62,b259ad7b374273c26bec3567023bb3cef7a54a76409fb3688a4ef5ae3e07d4ba
2024-09-30 10:22:06,62,01fbae127e8db09da74812bde292eb77d2a68a7897a5571bb7c33ad12264102a
2024-09-30 10:22:07,62,01fbae127e8db09da74812bde292eb77d2a68a7897a5571bb7c33ad12264102a
2024-09-30 10:22:13,62,b259ad7b374273c26bec3567023bb3cef7a54a76409fb3688a4ef5ae3e07d4ba
2024-09-30 10:22:26,62,f214df8686dde5873f6737cdf93909d29f9b61e55a05fd900714072e85e7e2d9
2024-09-30 10:22:26,62,f214df8686dde5873f6737cdf93909d29f9b61e55a05fd900714072e85e7e2d9
2024-09-30 10:22:26,62,f214df8686dde5873f6737cdf93909d29f9b61e55a05fd900714072e85e7e2d9
2024-09-30 10:22:52,62,c81372ca9529ddeb87790ff76f6745ec6870bc09bcdd705d8da7bfde78aed086
2024-09-30 10:22:52,62,c81372ca9529ddeb87790ff76f6745ec6870bc09bcdd705d8da7bfde78aed086
2024-09-30 10:22:52,62,c81372ca9529ddeb87790ff76f6745ec6870bc09bcdd705d8da7bfde78aed086
2024-09-30 10:23:02,62,18248f005b7493422ea25abcce7179b6d01446ebce2f14824bfbdbbe7f402bb9
2024-09-30 10:23:02,62,18248f005b7493422ea25abcce7179b6d01446ebce2f14824bfbdbbe7f402bb9
2024-09-30 10:23:02,62,18248f005b7493422ea25abcce7179b6d01446ebce2f14824bfbdbbe7f402bb9
2024-09-30 10:23:16,62,f214df8686dde5873f6737cdf93909d29f9b61e55a05fd900714072e85e7e2d9
2024-09-30 10:23:16,62,f214df8686dde5873f6737cdf93909d29f9b61e55a05fd900714072e85e7e2d9
2024-09-30 10:23:20,62,c81372ca9529ddeb87790ff76f6745ec6870bc09bcdd705d8da7bfde78aed086
2024-09-30 10:23:20,62,c81372ca9529ddeb87790ff76f6745ec6870bc09bcdd705d8da7bfde78aed086
2024-09-30 10:23:20,62,c81372ca9529ddeb87790ff76f6745ec6870bc09bcdd705d8da7bfde78aed086
2024-09-30 10:23:20,62,c81372ca9529ddeb87790ff76f6745ec6870bc09bcdd705d8da7bfde78aed086
2024-09-30 10:23:20,62,c81372ca9529ddeb87790ff76f6745ec6870bc09bcdd705d8da7bfde78aed086
2024-09-30 10:23:20,62,c81372ca9529ddeb87790ff76f6745ec6870bc09bcdd705d8da7bfde78aed086
2024-09-30 10:23:20,62,c81372ca9529ddeb87790ff76f6745ec6870bc09bcdd705d8da7bfde78aed086
2024-09-30 10:23:20,62,c81372ca9529ddeb87790ff76f6745ec6870bc09bcdd705d8da7bfde78aed086
2024-09-30 10:23:21,62,c81372ca9529ddeb87790ff76f6745ec6870bc09bcdd705d8da7bfde78aed086
2024-09-30 10:23:21,62,c81372ca9529ddeb87790ff76f6745ec6870bc09bcdd705d8da7bfde78aed086
2024-09-30 10:23:21,62,c81372ca9529ddeb87790ff76f6745ec6870bc09bcdd705d8da7bfde78aed086
2024-09-30 10:23:21,62,c81372ca9529ddeb87790ff76f6745ec6870bc09bcdd705d8da7bfde78aed086
2024-09-30 10:23:21,62,c81372ca9529ddeb87790ff76f6745ec6870bc09bcdd705d8da7bfde78aed086
2024-09-30 10:23:21,62,c81372ca9529ddeb87790ff76f6745ec6870bc09bcdd705d8da7bfde78aed086
2024-09-30 10:23:21,62,c81372ca9529ddeb87790ff76f6745ec6870bc09bcdd705d8da7bfde78aed086
2024-09-30 10:23:21,62,c81372ca9529ddeb87790ff76f6745ec6870bc09bcdd705d8da7bfde78aed086
2024-09-30 10:23:29,62,18248f005b7493422ea25abcce7179b6d01446ebce2f14824bfbdbbe7f402bb9
2024-09-30 10:23:29,62,18248f005b7493422ea25abcce7179b6d01446ebce2f14824bfbdbbe7f402bb9
2024-09-30 10:23:29,62,18248f005b7493422ea25abcce7179b6d01446ebce2f14824bfbdbbe7f402bb9
2024-09-30 10:23:29,62,18248f005b7493422ea25abcce7179b6d01446ebce2f14824bfbdbbe7f402bb9
2024-09-30 10:23:29,62,18248f005b7493422ea25abcce7179b6d01446ebce2f14824bfbdbbe7f402bb9
2024-09-30 10:23:31,62,18248f005b7493422ea25abcce7179b6d01446ebce2f14824bfbdbbe7f402bb9
2024-09-30 10:23:32,62,18248f005b7493422ea25abcce7179b6d01446ebce2f14824bfbdbbe7f402bb9
2024-09-30 10:23:32,62,18248f005b7493422ea25abcce7179b6d01446ebce2f14824bfbdbbe7f402bb9
2024-09-30 10:23:32,62,18248f005b7493422ea25abcce7179b6d01446ebce2f14824bfbdbbe7f402bb9
2024-09-30 10:23:32,62,18248f005b7493422ea25abcce7179b6d01446ebce2f14824bfbdbbe7f402bb9
2024-09-30 10:23:58,62,01fbae127e8db09da74812bde292eb77d2a68a7897a5571bb7c33ad12264102a
2024-09-30 10:23:58,62,01fbae127e8db09da74812bde292eb77d2a68a7897a5571bb7c33ad12264102a
2024-09-30 10:24:03,62,18248f005b7493422ea25abcce7179b6d01446ebce2f14824bfbdbbe7f402bb9
2024-09-30 10:24:12,62,c81372ca9529ddeb87790ff76f6745ec6870bc09bcdd705d8da7bfde78aed086
2024-09-30 10:24:12,62,c81372ca9529ddeb87790ff76f6745ec6870bc09bcdd705d8da7bfde78aed086
2024-09-30 10:24:12,62,c81372ca9529ddeb87790ff76f6745ec6870bc09bcdd705d8da7bfde78aed086
2024-09-30 10:24:12,62,c81372ca9529ddeb87790ff76f6745ec6870bc09bcdd705d8da7bfde78aed086
2024-09-30 10:24:12,62,c81372ca9529ddeb87790ff76f6745ec6870bc09bcdd705d8da7bfde78aed086
2024-09-30 10:24:12,62,c81372ca9529ddeb87790ff76f6745ec6870bc09bcdd705d8da7bfde78aed086
2024-09-30 10:24:12,62,c81372ca9529ddeb87790ff76f6745ec6870bc09bcdd705d8da7bfde78aed086
2024-09-30 10:24:49,62,18248f005b7493422ea25abcce7179b6d01446ebce2f14824bfbdbbe7f402bb9
2024-09-30 10:24:49,62,18248f005b7493422ea25abcce7179b6d01446ebce2f14824bfbdbbe7f402bb9
2024-09-30 10:25:05,62,18248f005b7493422ea25abcce7179b6d01446ebce2f14824bfbdbbe7f402bb9
2024-09-30 10:25:07,62,18248f005b7493422ea25abcce7179b6d01446ebce2f14824bfbdbbe7f402bb9
2024-09-30 10:25:08,62,18248f005b7493422ea25abcce7179b6d01446ebce2f14824bfbdbbe7f402bb9
2024-09-30 10:25:11,62,18248f005b7493422ea25abcce7179b6d01446ebce2f14824bfbdbbe7f402bb9
2024-09-30 10:25:12,62,c81372ca9529ddeb87790ff76f6745ec6870bc09bcdd705d8da7bfde78aed086
2024-09-30 10:25:12,62,c81372ca9529ddeb87790ff76f6745ec6870bc09bcdd705d8da7bfde78aed086
2024-09-30 10:25:28,62,18248f005b7493422ea25abcce7179b6d01446ebce2f14824bfbdbbe7f402bb9
2024-09-30 10:25:30,62,97fe248420114cd0e2a020fbd84efa3304f85f329233553895430a6dcdec00e4
2024-09-30 10:25:44,62,18248f005b7493422ea25abcce7179b6d01446ebce2f14824bfbdbbe7f402bb9
2024-09-30 10:25:44,62,18248f005b7493422ea25abcce7179b6d01446ebce2f14824bfbdbbe7f402bb9
2024-09-30 10:25:45,62,18248f005b7493422ea25abcce7179b6d01446ebce2f14824bfbdbbe7f402bb9
2024-09-30 10:25:46,62,18248f005b7493422ea25abcce7179b6d01446ebce2f14824bfbdbbe7f402bb9
2024-09-30 10:25:46,62,18248f005b7493422ea25abcce7179b6d01446ebce2f14824bfbdbbe7f402bb9
2024-09-30 10:25:46,62,18248f005b7493422ea25abcce7179b6d01446ebce2f14824bfbdbbe7f402bb9
2024-09-30 10:25:47,62,18248f005b7493422ea25abcce7179b6d01446ebce2f14824bfbdbbe7f402bb9
2024-09-30 10:25:47,62,18248f005b7493422ea25abcce7179b6d01446ebce2f14824bfbdbbe7f402bb9
2024-09-30 10:25:48,62,18248f005b7493422ea25abcce7179b6d01446ebce2f14824bfbdbbe7f402bb9
2024-09-30 10:25:48,62,18248f005b7493422ea25abcce7179b6d01446ebce2f14824bfbdbbe7f402bb9
2024-09-30 10:25:48,62,18248f005b7493422ea25abcce7179b6d01446ebce2f14824bfbdbbe7f402bb9
2024-09-30 10:25:54,62,d787358040843e660eb94b464371ac26c3ccc54906bd94fcbf398471ccb0e763
2024-09-30 10:25:54,62,d787358040843e660eb94b464371ac26c3ccc54906bd94fcbf398471ccb0e763
2024-09-30 10:25:55,62,18248f005b7493422ea25abcce7179b6d01446ebce2f14824bfbdbbe7f402bb9
2024-09-30 10:25:56,62,18248f005b7493422ea25abcce7179b6d01446ebce2f14824bfbdbbe7f402bb9
2024-09-30 10:25:56,62,18248f005b7493422ea25abcce7179b6d01446ebce2f14824bfbdbbe7f402bb9
2024-09-30 10:25:56,62,18248f005b7493422ea25abcce7179b6d01446ebce2f14824bfbdbbe7f402bb9
2024-09-30 10:26:12,62,18248f005b7493422ea25abcce7179b6d01446ebce2f14824bfbdbbe7f402bb9
2024-09-30 10:26:22,62,18248f005b7493422ea25abcce7179b6d01446ebce2f14824bfbdbbe7f402bb9
2024-09-30 10:26:25,62,18248f005b7493422ea25abcce7179b6d01446ebce2f14824bfbdbbe7f402bb9
2024-09-30 10:26:25,62,18248f005b7493422ea25abcce7179b6d01446ebce2f14824bfbdbbe7f402bb9
2024-09-30 10:26:26,62,18248f005b7493422ea25abcce7179b6d01446ebce2f14824bfbdbbe7f402bb9
2024-09-30 10:26:26,62,18248f005b7493422ea25abcce7179b6d01446ebce2f14824bfbdbbe7f402bb9
2024-09-30 10:26:30,62,ac6bdf2d5686dae420b8fa528fcc9b72514a3cbbdca201fadac306c2091d9b0c
2024-09-30 10:26:55,62,01fbae127e8db09da74812bde292eb77d2a68a7897a5571bb7c33ad12264102a
2024-09-30 10:27:01,62,01fbae127e8db09da74812bde292eb77d2a68a7897a5571bb7c33ad12264102a
2024-09-30 10:27:05,62,18248f005b7493422ea25abcce7179b6d01446ebce2f14824bfbdbbe7f402bb9
2024-09-30 10:27:05,62,18248f005b7493422ea25abcce7179b6d01446ebce2f14824bfbdbbe7f402bb9
2024-09-30 10:27:13,62,01fbae127e8db09da74812bde292eb77d2a68a7897a5571bb7c33ad12264102a
2024-09-30 10:27:13,62,01fbae127e8db09da74812bde292eb77d2a68a7897a5571bb7c33ad12264102a
2024-09-30 10:27:13,62,01fbae127e8db09da74812bde292eb77d2a68a7897a5571bb7c33ad12264102a
2024-09-30 10:27:18,62,01fbae127e8db09da74812bde292eb77d2a68a7897a5571bb7c33ad12264102a
2024-09-30 10:27:18,62,01fbae127e8db09da74812bde292eb77d2a68a7897a5571bb7c33ad12264102a
2024-09-30 10:27:23,62,18248f005b7493422ea25abcce7179b6d01446ebce2f14824bfbdbbe7f402bb9
2024-09-30 10:27:32,62,1c631637abe85a4fb08b3ab3123df4b1be8d45e0c1598b5990c254f36e3c8967
2024-09-30 10:27:32,62,1c631637abe85a4fb08b3ab3123df4b1be8d45e0c1598b5990c254f36e3c8967
2024-09-30 10:27:32,62,c81372ca9529ddeb87790ff76f6745ec6870bc09bcdd705d8da7bfde78aed086
2024-09-30 10:27:32,62,c81372ca9529ddeb87790ff76f6745ec6870bc09bcdd705d8da7bfde78aed086
2024-09-30 10:27:32,62,c81372ca9529ddeb87790ff76f6745ec6870bc09bcdd705d8da7bfde78aed086
2024-09-30 10:27:45,62,f214df8686dde5873f6737cdf93909d29f9b61e55a05fd900714072e85e7e2d9
2024-09-30 10:27:46,62,f214df8686dde5873f6737cdf93909d29f9b61e55a05fd900714072e85e7e2d9
2024-09-30 10:27:46,62,f214df8686dde5873f6737cdf93909d29f9b61e55a05fd900714072e85e7e2d9
2024-09-30 10:27:46,62,f214df8686dde5873f6737cdf93909d29f9b61e55a05fd900714072e85e7e2d9
2024-09-30 10:28:01,62,18248f005b7493422ea25abcce7179b6d01446ebce2f14824bfbdbbe7f402bb9
2024-09-30 10:28:01,62,18248f005b7493422ea25abcce7179b6d01446ebce2f14824bfbdbbe7f402bb9
2024-09-30 10:28:02,62,18248f005b7493422ea25abcce7179b6d01446ebce2f14824bfbdbbe7f402bb9
2024-09-30 10:28:02,62,18248f005b7493422ea25abcce7179b6d01446ebce2f14824bfbdbbe7f402bb9
2024-09-30 10:28:05,62,18248f005b7493422ea25abcce7179b6d01446ebce2f14824bfbdbbe7f402bb9
2024-09-30 10:28:05,62,18248f005b7493422ea25abcce7179b6d01446ebce2f14824bfbdbbe7f402bb9
2024-09-30 10:28:06,62,b259ad7b374273c26bec3567023bb3cef7a54a76409fb3688a4ef5ae3e07d4ba
2024-09-30 10:28:06,62,b259ad7b374273c26bec3567023bb3cef7a54a76409fb3688a4ef5ae3e07d4ba
2024-09-30 10:28:11,62,fb7d6d3e619d65bc1ab7ea65c8bbd1a9898ccde48680456a198cd31c100c5aa0
2024-09-30 10:28:11,62,fb7d6d3e619d65bc1ab7ea65c8bbd1a9898ccde48680456a198cd31c100c5aa0
2024-09-30 10:28:11,62,fb7d6d3e619d65bc1ab7ea65c8bbd1a9898ccde48680456a198cd31c100c5aa0
2024-09-30 10:28:15,62,18248f005b7493422ea25abcce7179b6d01446ebce2f14824bfbdbbe7f402bb9
2024-09-30 10:28:16,62,f214df8686dde5873f6737cdf93909d29f9b61e55a05fd900714072e85e7e2d9
2024-09-30 10:28:16,62,f214df8686dde5873f6737cdf93909d29f9b61e55a05fd900714072e85e7e2d9
2024-09-30 10:28:16,62,f214df8686dde5873f6737cdf93909d29f9b61e55a05fd900714072e85e7e2d9
2024-09-30 10:28:16,62,f214df8686dde5873f6737cdf93909d29f9b61e55a05fd900714072e85e7e2d9
2024-09-30 10:28:16,62,f214df8686dde5873f6737cdf93909d29f9b61e55a05fd900714072e85e7e2d9
2024-09-30 10:28:23,62,18248f005b7493422ea25abcce7179b6d01446ebce2f14824bfbdbbe7f402bb9
2024-09-30 10:28:24,62,18248f005b7493422ea25abcce7179b6d01446ebce2f14824bfbdbbe7f402bb9
2024-09-30 10:28:36,62,97fe248420114cd0e2a020fbd84efa3304f85f329233553895430a6dcdec00e4
2024-09-30 10:28:36,62,97fe248420114cd0e2a020fbd84efa3304f85f329233553895430a6dcdec00e4
2024-09-30 10:28:36,62,97fe248420114cd0e2a020fbd84efa3304f85f329233553895430a6dcdec00e4
2024-09-30 10:28:36,62,97fe248420114cd0e2a020fbd84efa3304f85f329233553895430a6dcdec00e4
2024-09-30 10:28:40,62,b259ad7b374273c26bec3567023bb3cef7a54a76409fb3688a4ef5ae3e07d4ba
2024-09-30 10:28:40,62,b259ad7b374273c26bec3567023bb3cef7a54a76409fb3688a4ef5ae3e07d4ba
2024-09-30 10:28:40,62,b259ad7b374273c26bec3567023bb3cef7a54a76409fb3688a4ef5ae3e07d4ba
2024-09-30 10:28:40,62,b259ad7b374273c26bec3567023bb3cef7a54a76409fb3688a4ef5ae3e07d4ba
2024-09-30 10:28:40,62,b259ad7b374273c26bec3567023bb3cef7a54a76409fb3688a4ef5ae3e07d4ba
2024-09-30 10:28:42,62,d787358040843e660eb94b464371ac26c3ccc54906bd94fcbf398471ccb0e763
2024-09-30 10:28:42,62,d787358040843e660eb94b464371ac26c3ccc54906bd94fcbf398471ccb0e763
2024-09-30 10:28:43,62,18248f005b7493422ea25abcce7179b6d01446ebce2f14824bfbdbbe7f402bb9
2024-09-30 10:28:43,62,18248f005b7493422ea25abcce7179b6d01446ebce2f14824bfbdbbe7f402bb9
2024-09-30 10:28:44,62,18248f005b7493422ea25abcce7179b6d01446ebce2f14824bfbdbbe7f402bb9
2024-09-30 10:28:44,62,18248f005b7493422ea25abcce7179b6d01446ebce2f14824bfbdbbe7f402bb9
2024-09-30 10:28:44,62,18248f005b7493422ea25abcce7179b6d01446ebce2f14824bfbdbbe7f402bb9
2024-09-30 10:28:45,62,01fbae127e8db09da74812bde292eb77d2a68a7897a5571bb7c33ad12264102a
2024-09-30 10:28:45,62,18248f005b7493422ea25abcce7179b6d01446ebce2f14824bfbdbbe7f402bb9
2024-09-30 10:28:45,62,01fbae127e8db09da74812bde292eb77d2a68a7897a5571bb7c33ad12264102a
2024-09-30 10:28:45,62,01fbae127e8db09da74812bde292eb77d2a68a7897a5571bb7c33ad12264102a
2024-09-30 10:28:45,62,01fbae127e8db09da74812bde292eb77d2a68a7897a5571bb7c33ad12264102a
2024-09-30 10:28:45,62,01fbae127e8db09da74812bde292eb77d2a68a7897a5571bb7c33ad12264102a
2024-09-30 10:28:45,62,18248f005b7493422ea25abcce7179b6d01446ebce2f14824bfbdbbe7f402bb9
2024-09-30 10:28:45,62,18248f005b7493422ea25abcce7179b6d01446ebce2f14824bfbdbbe7f402bb9
2024-09-30 10:28:46,62,18248f005b7493422ea25abcce7179b6d01446ebce2f14824bfbdbbe7f402bb9
2024-09-30 10:28:47,62,18248f005b7493422ea25abcce7179b6d01446ebce2f14824bfbdbbe7f402bb9
2024-09-30 10:28:50,62,18248f005b7493422ea25abcce7179b6d01446ebce2f14824bfbdbbe7f402bb9
2024-09-30 10:28:51,62,18248f005b7493422ea25abcce7179b6d01446ebce2f14824bfbdbbe7f402bb9
2024-09-30 10:28:51,62,18248f005b7493422ea25abcce7179b6d01446ebce2f14824bfbdbbe7f402bb9
2024-09-30 10:28:51,62,18248f005b7493422ea25abcce7179b6d01446ebce2f14824bfbdbbe7f402bb9
2024-09-30 10:28:51,62,18248f005b7493422ea25abcce7179b6d01446ebce2f14824bfbdbbe7f402bb9
2024-09-30 10:28:51,62,18248f005b7493422ea25abcce7179b6d01446ebce2f14824bfbdbbe7f402bb9
2024-09-30 10:28:51,62,18248f005b7493422ea25abcce7179b6d01446ebce2f14824bfbdbbe7f402bb9
2024-09-30 10:28:54,62,18248f005b7493422ea25abcce7179b6d01446ebce2f14824bfbdbbe7f402bb9
2024-09-30 10:28:54,62,18248f005b7493422ea25abcce7179b6d01446ebce2f14824bfbdbbe7f402bb9
2024-09-30 10:28:56,62,97fe248420114cd0e2a020fbd84efa3304f85f329233553895430a6dcdec00e4
2024-09-30 10:28:56,62,97fe248420114cd0e2a020fbd84efa3304f85f329233553895430a6dcdec00e4
2024-09-30 10:28:56,62,97fe248420114cd0e2a020fbd84efa3304f85f329233553895430a6dcdec00e4
2024-09-30 10:29:03,62,18248f005b7493422ea25abcce7179b6d01446ebce2f14824bfbdbbe7f402bb9
2024-09-30 10:29:03,62,d787358040843e660eb94b464371ac26c3ccc54906bd94fcbf398471ccb0e763
2024-09-30 10:29:08,62,01fbae127e8db09da74812bde292eb77d2a68a7897a5571bb7c33ad12264102a
2024-09-30 10:29:08,62,01fbae127e8db09da74812bde292eb77d2a68a7897a5571bb7c33ad12264102a
2024-09-30 10:29:08,62,01fbae127e8db09da74812bde292eb77d2a68a7897a5571bb7c33ad12264102a
2024-09-30 10:29:10,62,d787358040843e660eb94b464371ac26c3ccc54906bd94fcbf398471ccb0e763
2024-09-30 10:29:12,62,18248f005b7493422ea25abcce7179b6d01446ebce2f14824bfbdbbe7f402bb9
2024-09-30 10:29:12,62,18248f005b7493422ea25abcce7179b6d01446ebce2f14824bfbdbbe7f402bb9
2024-09-30 10:29:12,62,18248f005b7493422ea25abcce7179b6d01446ebce2f14824bfbdbbe7f402bb9
2024-09-30 10:29:12,62,18248f005b7493422ea25abcce7179b6d01446ebce2f14824bfbdbbe7f402bb9
2024-09-30 10:29:13,62,18248f005b7493422ea25abcce7179b6d01446ebce2f14824bfbdbbe7f402bb9
2024-09-30 10:29:20,62,18248f005b7493422ea25abcce7179b6d01446ebce2f14824bfbdbbe7f402bb9
2024-09-30 10:29:31,62,1afe1637b9f98883a0da64167b0f98da338c239c2ef656fc3ef95d01e9fa38ce
2024-09-30 10:29:31,62,1afe1637b9f98883a0da64167b0f98da338c239c2ef656fc3ef95d01e9fa38ce
2024-09-30 10:29:36,62,97fe248420114cd0e2a020fbd84efa3304f85f329233553895430a6dcdec00e4
2024-09-30 10:29:52,62,c81372ca9529ddeb87790ff76f6745ec6870bc09bcdd705d8da7bfde78aed086
2024-09-30 10:29:52,62,c81372ca9529ddeb87790ff76f6745ec6870bc09bcdd705d8da7bfde78aed086
2024-09-30 10:29:52,62,c81372ca9529ddeb87790ff76f6745ec6870bc09bcdd705d8da7bfde78aed086
2024-09-30 10:29:54,62,01fbae127e8db09da74812bde292eb77d2a68a7897a5571bb7c33ad12264102a
2024-09-30 10:29:54,62,01fbae127e8db09da74812bde292eb77d2a68a7897a5571bb7c33ad12264102a
2024-09-30 10:29:54,62,01fbae127e8db09da74812bde292eb77d2a68a7897a5571bb7c33ad12264102a
2024-09-30 10:29:54,62,01fbae127e8db09da74812bde292eb77d2a68a7897a5571bb7c33ad12264102a
2024-09-30 10:30:08,62,18248f005b7493422ea25abcce7179b6d01446ebce2f14824bfbdbbe7f402bb9
2024-09-30 10:30:12,62,c81372ca9529ddeb87790ff76f6745ec6870bc09bcdd705d8da7bfde78aed086
2024-09-30 10:30:12,62,c81372ca9529ddeb87790ff76f6745ec6870bc09bcdd705d8da7bfde78aed086
2024-09-30 10:30:12,62,c81372ca9529ddeb87790ff76f6745ec6870bc09bcdd705d8da7bfde78aed086
2024-09-30 10:30:12,62,c81372ca9529ddeb87790ff76f6745ec6870bc09bcdd705d8da7bfde78aed086
2024-09-30 10:30:12,62,c81372ca9529ddeb87790ff76f6745ec6870bc09bcdd705d8da7bfde78aed086
2024-09-30 10:30:12,62,c81372ca9529ddeb87790ff76f6745ec6870bc09bcdd705d8da7bfde78aed086
2024-09-30 10:30:12,62,c81372ca9529ddeb87790ff76f6745ec6870bc09bcdd705d8da7bfde78aed086
2024-09-30 10:30:12,62,c81372ca9529ddeb87790ff76f6745ec6870bc09bcdd705d8da7bfde78aed086
2024-09-30 10:30:12,62,c81372ca9529ddeb87790ff76f6745ec6870bc09bcdd705d8da7bfde78aed086
2024-09-30 10:30:12,62,c81372ca9529ddeb87790ff76f6745ec6870bc09bcdd705d8da7bfde78aed086
2024-09-30 10:30:13,62,b259ad7b374273c26bec3567023bb3cef7a54a76409fb3688a4ef5ae3e07d4ba
2024-09-30 10:30:13,62,b259ad7b374273c26bec3567023bb3cef7a54a76409fb3688a4ef5ae3e07d4ba
2024-09-30 10:30:32,62,18248f005b7493422ea25abcce7179b6d01446ebce2f14824bfbdbbe7f402bb9
2024-09-30 10:30:50,62,18248f005b7493422ea25abcce7179b6d01446ebce2f14824bfbdbbe7f402bb9
2024-09-30 10:30:50,62,18248f005b7493422ea25abcce7179b6d01446ebce2f14824bfbdbbe7f402bb9
2024-09-30 10:30:52,62,18248f005b7493422ea25abcce7179b6d01446ebce2f14824bfbdbbe7f402bb9
2024-09-30 10:30:52,62,18248f005b7493422ea25abcce7179b6d01446ebce2f14824bfbdbbe7f402bb9
2024-09-30 10:30:52,62,18248f005b7493422ea25abcce7179b6d01446ebce2f14824bfbdbbe7f402bb9
2024-09-30 10:30:52,62,18248f005b7493422ea25abcce7179b6d01446ebce2f14824bfbdbbe7f402bb9
2024-09-30 10:30:57,62,18248f005b7493422ea25abcce7179b6d01446ebce2f14824bfbdbbe7f402bb9
2024-09-30 10:30:58,62,18248f005b7493422ea25abcce7179b6d01446ebce2f14824bfbdbbe7f402bb9
2024-09-30 10:30:58,62,18248f005b7493422ea25abcce7179b6d01446ebce2f14824bfbdbbe7f402bb9
2024-09-30 10:30:58,62,18248f005b7493422ea25abcce7179b6d01446ebce2f14824bfbdbbe7f402bb9
2024-09-30 10:30:58,62,18248f005b7493422ea25abcce7179b6d01446ebce2f14824bfbdbbe7f402bb9
2024-09-30 10:31:34,62,01fbae127e8db09da74812bde292eb77d2a68a7897a5571bb7c33ad12264102a
2024-09-30 10:31:34,62,01fbae127e8db09da74812bde292eb77d2a68a7897a5571bb7c33ad12264102a
2024-09-30 10:31:34,62,01fbae127e8db09da74812bde292eb77d2a68a7897a5571bb7c33ad12264102a
2024-09-30 10:31:35,62,01fbae127e8db09da74812bde292eb77d2a68a7897a5571bb7c33ad12264102a
2024-09-30 10:31:40,62,01fbae127e8db09da74812bde292eb77d2a68a7897a5571bb7c33ad12264102a
2024-09-30 10:31:40,62,01fbae127e8db09da74812bde292eb77d2a68a7897a5571bb7c33ad12264102a
2024-09-30 10:31:41,62,01fbae127e8db09da74812bde292eb77d2a68a7897a5571bb7c33ad12264102a
2024-09-30 10:31:52,62,c81372ca9529ddeb87790ff76f6745ec6870bc09bcdd705d8da7bfde78aed086
2024-09-30 10:31:52,62,c81372ca9529ddeb87790ff76f6745ec6870bc09bcdd705d8da7bfde78aed086
2024-09-30 10:31:53,62,18248f005b7493422ea25abcce7179b6d01446ebce2f14824bfbdbbe7f402bb9
2024-09-30 10:31:53,62,18248f005b7493422ea25abcce7179b6d01446ebce2f14824bfbdbbe7f402bb9
2024-09-30 10:31:53,62,18248f005b7493422ea25abcce7179b6d01446ebce2f14824bfbdbbe7f402bb9
2024-09-30 10:31:58,62,18248f005b7493422ea25abcce7179b6d01446ebce2f14824bfbdbbe7f402bb9
2024-09-30 10:31:58,62,18248f005b7493422ea25abcce7179b6d01446ebce2f14824bfbdbbe7f402bb9
2024-09-30 10:31:59,62,18248f005b7493422ea25abcce7179b6d01446ebce2f14824bfbdbbe7f402bb9
2024-09-30 10:31:59,62,18248f005b7493422ea25abcce7179b6d01446ebce2f14824bfbdbbe7f402bb9
2024-09-30 10:31:59,62,18248f005b7493422ea25abcce7179b6d01446ebce2f14824bfbdbbe7f402bb9
2024-09-30 10:32:04,62,18248f005b7493422ea25abcce7179b6d01446ebce2f14824bfbdbbe7f402bb9
2024-09-30 10:32:04,62,18248f005b7493422ea25abcce7179b6d01446ebce2f14824bfbdbbe7f402bb9
2024-09-30 10:32:04,62,18248f005b7493422ea25abcce7179b6d01446ebce2f14824bfbdbbe7f402bb9
2024-09-30 10:32:12,62,18248f005b7493422ea25abcce7179b6d01446ebce2f14824bfbdbbe7f402bb9
2024-09-30 10:32:12,62,18248f005b7493422ea25abcce7179b6d01446ebce2f14824bfbdbbe7f402bb9
2024-09-30 10:32:14,62,01fbae127e8db09da74812bde292eb77d2a68a7897a5571bb7c33ad12264102a
2024-09-30 10:32:14,62,01fbae127e8db09da74812bde292eb77d2a68a7897a5571bb7c33ad12264102a
2024-09-30 10:32:17,62,b259ad7b374273c26bec3567023bb3cef7a54a76409fb3688a4ef5ae3e07d4ba
2024-09-30 10:32:23,62,18248f005b7493422ea25abcce7179b6d01446ebce2f14824bfbdbbe7f402bb9
2024-09-30 10:32:23,62,18248f005b7493422ea25abcce7179b6d01446ebce2f14824bfbdbbe7f402bb9
2024-09-30 10:32:23,62,18248f005b7493422ea25abcce7179b6d01446ebce2f14824bfbdbbe7f402bb9
2024-09-30 10:32:23,62,18248f005b7493422ea25abcce7179b6d01446ebce2f14824bfbdbbe7f402bb9
2024-09-30 10:32:27,62,18248f005b7493422ea25abcce7179b6d01446ebce2f14824bfbdbbe7f402bb9
2024-09-30 10:32:35,62,b259ad7b374273c26bec3567023bb3cef7a54a76409fb3688a4ef5ae3e07d4ba
2024-09-30 10:32:35,62,92dec0a03d236b1673c65fd213be5f229f5bd4074d40b53ff471c1af5b5a99bb
2024-09-30 10:32:50,62,01fbae127e8db09da74812bde292eb77d2a68a7897a5571bb7c33ad12264102a
2024-09-30 10:33:06,62,f214df8686dde5873f6737cdf93909d29f9b61e55a05fd900714072e85e7e2d9
2024-09-30 10:33:06,62,f214df8686dde5873f6737cdf93909d29f9b61e55a05fd900714072e85e7e2d9
2024-09-30 10:33:08,62,18248f005b7493422ea25abcce7179b6d01446ebce2f14824bfbdbbe7f402bb9
2024-09-30 10:33:10,62,18248f005b7493422ea25abcce7179b6d01446ebce2f14824bfbdbbe7f402bb9
2024-09-30 10:33:15,62,18248f005b7493422ea25abcce7179b6d01446ebce2f14824bfbdbbe7f402bb9
2024-09-30 10:33:15,62,f214df8686dde5873f6737cdf93909d29f9b61e55a05fd900714072e85e7e2d9
2024-09-30 10:33:30,62,01fbae127e8db09da74812bde292eb77d2a68a7897a5571bb7c33ad12264102a
2024-09-30 10:33:30,62,01fbae127e8db09da74812bde292eb77d2a68a7897a5571bb7c33ad12264102a
2024-09-30 10:33:30,62,01fbae127e8db09da74812bde292eb77d2a68a7897a5571bb7c33ad12264102a
2024-09-30 10:33:30,62,01fbae127e8db09da74812bde292eb77d2a68a7897a5571bb7c33ad12264102a
2024-09-30 10:33:30,62,01fbae127e8db09da74812bde292eb77d2a68a7897a5571bb7c33ad12264102a
2024-09-30 10:33:38,62,18248f005b7493422ea25abcce7179b6d01446ebce2f14824bfbdbbe7f402bb9
2024-09-30 10:34:09,62,18248f005b7493422ea25abcce7179b6d01446ebce2f14824bfbdbbe7f402bb9
2024-09-30 10:34:12,62,c81372ca9529ddeb87790ff76f6745ec6870bc09bcdd705d8da7bfde78aed086
2024-09-30 10:34:12,62,c81372ca9529ddeb87790ff76f6745ec6870bc09bcdd705d8da7bfde78aed086
2024-09-30 10:34:18,62,18248f005b7493422ea25abcce7179b6d01446ebce2f14824bfbdbbe7f402bb9
2024-09-30 10:34:18,62,18248f005b7493422ea25abcce7179b6d01446ebce2f14824bfbdbbe7f402bb9
2024-09-30 10:34:19,62,18248f005b7493422ea25abcce7179b6d01446ebce2f14824bfbdbbe7f402bb9
2024-09-30 10:34:19,62,18248f005b7493422ea25abcce7179b6d01446ebce2f14824bfbdbbe7f402bb9
2024-09-30 10:34:19,62,18248f005b7493422ea25abcce7179b6d01446ebce2f14824bfbdbbe7f402bb9
2024-09-30 10:34:21,62,18248f005b7493422ea25abcce7179b6d01446ebce2f14824bfbdbbe7f402bb9
2024-09-30 10:34:21,62,18248f005b7493422ea25abcce7179b6d01446ebce2f14824bfbdbbe7f402bb9
2024-09-30 10:34:21,62,18248f005b7493422ea25abcce7179b6d01446ebce2f14824bfbdbbe7f402bb9
2024-09-30 10:34:21,62,18248f005b7493422ea25abcce7179b6d01446ebce2f14824bfbdbbe7f402bb9
2024-09-30 10:34:27,62,01fbae127e8db09da74812bde292eb77d2a68a7897a5571bb7c33ad12264102a
2024-09-30 10:34:27,62,01fbae127e8db09da74812bde292eb77d2a68a7897a5571bb7c33ad12264102a
2024-09-30 10:34:27,62,01fbae127e8db09da74812bde292eb77d2a68a7897a5571bb7c33ad12264102a
2024-09-30 10:34:39,62,d787358040843e660eb94b464371ac26c3ccc54906bd94fcbf398471ccb0e763
2024-09-30 10:34:48,62,18248f005b7493422ea25abcce7179b6d01446ebce2f14824bfbdbbe7f402bb9
2024-09-30 10:34:51,62,18248f005b7493422ea25abcce7179b6d01446ebce2f14824bfbdbbe7f402bb9
2024-09-30 10:34:51,62,18248f005b7493422ea25abcce7179b6d01446ebce2f14824bfbdbbe7f402bb9
2024-09-30 10:34:52,62,18248f005b7493422ea25abcce7179b6d01446ebce2f14824bfbdbbe7f402bb9
2024-09-30 10:35:00,62,18248f005b7493422ea25abcce7179b6d01446ebce2f14824bfbdbbe7f402bb9
2024-09-30 10:35:04,62,01fbae127e8db09da74812bde292eb77d2a68a7897a5571bb7c33ad12264102a
2024-09-30 10:35:04,62,01fbae127e8db09da74812bde292eb77d2a68a7897a5571bb7c33ad12264102a
2024-09-30 10:35:06,62,72ccf40a32647264a62c0f0bd49dcb1ba6fd7559f3f86c1dc97dfe9cc4dc6d0b
2024-09-30 10:35:06,62,72ccf40a32647264a62c0f0bd49dcb1ba6fd7559f3f86c1dc97dfe9cc4dc6d0b
2024-09-30 10:35:10,62,18248f005b7493422ea25abcce7179b6d01446ebce2f14824bfbdbbe7f402bb9
2024-09-30 10:35:10,62,18248f005b7493422ea25abcce7179b6d01446ebce2f14824bfbdbbe7f402bb9
2024-09-30 10:35:10,62,01fbae127e8db09da74812bde292eb77d2a68a7897a5571bb7c33ad12264102a
2024-09-30 10:35:10,62,01fbae127e8db09da74812bde292eb77d2a68a7897a5571bb7c33ad12264102a
2024-09-30 10:35:10,62,18248f005b7493422ea25abcce7179b6d01446ebce2f14824bfbdbbe7f402bb9
2024-09-30 10:35:10,62,18248f005b7493422ea25abcce7179b6d01446ebce2f14824bfbdbbe7f402bb9
2024-09-30 10:35:10,62,01fbae127e8db09da74812bde292eb77d2a68a7897a5571bb7c33ad12264102a
2024-09-30 10:35:15,62,18248f005b7493422ea25abcce7179b6d01446ebce2f14824bfbdbbe7f402bb9
2024-09-30 10:35:15,62,18248f005b7493422ea25abcce7179b6d01446ebce2f14824bfbdbbe7f402bb9
2024-09-30 10:35:15,62,bf0c3fe69ff86978b57c4b20d468d8868ac3651af88596f00a060e3714df01eb
2024-09-30 10:35:15,62,bf0c3fe69ff86978b57c4b20d468d8868ac3651af88596f00a060e3714df01eb
2024-09-30 10:35:21,62,01fbae127e8db09da74812bde292eb77d2a68a7897a5571bb7c33ad12264102a
2024-09-30 10:35:21,62,01fbae127e8db09da74812bde292eb77d2a68a7897a5571bb7c33ad12264102a
2024-09-30 10:35:23,62,c6ffb1e5f828f4df8e99097f27d25253f28fd48e08006ae8770339d55290d121
2024-09-30 10:35:23,62,c6ffb1e5f828f4df8e99097f27d25253f28fd48e08006ae8770339d55290d121
2024-09-30 10:35:23,62,c6ffb1e5f828f4df8e99097f27d25253f28fd48e08006ae8770339d55290d121
2024-09-30 10:35:23,62,c6ffb1e5f828f4df8e99097f27d25253f28fd48e08006ae8770339d55290d121
2024-09-30 10:35:30,62,ac6bdf2d5686dae420b8fa528fcc9b72514a3cbbdca201fadac306c2091d9b0c
2024-09-30 10:35:30,62,01fbae127e8db09da74812bde292eb77d2a68a7897a5571bb7c33ad12264102a
2024-09-30 10:35:30,62,01fbae127e8db09da74812bde292eb77d2a68a7897a5571bb7c33ad12264102a
2024-09-30 10:35:30,62,01fbae127e8db09da74812bde292eb77d2a68a7897a5571bb7c33ad12264102a
2024-09-30 10:35:30,62,01fbae127e8db09da74812bde292eb77d2a68a7897a5571bb7c33ad12264102a
2024-09-30 10:35:30,62,18248f005b7493422ea25abcce7179b6d01446ebce2f14824bfbdbbe7f402bb9
2024-09-30 10:35:31,62,01fbae127e8db09da74812bde292eb77d2a68a7897a5571bb7c33ad12264102a
2024-09-30 10:35:31,62,01fbae127e8db09da74812bde292eb77d2a68a7897a5571bb7c33ad12264102a
2024-09-30 10:35:34,62,18248f005b7493422ea25abcce7179b6d01446ebce2f14824bfbdbbe7f402bb9
2024-09-30 10:35:34,62,18248f005b7493422ea25abcce7179b6d01446ebce2f14824bfbdbbe7f402bb9
2024-09-30 10:35:38,62,18248f005b7493422ea25abcce7179b6d01446ebce2f14824bfbdbbe7f402bb9
2024-09-30 10:35:46,62,f214df8686dde5873f6737cdf93909d29f9b61e55a05fd900714072e85e7e2d9
2024-09-30 10:35:46,62,f214df8686dde5873f6737cdf93909d29f9b61e55a05fd900714072e85e7e2d9
2024-09-30 10:35:46,62,f214df8686dde5873f6737cdf93909d29f9b61e55a05fd900714072e85e7e2d9
2024-09-30 10:35:52,62,01fbae127e8db09da74812bde292eb77d2a68a7897a5571bb7c33ad12264102a
2024-09-30 10:35:52,62,01fbae127e8db09da74812bde292eb77d2a68a7897a5571bb7c33ad12264102a
2024-09-30 10:35:52,62,01fbae127e8db09da74812bde292eb77d2a68a7897a5571bb7c33ad12264102a
2024-09-30 10:35:53,62,01fbae127e8db09da74812bde292eb77d2a68a7897a5571bb7c33ad12264102a
2024-09-30 10:35:59,62,b259ad7b374273c26bec3567023bb3cef7a54a76409fb3688a4ef5ae3e07d4ba
2024-09-30 10:36:12,62,c81372ca9529ddeb87790ff76f6745ec6870bc09bcdd705d8da7bfde78aed086
2024-09-30 10:36:12,62,c81372ca9529ddeb87790ff76f6745ec6870bc09bcdd705d8da7bfde78aed086
2024-09-30 10:36:12,62,c81372ca9529ddeb87790ff76f6745ec6870bc09bcdd705d8da7bfde78aed086
2024-09-30 10:36:12,62,c81372ca9529ddeb87790ff76f6745ec6870bc09bcdd705d8da7bfde78aed086
2024-09-30 10:36:12,62,c81372ca9529ddeb87790ff76f6745ec6870bc09bcdd705d8da7bfde78aed086
2024-09-30 10:36:12,62,c81372ca9529ddeb87790ff76f6745ec6870bc09bcdd705d8da7bfde78aed086
2024-09-30 10:36:12,62,c81372ca9529ddeb87790ff76f6745ec6870bc09bcdd705d8da7bfde78aed086
2024-09-30 10:36:12,62,c81372ca9529ddeb87790ff76f6745ec6870bc09bcdd705d8da7bfde78aed086
2024-09-30 10:36:12,62,c81372ca9529ddeb87790ff76f6745ec6870bc09bcdd705d8da7bfde78aed086
2024-09-30 10:36:29,62,01fbae127e8db09da74812bde292eb77d2a68a7897a5571bb7c33ad12264102a
2024-09-30 10:36:32,62,18248f005b7493422ea25abcce7179b6d01446ebce2f14824bfbdbbe7f402bb9
2024-09-30 10:36:32,62,18248f005b7493422ea25abcce7179b6d01446ebce2f14824bfbdbbe7f402bb9
2024-09-30 10:36:32,62,c81372ca9529ddeb87790ff76f6745ec6870bc09bcdd705d8da7bfde78aed086
2024-09-30 10:36:32,62,c81372ca9529ddeb87790ff76f6745ec6870bc09bcdd705d8da7bfde78aed086
2024-09-30 10:36:32,62,c81372ca9529ddeb87790ff76f6745ec6870bc09bcdd705d8da7bfde78aed086
2024-09-30 10:36:32,62,c81372ca9529ddeb87790ff76f6745ec6870bc09bcdd705d8da7bfde78aed086
2024-09-30 10:36:32,62,01fbae127e8db09da74812bde292eb77d2a68a7897a5571bb7c33ad12264102a
2024-09-30 10:36:32,62,01fbae127e8db09da74812bde292eb77d2a68a7897a5571bb7c33ad12264102a
2024-09-30 10:36:34,62,18248f005b7493422ea25abcce7179b6d01446ebce2f14824bfbdbbe7f402bb9
2024-09-30 10:36:44,62,b259ad7b374273c26bec3567023bb3cef7a54a76409fb3688a4ef5ae3e07d4ba
2024-09-30 10:36:44,62,b259ad7b374273c26bec3567023bb3cef7a54a76409fb3688a4ef5ae3e07d4ba
2024-09-30 10:37:07,62,01fbae127e8db09da74812bde292eb77d2a68a7897a5571bb7c33ad12264102a
2024-09-30 10:37:07,62,01fbae127e8db09da74812bde292eb77d2a68a7897a5571bb7c33ad12264102a
2024-09-30 10:37:07,62,01fbae127e8db09da74812bde292eb77d2a68a7897a5571bb7c33ad12264102a
2024-09-30 10:37:08,62,01fbae127e8db09da74812bde292eb77d2a68a7897a5571bb7c33ad12264102a
2024-09-30 10:37:22,62,18248f005b7493422ea25abcce7179b6d01446ebce2f14824bfbdbbe7f402bb9
2024-09-30 10:37:22,62,18248f005b7493422ea25abcce7179b6d01446ebce2f14824bfbdbbe7f402bb9
2024-09-30 10:37:31,62,f214df8686dde5873f6737cdf93909d29f9b61e55a05fd900714072e85e7e2d9
2024-09-30 10:37:40,62,18248f005b7493422ea25abcce7179b6d01446ebce2f14824bfbdbbe7f402bb9
2024-09-30 10:37:40,62,18248f005b7493422ea25abcce7179b6d01446ebce2f14824bfbdbbe7f402bb9
2024-09-30 10:38:04,62,01fbae127e8db09da74812bde292eb77d2a68a7897a5571bb7c33ad12264102a
2024-09-30 10:38:05,62,01fbae127e8db09da74812bde292eb77d2a68a7897a5571bb7c33ad12264102a
2024-09-30 10:38:05,62,01fbae127e8db09da74812bde292eb77d2a68a7897a5571bb7c33ad12264102a
2024-09-30 10:38:24,62,894124928754be96561d77d1e8ccfaaa67249864ebee0ced085f0df55717fa17
2024-09-30 10:38:25,62,01fbae127e8db09da74812bde292eb77d2a68a7897a5571bb7c33ad12264102a
2024-09-30 10:38:26,62,01fbae127e8db09da74812bde292eb77d2a68a7897a5571bb7c33ad12264102a
2024-09-30 10:38:29,62,18248f005b7493422ea25abcce7179b6d01446ebce2f14824bfbdbbe7f402bb9
2024-09-30 10:38:38,62,18248f005b7493422ea25abcce7179b6d01446ebce2f14824bfbdbbe7f402bb9
2024-09-30 10:38:39,62,18248f005b7493422ea25abcce7179b6d01446ebce2f14824bfbdbbe7f402bb9
2024-09-30 10:38:40,62,01fbae127e8db09da74812bde292eb77d2a68a7897a5571bb7c33ad12264102a
2024-09-30 10:38:40,62,01fbae127e8db09da74812bde292eb77d2a68a7897a5571bb7c33ad12264102a
2024-09-30 10:38:40,62,01fbae127e8db09da74812bde292eb77d2a68a7897a5571bb7c33ad12264102a
2024-09-30 10:38:40,62,01fbae127e8db09da74812bde292eb77d2a68a7897a5571bb7c33ad12264102a
2024-09-30 10:38:40,62,18248f005b7493422ea25abcce7179b6d01446ebce2f14824bfbdbbe7f402bb9
2024-09-30 10:38:40,62,18248f005b7493422ea25abcce7179b6d01446ebce2f14824bfbdbbe7f402bb9
2024-09-30 10:38:40,62,01fbae127e8db09da74812bde292eb77d2a68a7897a5571bb7c33ad12264102a
2024-09-30 10:38:52,62,c81372ca9529ddeb87790ff76f6745ec6870bc09bcdd705d8da7bfde78aed086
2024-09-30 10:38:52,62,c81372ca9529ddeb87790ff76f6745ec6870bc09bcdd705d8da7bfde78aed086
2024-09-30 10:39:00,62,01fbae127e8db09da74812bde292eb77d2a68a7897a5571bb7c33ad12264102a
2024-09-30 10:39:00,62,01fbae127e8db09da74812bde292eb77d2a68a7897a5571bb7c33ad12264102a
2024-09-30 10:39:00,62,01fbae127e8db09da74812bde292eb77d2a68a7897a5571bb7c33ad12264102a
2024-09-30 10:39:06,62,b259ad7b374273c26bec3567023bb3cef7a54a76409fb3688a4ef5ae3e07d4ba
2024-09-30 10:39:06,62,b259ad7b374273c26bec3567023bb3cef7a54a76409fb3688a4ef5ae3e07d4ba
2024-09-30 10:39:08,62,18248f005b7493422ea25abcce7179b6d01446ebce2f14824bfbdbbe7f402bb9
2024-09-30 10:39:09,62,18248f005b7493422ea25abcce7179b6d01446ebce2f14824bfbdbbe7f402bb9
2024-09-30 10:39:09,62,18248f005b7493422ea25abcce7179b6d01446ebce2f14824bfbdbbe7f402bb9
2024-09-30 10:39:09,62,18248f005b7493422ea25abcce7179b6d01446ebce2f14824bfbdbbe7f402bb9
2024-09-30 10:39:20,62,18248f005b7493422ea25abcce7179b6d01446ebce2f14824bfbdbbe7f402bb9
2024-09-30 10:39:20,62,18248f005b7493422ea25abcce7179b6d01446ebce2f14824bfbdbbe7f402bb9
2024-09-30 10:39:25,62,01fbae127e8db09da74812bde292eb77d2a68a7897a5571bb7c33ad12264102a
2024-09-30 10:39:25,62,01fbae127e8db09da74812bde292eb77d2a68a7897a5571bb7c33ad12264102a
2024-09-30 10:39:25,62,01fbae127e8db09da74812bde292eb77d2a68a7897a5571bb7c33ad12264102a
2024-09-30 10:39:30,62,18248f005b7493422ea25abcce7179b6d01446ebce2f14824bfbdbbe7f402bb9
2024-09-30 10:39:31,62,18248f005b7493422ea25abcce7179b6d01446ebce2f14824bfbdbbe7f402bb9
2024-09-30 10:39:31,62,18248f005b7493422ea25abcce7179b6d01446ebce2f14824bfbdbbe7f402bb9
2024-09-30 10:39:39,62,f5332f306ce88c7c35ea76a3726d0e453733e1841f94896c7043e744314cccaf
2024-09-30 10:39:42,62,ac6bdf2d5686dae420b8fa528fcc9b72514a3cbbdca201fadac306c2091d9b0c
2024-09-30 10:39:52,62,01fbae127e8db09da74812bde292eb77d2a68a7897a5571bb7c33ad12264102a
2024-09-30 10:39:52,62,01fbae127e8db09da74812bde292eb77d2a68a7897a5571bb7c33ad12264102a
2024-09-30 10:40:36,62,18248f005b7493422ea25abcce7179b6d01446ebce2f14824bfbdbbe7f402bb9
2024-09-30 10:40:44,62,18248f005b7493422ea25abcce7179b6d01446ebce2f14824bfbdbbe7f402bb9
2024-09-30 10:40:44,62,18248f005b7493422ea25abcce7179b6d01446ebce2f14824bfbdbbe7f402bb9
2024-09-30 10:40:52,62,c81372ca9529ddeb87790ff76f6745ec6870bc09bcdd705d8da7bfde78aed086
2024-09-30 10:40:52,62,c81372ca9529ddeb87790ff76f6745ec6870bc09bcdd705d8da7bfde78aed086
2024-09-30 10:40:52,62,c81372ca9529ddeb87790ff76f6745ec6870bc09bcdd705d8da7bfde78aed086
2024-09-30 10:40:52,62,18248f005b7493422ea25abcce7179b6d01446ebce2f14824bfbdbbe7f402bb9
2024-09-30 10:41:20,62,18248f005b7493422ea25abcce7179b6d01446ebce2f14824bfbdbbe7f402bb9
2024-09-30 10:41:20,62,18248f005b7493422ea25abcce7179b6d01446ebce2f14824bfbdbbe7f402bb9
2024-09-30 10:41:20,62,18248f005b7493422ea25abcce7179b6d01446ebce2f14824bfbdbbe7f402bb9
2024-09-30 10:41:20,62,18248f005b7493422ea25abcce7179b6d01446ebce2f14824bfbdbbe7f402bb9
2024-09-30 10:41:20,62,18248f005b7493422ea25abcce7179b6d01446ebce2f14824bfbdbbe7f402bb9
2024-09-30 10:41:20,62,18248f005b7493422ea25abcce7179b6d01446ebce2f14824bfbdbbe7f402bb9
2024-09-30 10:41:20,62,18248f005b7493422ea25abcce7179b6d01446ebce2f14824bfbdbbe7f402bb9
2024-09-30 10:41:20,62,18248f005b7493422ea25abcce7179b6d01446ebce2f14824bfbdbbe7f402bb9
2024-09-30 10:41:21,62,18248f005b7493422ea25abcce7179b6d01446ebce2f14824bfbdbbe7f402bb9
2024-09-30 10:41:30,62,ac6bdf2d5686dae420b8fa528fcc9b72514a3cbbdca201fadac306c2091d9b0c
2024-09-30 10:41:37,62,b259ad7b374273c26bec3567023bb3cef7a54a76409fb3688a4ef5ae3e07d4ba
2024-09-30 10:41:47,62,18248f005b7493422ea25abcce7179b6d01446ebce2f14824bfbdbbe7f402bb9
2024-09-30 10:41:52,62,18248f005b7493422ea25abcce7179b6d01446ebce2f14824bfbdbbe7f402bb9
2024-09-30 10:42:01,62,ddd6a1a8b30eb6d53cf202df48a80afedb87fc7282bb5f5e24c2f95d74650cf0
2024-09-30 10:42:30,62,f214df8686dde5873f6737cdf93909d29f9b61e55a05fd900714072e85e7e2d9
2024-09-30 10:42:31,62,18248f005b7493422ea25abcce7179b6d01446ebce2f14824bfbdbbe7f402bb9
2024-09-30 10:42:31,62,18248f005b7493422ea25abcce7179b6d01446ebce2f14824bfbdbbe7f402bb9
2024-09-30 10:42:31,62,18248f005b7493422ea25abcce7179b6d01446ebce2f14824bfbdbbe7f402bb9
2024-09-30 10:42:34,62,18248f005b7493422ea25abcce7179b6d01446ebce2f14824bfbdbbe7f402bb9
2024-09-30 10:42:53,62,18248f005b7493422ea25abcce7179b6d01446ebce2f14824bfbdbbe7f402bb9
2024-09-30 10:42:53,62,18248f005b7493422ea25abcce7179b6d01446ebce2f14824bfbdbbe7f402bb9
2024-09-30 10:42:59,62,18248f005b7493422ea25abcce7179b6d01446ebce2f14824bfbdbbe7f402bb9
2024-09-30 10:42:59,62,18248f005b7493422ea25abcce7179b6d01446ebce2f14824bfbdbbe7f402bb9
2024-09-30 10:42:59,62,18248f005b7493422ea25abcce7179b6d01446ebce2f14824bfbdbbe7f402bb9
2024-09-30 10:43:11,62,18248f005b7493422ea25abcce7179b6d01446ebce2f14824bfbdbbe7f402bb9
2024-09-30 10:43:11,62,18248f005b7493422ea25abcce7179b6d01446ebce2f14824bfbdbbe7f402bb9
2024-09-30 10:43:20,62,a68467b42cffcbb7fbae081a623443ef4bd3760bab34f23ab270b79384072bc6
2024-09-30 10:43:20,62,a68467b42cffcbb7fbae081a623443ef4bd3760bab34f23ab270b79384072bc6
2024-09-30 10:43:20,62,a68467b42cffcbb7fbae081a623443ef4bd3760bab34f23ab270b79384072bc6
2024-09-30 10:43:20,62,a68467b42cffcbb7fbae081a623443ef4bd3760bab34f23ab270b79384072bc6
2024-09-30 10:43:20,62,a68467b42cffcbb7fbae081a623443ef4bd3760bab34f23ab270b79384072bc6
2024-09-30 10:43:20,62,a68467b42cffcbb7fbae081a623443ef4bd3760bab34f23ab270b79384072bc6
2024-09-30 10:43:20,62,a68467b42cffcbb7fbae081a623443ef4bd3760bab34f23ab270b79384072bc6
2024-09-30 10:43:30,62,18248f005b7493422ea25abcce7179b6d01446ebce2f14824bfbdbbe7f402bb9
2024-09-30 10:43:30,62,18248f005b7493422ea25abcce7179b6d01446ebce2f14824bfbdbbe7f402bb9
2024-09-30 10:43:34,62,18248f005b7493422ea25abcce7179b6d01446ebce2f14824bfbdbbe7f402bb9
2024-09-30 10:43:34,62,18248f005b7493422ea25abcce7179b6d01446ebce2f14824bfbdbbe7f402bb9
2024-09-30 10:43:39,62,18248f005b7493422ea25abcce7179b6d01446ebce2f14824bfbdbbe7f402bb9
2024-09-30 10:43:40,62,18248f005b7493422ea25abcce7179b6d01446ebce2f14824bfbdbbe7f402bb9
2024-09-30 10:43:44,62,18248f005b7493422ea25abcce7179b6d01446ebce2f14824bfbdbbe7f402bb9
2024-09-30 10:43:54,62,18248f005b7493422ea25abcce7179b6d01446ebce2f14824bfbdbbe7f402bb9
2024-09-30 10:43:54,62,18248f005b7493422ea25abcce7179b6d01446ebce2f14824bfbdbbe7f402bb9
2024-09-30 10:43:54,62,18248f005b7493422ea25abcce7179b6d01446ebce2f14824bfbdbbe7f402bb9
2024-09-30 10:43:57,62,18248f005b7493422ea25abcce7179b6d01446ebce2f14824bfbdbbe7f402bb9
2024-09-30 10:43:57,62,18248f005b7493422ea25abcce7179b6d01446ebce2f14824bfbdbbe7f402bb9
2024-09-30 10:43:57,62,18248f005b7493422ea25abcce7179b6d01446ebce2f14824bfbdbbe7f402bb9
2024-09-30 10:43:57,62,18248f005b7493422ea25abcce7179b6d01446ebce2f14824bfbdbbe7f402bb9
2024-09-30 10:43:57,62,18248f005b7493422ea25abcce7179b6d01446ebce2f14824bfbdbbe7f402bb9
2024-09-30 10:44:12,62,18248f005b7493422ea25abcce7179b6d01446ebce2f14824bfbdbbe7f402bb9
2024-09-30 10:44:12,62,18248f005b7493422ea25abcce7179b6d01446ebce2f14824bfbdbbe7f402bb9
2024-09-30 10:44:12,62,18248f005b7493422ea25abcce7179b6d01446ebce2f14824bfbdbbe7f402bb9
2024-09-30 10:44:12,62,18248f005b7493422ea25abcce7179b6d01446ebce2f14824bfbdbbe7f402bb9
2024-09-30 10:44:12,62,18248f005b7493422ea25abcce7179b6d01446ebce2f14824bfbdbbe7f402bb9
2024-09-30 10:44:17,62,18248f005b7493422ea25abcce7179b6d01446ebce2f14824bfbdbbe7f402bb9
2024-09-30 10:44:17,62,18248f005b7493422ea25abcce7179b6d01446ebce2f14824bfbdbbe7f402bb9
2024-09-30 10:44:30,62,ac6bdf2d5686dae420b8fa528fcc9b72514a3cbbdca201fadac306c2091d9b0c
2024-09-30 10:44:30,62,ac6bdf2d5686dae420b8fa528fcc9b72514a3cbbdca201fadac306c2091d9b0c
2024-09-30 10:44:35,62,b259ad7b374273c26bec3567023bb3cef7a54a76409fb3688a4ef5ae3e07d4ba
2024-09-30 10:44:35,62,b259ad7b374273c26bec3567023bb3cef7a54a76409fb3688a4ef5ae3e07d4ba
2024-09-30 10:44:50,62,18248f005b7493422ea25abcce7179b6d01446ebce2f14824bfbdbbe7f402bb9
2024-09-30 10:44:50,62,18248f005b7493422ea25abcce7179b6d01446ebce2f14824bfbdbbe7f402bb9
2024-09-30 10:45:14,62,18248f005b7493422ea25abcce7179b6d01446ebce2f14824bfbdbbe7f402bb9
2024-09-30 10:45:14,62,18248f005b7493422ea25abcce7179b6d01446ebce2f14824bfbdbbe7f402bb9
2024-09-30 10:45:14,62,18248f005b7493422ea25abcce7179b6d01446ebce2f14824bfbdbbe7f402bb9
2024-09-30 10:45:14,62,18248f005b7493422ea25abcce7179b6d01446ebce2f14824bfbdbbe7f402bb9
2024-09-30 10:45:14,62,18248f005b7493422ea25abcce7179b6d01446ebce2f14824bfbdbbe7f402bb9
2024-09-30 10:45:14,62,18248f005b7493422ea25abcce7179b6d01446ebce2f14824bfbdbbe7f402bb9
2024-09-30 10:45:20,62,18248f005b7493422ea25abcce7179b6d01446ebce2f14824bfbdbbe7f402bb9
2024-09-30 10:45:20,62,18248f005b7493422ea25abcce7179b6d01446ebce2f14824bfbdbbe7f402bb9
2024-09-30 10:45:29,62,18248f005b7493422ea25abcce7179b6d01446ebce2f14824bfbdbbe7f402bb9
2024-09-30 10:45:29,62,18248f005b7493422ea25abcce7179b6d01446ebce2f14824bfbdbbe7f402bb9
2024-09-30 10:45:43,62,18248f005b7493422ea25abcce7179b6d01446ebce2f14824bfbdbbe7f402bb9
2024-09-30 10:45:44,62,18248f005b7493422ea25abcce7179b6d01446ebce2f14824bfbdbbe7f402bb9
2024-09-30 10:45:44,62,18248f005b7493422ea25abcce7179b6d01446ebce2f14824bfbdbbe7f402bb9
2024-09-30 10:45:44,62,18248f005b7493422ea25abcce7179b6d01446ebce2f14824bfbdbbe7f402bb9
2024-09-30 10:45:46,62,18248f005b7493422ea25abcce7179b6d01446ebce2f14824bfbdbbe7f402bb9
2024-09-30 10:45:46,62,18248f005b7493422ea25abcce7179b6d01446ebce2f14824bfbdbbe7f402bb9
2024-09-30 10:45:47,62,18248f005b7493422ea25abcce7179b6d01446ebce2f14824bfbdbbe7f402bb9
2024-09-30 10:45:52,62,18248f005b7493422ea25abcce7179b6d01446ebce2f14824bfbdbbe7f402bb9
2024-09-30 10:46:00,62,a68467b42cffcbb7fbae081a623443ef4bd3760bab34f23ab270b79384072bc6
2024-09-30 10:46:00,62,a68467b42cffcbb7fbae081a623443ef4bd3760bab34f23ab270b79384072bc6
2024-09-30 10:46:00,62,a68467b42cffcbb7fbae081a623443ef4bd3760bab34f23ab270b79384072bc6
2024-09-30 10:46:00,62,a68467b42cffcbb7fbae081a623443ef4bd3760bab34f23ab270b79384072bc6
2024-09-30 10:46:00,62,a68467b42cffcbb7fbae081a623443ef4bd3760bab34f23ab270b79384072bc6
2024-09-30 10:46:12,62,18248f005b7493422ea25abcce7179b6d01446ebce2f14824bfbdbbe7f402bb9
2024-09-30 10:46:12,62,18248f005b7493422ea25abcce7179b6d01446ebce2f14824bfbdbbe7f402bb9
2024-09-30 10:46:12,62,18248f005b7493422ea25abcce7179b6d01446ebce2f14824bfbdbbe7f402bb9
2024-09-30 10:46:12,62,18248f005b7493422ea25abcce7179b6d01446ebce2f14824bfbdbbe7f402bb9
2024-09-30 10:46:14,62,d6ac3dc7025d979bb0c4c3ce3595a77ef65a87579d3bb84a3e00ecdc315f7e12
2024-09-30 10:46:16,62,18248f005b7493422ea25abcce7179b6d01446ebce2f14824bfbdbbe7f402bb9
2024-09-30 10:46:16,62,18248f005b7493422ea25abcce7179b6d01446ebce2f14824bfbdbbe7f402bb9
2024-09-30 10:46:17,62,18248f005b7493422ea25abcce7179b6d01446ebce2f14824bfbdbbe7f402bb9
2024-09-30 10:46:17,62,18248f005b7493422ea25abcce7179b6d01446ebce2f14824bfbdbbe7f402bb9
2024-09-30 10:46:17,62,18248f005b7493422ea25abcce7179b6d01446ebce2f14824bfbdbbe7f402bb9
2024-09-30 10:46:17,62,01fbae127e8db09da74812bde292eb77d2a68a7897a5571bb7c33ad12264102a
2024-09-30 10:46:17,62,01fbae127e8db09da74812bde292eb77d2a68a7897a5571bb7c33ad12264102a
2024-09-30 10:46:18,62,01fbae127e8db09da74812bde292eb77d2a68a7897a5571bb7c33ad12264102a
2024-09-30 10:46:18,62,18248f005b7493422ea25abcce7179b6d01446ebce2f14824bfbdbbe7f402bb9
2024-09-30 10:46:18,62,18248f005b7493422ea25abcce7179b6d01446ebce2f14824bfbdbbe7f402bb9
2024-09-30 10:46:26,62,f214df8686dde5873f6737cdf93909d29f9b61e55a05fd900714072e85e7e2d9
2024-09-30 10:46:26,62,f214df8686dde5873f6737cdf93909d29f9b61e55a05fd900714072e85e7e2d9
2024-09-30 10:46:26,62,f214df8686dde5873f6737cdf93909d29f9b61e55a05fd900714072e85e7e2d9
2024-09-30 10:46:26,62,f214df8686dde5873f6737cdf93909d29f9b61e55a05fd900714072e85e7e2d9
2024-09-30 10:46:28,62,18248f005b7493422ea25abcce7179b6d01446ebce2f14824bfbdbbe7f402bb9
2024-09-30 10:46:30,62,18248f005b7493422ea25abcce7179b6d01446ebce2f14824bfbdbbe7f402bb9
2024-09-30 10:46:30,62,18248f005b7493422ea25abcce7179b6d01446ebce2f14824bfbdbbe7f402bb9
2024-09-30 10:46:30,62,18248f005b7493422ea25abcce7179b6d01446ebce2f14824bfbdbbe7f402bb9
2024-09-30 10:46:30,62,18248f005b7493422ea25abcce7179b6d01446ebce2f14824bfbdbbe7f402bb9
2024-09-30 10:46:44,62,18248f005b7493422ea25abcce7179b6d01446ebce2f14824bfbdbbe7f402bb9
2024-09-30 10:46:44,62,18248f005b7493422ea25abcce7179b6d01446ebce2f14824bfbdbbe7f402bb9
2024-09-30 10:47:09,62,18248f005b7493422ea25abcce7179b6d01446ebce2f14824bfbdbbe7f402bb9
2024-09-30 10:47:09,62,18248f005b7493422ea25abcce7179b6d01446ebce2f14824bfbdbbe7f402bb9
2024-09-30 10:47:09,62,18248f005b7493422ea25abcce7179b6d01446ebce2f14824bfbdbbe7f402bb9
2024-09-30 10:47:10,62,18248f005b7493422ea25abcce7179b6d01446ebce2f14824bfbdbbe7f402bb9
2024-09-30 10:47:10,62,18248f005b7493422ea25abcce7179b6d01446ebce2f14824bfbdbbe7f402bb9
2024-09-30 10:47:10,62,18248f005b7493422ea25abcce7179b6d01446ebce2f14824bfbdbbe7f402bb9
2024-09-30 10:47:10,62,18248f005b7493422ea25abcce7179b6d01446ebce2f14824bfbdbbe7f402bb9
2024-09-30 10:47:10,62,18248f005b7493422ea25abcce7179b6d01446ebce2f14824bfbdbbe7f402bb9
2024-09-30 10:47:26,62,18248f005b7493422ea25abcce7179b6d01446ebce2f14824bfbdbbe7f402bb9
2024-09-30 10:47:33,62,b259ad7b374273c26bec3567023bb3cef7a54a76409fb3688a4ef5ae3e07d4ba
2024-09-30 10:48:09,62,18248f005b7493422ea25abcce7179b6d01446ebce2f14824bfbdbbe7f402bb9
2024-09-30 10:48:09,62,18248f005b7493422ea25abcce7179b6d01446ebce2f14824bfbdbbe7f402bb9
2024-09-30 10:48:11,62,18248f005b7493422ea25abcce7179b6d01446ebce2f14824bfbdbbe7f402bb9
2024-09-30 10:48:11,62,18248f005b7493422ea25abcce7179b6d01446ebce2f14824bfbdbbe7f402bb9
2024-09-30 10:48:12,62,18248f005b7493422ea25abcce7179b6d01446ebce2f14824bfbdbbe7f402bb9
2024-09-30 10:48:13,62,18248f005b7493422ea25abcce7179b6d01446ebce2f14824bfbdbbe7f402bb9
2024-09-30 10:48:13,62,18248f005b7493422ea25abcce7179b6d01446ebce2f14824bfbdbbe7f402bb9
2024-09-30 10:48:13,62,18248f005b7493422ea25abcce7179b6d01446ebce2f14824bfbdbbe7f402bb9
2024-09-30 10:48:13,62,18248f005b7493422ea25abcce7179b6d01446ebce2f14824bfbdbbe7f402bb9
2024-09-30 10:48:13,62,18248f005b7493422ea25abcce7179b6d01446ebce2f14824bfbdbbe7f402bb9
2024-09-30 10:48:14,62,18248f005b7493422ea25abcce7179b6d01446ebce2f14824bfbdbbe7f402bb9
2024-09-30 10:48:15,62,18248f005b7493422ea25abcce7179b6d01446ebce2f14824bfbdbbe7f402bb9
2024-09-30 10:48:15,62,18248f005b7493422ea25abcce7179b6d01446ebce2f14824bfbdbbe7f402bb9
2024-09-30 10:48:29,62,18248f005b7493422ea25abcce7179b6d01446ebce2f14824bfbdbbe7f402bb9
2024-09-30 10:48:33,62,ac6bdf2d5686dae420b8fa528fcc9b72514a3cbbdca201fadac306c2091d9b0c
2024-09-30 10:48:33,62,ac6bdf2d5686dae420b8fa528fcc9b72514a3cbbdca201fadac306c2091d9b0c
2024-09-30 10:48:33,62,ac6bdf2d5686dae420b8fa528fcc9b72514a3cbbdca201fadac306c2091d9b0c
2024-09-30 10:48:33,62,ac6bdf2d5686dae420b8fa528fcc9b72514a3cbbdca201fadac306c2091d9b0c
2024-09-30 10:48:33,62,ac6bdf2d5686dae420b8fa528fcc9b72514a3cbbdca201fadac306c2091d9b0c
2024-09-30 10:48:52,62,01fbae127e8db09da74812bde292eb77d2a68a7897a5571bb7c33ad12264102a
2024-09-30 10:48:52,62,01fbae127e8db09da74812bde292eb77d2a68a7897a5571bb7c33ad12264102a
2024-09-30 10:48:52,62,01fbae127e8db09da74812bde292eb77d2a68a7897a5571bb7c33ad12264102a
2024-09-30 10:49:03,62,18248f005b7493422ea25abcce7179b6d01446ebce2f14824bfbdbbe7f402bb9
2024-09-30 10:49:06,62,f214df8686dde5873f6737cdf93909d29f9b61e55a05fd900714072e85e7e2d9
2024-09-30 10:49:06,62,f214df8686dde5873f6737cdf93909d29f9b61e55a05fd900714072e85e7e2d9
2024-09-30 10:49:06,62,f214df8686dde5873f6737cdf93909d29f9b61e55a05fd900714072e85e7e2d9
2024-09-30 10:49:06,62,f214df8686dde5873f6737cdf93909d29f9b61e55a05fd900714072e85e7e2d9
2024-09-30 10:49:07,62,01fbae127e8db09da74812bde292eb77d2a68a7897a5571bb7c33ad12264102a
2024-09-30 10:49:07,62,01fbae127e8db09da74812bde292eb77d2a68a7897a5571bb7c33ad12264102a
2024-09-30 10:49:08,62,01fbae127e8db09da74812bde292eb77d2a68a7897a5571bb7c33ad12264102a
2024-09-30 10:49:17,62,18248f005b7493422ea25abcce7179b6d01446ebce2f14824bfbdbbe7f402bb9
2024-09-30 10:49:17,62,18248f005b7493422ea25abcce7179b6d01446ebce2f14824bfbdbbe7f402bb9
2024-09-30 10:49:24,62,01fbae127e8db09da74812bde292eb77d2a68a7897a5571bb7c33ad12264102a
2024-09-30 10:49:24,62,01fbae127e8db09da74812bde292eb77d2a68a7897a5571bb7c33ad12264102a
2024-09-30 10:49:24,62,01fbae127e8db09da74812bde292eb77d2a68a7897a5571bb7c33ad12264102a
2024-09-30 10:49:24,62,01fbae127e8db09da74812bde292eb77d2a68a7897a5571bb7c33ad12264102a
2024-09-30 10:49:24,62,01fbae127e8db09da74812bde292eb77d2a68a7897a5571bb7c33ad12264102a
2024-09-30 10:49:24,62,01fbae127e8db09da74812bde292eb77d2a68a7897a5571bb7c33ad12264102a
2024-09-30 10:49:41,62,01fbae127e8db09da74812bde292eb77d2a68a7897a5571bb7c33ad12264102a
2024-09-30 10:49:41,62,01fbae127e8db09da74812bde292eb77d2a68a7897a5571bb7c33ad12264102a
2024-09-30 10:49:41,62,01fbae127e8db09da74812bde292eb77d2a68a7897a5571bb7c33ad12264102a
2024-09-30 10:49:43,62,18248f005b7493422ea25abcce7179b6d01446ebce2f14824bfbdbbe7f402bb9
2024-09-30 10:49:46,62,01fbae127e8db09da74812bde292eb77d2a68a7897a5571bb7c33ad12264102a
2024-09-30 10:49:51,62,01fbae127e8db09da74812bde292eb77d2a68a7897a5571bb7c33ad12264102a
2024-09-30 10:49:51,62,01fbae127e8db09da74812bde292eb77d2a68a7897a5571bb7c33ad12264102a
2024-09-30 10:49:59,62,01fbae127e8db09da74812bde292eb77d2a68a7897a5571bb7c33ad12264102a
2024-09-30 10:49:59,62,01fbae127e8db09da74812bde292eb77d2a68a7897a5571bb7c33ad12264102a
2024-09-30 10:49:59,62,01fbae127e8db09da74812bde292eb77d2a68a7897a5571bb7c33ad12264102a
2024-09-30 10:49:59,62,01fbae127e8db09da74812bde292eb77d2a68a7897a5571bb7c33ad12264102a
2024-09-30 10:49:59,62,01fbae127e8db09da74812bde292eb77d2a68a7897a5571bb7c33ad12264102a
2024-09-30 10:49:59,62,01fbae127e8db09da74812bde292eb77d2a68a7897a5571bb7c33ad12264102a
2024-09-30 10:50:13,62,01fbae127e8db09da74812bde292eb77d2a68a7897a5571bb7c33ad12264102a
2024-09-30 10:50:13,62,01fbae127e8db09da74812bde292eb77d2a68a7897a5571bb7c33ad12264102a
2024-09-30 10:50:16,62,01fbae127e8db09da74812bde292eb77d2a68a7897a5571bb7c33ad12264102a
2024-09-30 10:50:16,62,01fbae127e8db09da74812bde292eb77d2a68a7897a5571bb7c33ad12264102a
2024-09-30 10:50:17,62,01fbae127e8db09da74812bde292eb77d2a68a7897a5571bb7c33ad12264102a
2024-09-30 10:50:17,62,01fbae127e8db09da74812bde292eb77d2a68a7897a5571bb7c33ad12264102a
2024-09-30 10:50:17,62,01fbae127e8db09da74812bde292eb77d2a68a7897a5571bb7c33ad12264102a
2024-09-30 10:50:17,62,18248f005b7493422ea25abcce7179b6d01446ebce2f14824bfbdbbe7f402bb9
2024-09-30 10:50:17,62,18248f005b7493422ea25abcce7179b6d01446ebce2f14824bfbdbbe7f402bb9
2024-09-30 10:50:19,62,18248f005b7493422ea25abcce7179b6d01446ebce2f14824bfbdbbe7f402bb9
2024-09-30 10:50:19,62,18248f005b7493422ea25abcce7179b6d01446ebce2f14824bfbdbbe7f402bb9
2024-09-30 10:50:19,62,18248f005b7493422ea25abcce7179b6d01446ebce2f14824bfbdbbe7f402bb9
2024-09-30 10:50:19,62,18248f005b7493422ea25abcce7179b6d01446ebce2f14824bfbdbbe7f402bb9
2024-09-30 10:50:20,62,18248f005b7493422ea25abcce7179b6d01446ebce2f14824bfbdbbe7f402bb9
2024-09-30 10:50:20,62,18248f005b7493422ea25abcce7179b6d01446ebce2f14824bfbdbbe7f402bb9
2024-09-30 10:50:20,62,18248f005b7493422ea25abcce7179b6d01446ebce2f14824bfbdbbe7f402bb9
2024-09-30 10:50:20,62,18248f005b7493422ea25abcce7179b6d01446ebce2f14824bfbdbbe7f402bb9
2024-09-30 10:50:20,62,18248f005b7493422ea25abcce7179b6d01446ebce2f14824bfbdbbe7f402bb9
2024-09-30 10:50:20,62,18248f005b7493422ea25abcce7179b6d01446ebce2f14824bfbdbbe7f402bb9
2024-09-30 10:50:21,62,18248f005b7493422ea25abcce7179b6d01446ebce2f14824bfbdbbe7f402bb9
2024-09-30 10:50:22,62,18248f005b7493422ea25abcce7179b6d01446ebce2f14824bfbdbbe7f402bb9
2024-09-30 10:50:22,62,18248f005b7493422ea25abcce7179b6d01446ebce2f14824bfbdbbe7f402bb9
2024-09-30 10:50:22,62,18248f005b7493422ea25abcce7179b6d01446ebce2f14824bfbdbbe7f402bb9
2024-09-30 10:50:35,62,01fbae127e8db09da74812bde292eb77d2a68a7897a5571bb7c33ad12264102a
2024-09-30 10:50:35,62,01fbae127e8db09da74812bde292eb77d2a68a7897a5571bb7c33ad12264102a
2024-09-30 10:50:36,62,01fbae127e8db09da74812bde292eb77d2a68a7897a5571bb7c33ad12264102a
2024-09-30 10:50:36,62,01fbae127e8db09da74812bde292eb77d2a68a7897a5571bb7c33ad12264102a
2024-09-30 10:50:52,62,18248f005b7493422ea25abcce7179b6d01446ebce2f14824bfbdbbe7f402bb9
2024-09-30 10:50:52,62,18248f005b7493422ea25abcce7179b6d01446ebce2f14824bfbdbbe7f402bb9
2024-09-30 10:50:52,62,18248f005b7493422ea25abcce7179b6d01446ebce2f14824bfbdbbe7f402bb9
2024-09-30 10:50:52,62,18248f005b7493422ea25abcce7179b6d01446ebce2f14824bfbdbbe7f402bb9
2024-09-30 10:51:14,62,01fbae127e8db09da74812bde292eb77d2a68a7897a5571bb7c33ad12264102a
2024-09-30 10:51:14,62,01fbae127e8db09da74812bde292eb77d2a68a7897a5571bb7c33ad12264102a
2024-09-30 10:51:25,62,18248f005b7493422ea25abcce7179b6d01446ebce2f14824bfbdbbe7f402bb9
2024-09-30 10:51:25,62,18248f005b7493422ea25abcce7179b6d01446ebce2f14824bfbdbbe7f402bb9
2024-09-30 10:51:31,62,01fbae127e8db09da74812bde292eb77d2a68a7897a5571bb7c33ad12264102a
2024-09-30 10:51:31,62,01fbae127e8db09da74812bde292eb77d2a68a7897a5571bb7c33ad12264102a
2024-09-30 10:51:32,62,01fbae127e8db09da74812bde292eb77d2a68a7897a5571bb7c33ad12264102a
2024-09-30 10:51:46,62,f214df8686dde5873f6737cdf93909d29f9b61e55a05fd900714072e85e7e2d9
2024-09-30 10:51:46,62,18248f005b7493422ea25abcce7179b6d01446ebce2f14824bfbdbbe7f402bb9
2024-09-30 10:51:46,62,18248f005b7493422ea25abcce7179b6d01446ebce2f14824bfbdbbe7f402bb9
2024-09-30 10:51:46,62,18248f005b7493422ea25abcce7179b6d01446ebce2f14824bfbdbbe7f402bb9
2024-09-30 10:51:51,62,01fbae127e8db09da74812bde292eb77d2a68a7897a5571bb7c33ad12264102a
2024-09-30 10:51:52,62,01fbae127e8db09da74812bde292eb77d2a68a7897a5571bb7c33ad12264102a
2024-09-30 10:51:52,62,01fbae127e8db09da74812bde292eb77d2a68a7897a5571bb7c33ad12264102a
2024-09-30 10:52:00,62,18248f005b7493422ea25abcce7179b6d01446ebce2f14824bfbdbbe7f402bb9
2024-09-30 10:52:00,62,18248f005b7493422ea25abcce7179b6d01446ebce2f14824bfbdbbe7f402bb9
2024-09-30 10:52:00,62,18248f005b7493422ea25abcce7179b6d01446ebce2f14824bfbdbbe7f402bb9
2024-09-30 10:52:00,62,18248f005b7493422ea25abcce7179b6d01446ebce2f14824bfbdbbe7f402bb9
2024-09-30 10:52:13,62,01fbae127e8db09da74812bde292eb77d2a68a7897a5571bb7c33ad12264102a
2024-09-30 10:52:13,62,01fbae127e8db09da74812bde292eb77d2a68a7897a5571bb7c33ad12264102a
2024-09-30 10:52:13,62,01fbae127e8db09da74812bde292eb77d2a68a7897a5571bb7c33ad12264102a
2024-09-30 10:52:13,62,01fbae127e8db09da74812bde292eb77d2a68a7897a5571bb7c33ad12264102a
2024-09-30 10:52:13,62,01fbae127e8db09da74812bde292eb77d2a68a7897a5571bb7c33ad12264102a
2024-09-30 10:52:31,62,f214df8686dde5873f6737cdf93909d29f9b61e55a05fd900714072e85e7e2d9
2024-09-30 10:52:31,62,f214df8686dde5873f6737cdf93909d29f9b61e55a05fd900714072e85e7e2d9
2024-09-30 10:52:35,62,18248f005b7493422ea25abcce7179b6d01446ebce2f14824bfbdbbe7f402bb9
2024-09-30 10:52:40,62,01fbae127e8db09da74812bde292eb77d2a68a7897a5571bb7c33ad12264102a
2024-09-30 10:52:47,62,18248f005b7493422ea25abcce7179b6d01446ebce2f14824bfbdbbe7f402bb9
2024-09-30 10:52:47,62,18248f005b7493422ea25abcce7179b6d01446ebce2f14824bfbdbbe7f402bb9
2024-09-30 10:52:49,62,01fbae127e8db09da74812bde292eb77d2a68a7897a5571bb7c33ad12264102a
2024-09-30 10:52:49,62,01fbae127e8db09da74812bde292eb77d2a68a7897a5571bb7c33ad12264102a
2024-09-30 10:52:49,62,01fbae127e8db09da74812bde292eb77d2a68a7897a5571bb7c33ad12264102a
2024-09-30 10:52:49,62,01fbae127e8db09da74812bde292eb77d2a68a7897a5571bb7c33ad12264102a
2024-09-30 10:52:49,62,01fbae127e8db09da74812bde292eb77d2a68a7897a5571bb7c33ad12264102a
2024-09-30 10:52:51,62,01fbae127e8db09da74812bde292eb77d2a68a7897a5571bb7c33ad12264102a
2024-09-30 10:52:54,62,01fbae127e8db09da74812bde292eb77d2a68a7897a5571bb7c33ad12264102a
2024-09-30 10:52:54,62,01fbae127e8db09da74812bde292eb77d2a68a7897a5571bb7c33ad12264102a
2024-09-30 10:53:01,62,18248f005b7493422ea25abcce7179b6d01446ebce2f14824bfbdbbe7f402bb9
2024-09-30 10:53:19,62,18248f005b7493422ea25abcce7179b6d01446ebce2f14824bfbdbbe7f402bb9
2024-09-30 10:53:21,62,c81372ca9529ddeb87790ff76f6745ec6870bc09bcdd705d8da7bfde78aed086
2024-09-30 10:53:21,62,c81372ca9529ddeb87790ff76f6745ec6870bc09bcdd705d8da7bfde78aed086
2024-09-30 10:53:21,62,c81372ca9529ddeb87790ff76f6745ec6870bc09bcdd705d8da7bfde78aed086
2024-09-30 10:53:21,62,c81372ca9529ddeb87790ff76f6745ec6870bc09bcdd705d8da7bfde78aed086
2024-09-30 10:53:21,62,c81372ca9529ddeb87790ff76f6745ec6870bc09bcdd705d8da7bfde78aed086
2024-09-30 10:53:21,62,c81372ca9529ddeb87790ff76f6745ec6870bc09bcdd705d8da7bfde78aed086
2024-09-30 10:53:21,62,c81372ca9529ddeb87790ff76f6745ec6870bc09bcdd705d8da7bfde78aed086
2024-09-30 10:53:21,62,c81372ca9529ddeb87790ff76f6745ec6870bc09bcdd705d8da7bfde78aed086
2024-09-30 10:53:21,62,c81372ca9529ddeb87790ff76f6745ec6870bc09bcdd705d8da7bfde78aed086
2024-09-30 10:53:21,62,c81372ca9529ddeb87790ff76f6745ec6870bc09bcdd705d8da7bfde78aed086
2024-09-30 10:53:25,62,01fbae127e8db09da74812bde292eb77d2a68a7897a5571bb7c33ad12264102a
2024-09-30 10:53:25,62,01fbae127e8db09da74812bde292eb77d2a68a7897a5571bb7c33ad12264102a
2024-09-30 10:53:25,62,01fbae127e8db09da74812bde292eb77d2a68a7897a5571bb7c33ad12264102a
2024-09-30 10:53:30,62,ac6bdf2d5686dae420b8fa528fcc9b72514a3cbbdca201fadac306c2091d9b0c
2024-09-30 10:53:42,62,01fbae127e8db09da74812bde292eb77d2a68a7897a5571bb7c33ad12264102a
2024-09-30 10:53:43,62,01fbae127e8db09da74812bde292eb77d2a68a7897a5571bb7c33ad12264102a
2024-09-30 10:53:43,62,01fbae127e8db09da74812bde292eb77d2a68a7897a5571bb7c33ad12264102a
2024-09-30 10:53:43,62,01fbae127e8db09da74812bde292eb77d2a68a7897a5571bb7c33ad12264102a
2024-09-30 10:54:01,62,01fbae127e8db09da74812bde292eb77d2a68a7897a5571bb7c33ad12264102a
2024-09-30 10:54:01,62,01fbae127e8db09da74812bde292eb77d2a68a7897a5571bb7c33ad12264102a
2024-09-30 10:54:01,62,01fbae127e8db09da74812bde292eb77d2a68a7897a5571bb7c33ad12264102a
2024-09-30 10:54:18,62,01fbae127e8db09da74812bde292eb77d2a68a7897a5571bb7c33ad12264102a
2024-09-30 10:54:18,62,01fbae127e8db09da74812bde292eb77d2a68a7897a5571bb7c33ad12264102a
2024-09-30 10:54:18,62,01fbae127e8db09da74812bde292eb77d2a68a7897a5571bb7c33ad12264102a
2024-09-30 10:54:18,62,01fbae127e8db09da74812bde292eb77d2a68a7897a5571bb7c33ad12264102a
2024-09-30 10:54:18,62,01fbae127e8db09da74812bde292eb77d2a68a7897a5571bb7c33ad12264102a
2024-09-30 10:54:18,62,01fbae127e8db09da74812bde292eb77d2a68a7897a5571bb7c33ad12264102a
2024-09-30 10:54:26,62,f214df8686dde5873f6737cdf93909d29f9b61e55a05fd900714072e85e7e2d9
2024-09-30 10:54:36,62,01fbae127e8db09da74812bde292eb77d2a68a7897a5571bb7c33ad12264102a
2024-09-30 10:54:36,62,01fbae127e8db09da74812bde292eb77d2a68a7897a5571bb7c33ad12264102a
2024-09-30 10:54:36,62,01fbae127e8db09da74812bde292eb77d2a68a7897a5571bb7c33ad12264102a
2024-09-30 10:54:47,62,18248f005b7493422ea25abcce7179b6d01446ebce2f14824bfbdbbe7f402bb9
2024-09-30 10:55:02,62,18248f005b7493422ea25abcce7179b6d01446ebce2f14824bfbdbbe7f402bb9
2024-09-30 10:55:11,62,18248f005b7493422ea25abcce7179b6d01446ebce2f14824bfbdbbe7f402bb9
2024-09-30 10:55:11,62,18248f005b7493422ea25abcce7179b6d01446ebce2f14824bfbdbbe7f402bb9
2024-09-30 10:55:12,62,18248f005b7493422ea25abcce7179b6d01446ebce2f14824bfbdbbe7f402bb9
2024-09-30 10:55:12,62,18248f005b7493422ea25abcce7179b6d01446ebce2f14824bfbdbbe7f402bb9
2024-09-30 10:55:12,62,18248f005b7493422ea25abcce7179b6d01446ebce2f14824bfbdbbe7f402bb9
2024-09-30 10:55:17,62,18248f005b7493422ea25abcce7179b6d01446ebce2f14824bfbdbbe7f402bb9
2024-09-30 10:55:44,62,18248f005b7493422ea25abcce7179b6d01446ebce2f14824bfbdbbe7f402bb9
2024-09-30 10:55:44,62,18248f005b7493422ea25abcce7179b6d01446ebce2f14824bfbdbbe7f402bb9
2024-09-30 10:55:44,62,18248f005b7493422ea25abcce7179b6d01446ebce2f14824bfbdbbe7f402bb9
2024-09-30 10:56:05,62,18248f005b7493422ea25abcce7179b6d01446ebce2f14824bfbdbbe7f402bb9
2024-09-30 10:56:05,62,18248f005b7493422ea25abcce7179b6d01446ebce2f14824bfbdbbe7f402bb9
2024-09-30 10:56:27,62,b259ad7b374273c26bec3567023bb3cef7a54a76409fb3688a4ef5ae3e07d4ba
2024-09-30 10:56:27,62,b259ad7b374273c26bec3567023bb3cef7a54a76409fb3688a4ef5ae3e07d4ba
2024-09-30 10:56:35,62,18248f005b7493422ea25abcce7179b6d01446ebce2f14824bfbdbbe7f402bb9
2024-09-30 10:56:48,62,18248f005b7493422ea25abcce7179b6d01446ebce2f14824bfbdbbe7f402bb9
2024-09-30 10:56:50,62,92dec0a03d236b1673c65fd213be5f229f5bd4074d40b53ff471c1af5b5a99bb
2024-09-30 10:56:50,62,18248f005b7493422ea25abcce7179b6d01446ebce2f14824bfbdbbe7f402bb9
2024-09-30 10:56:50,62,18248f005b7493422ea25abcce7179b6d01446ebce2f14824bfbdbbe7f402bb9
2024-09-30 10:57:01,62,92dec0a03d236b1673c65fd213be5f229f5bd4074d40b53ff471c1af5b5a99bb
2024-09-30 10:57:09,62,f214df8686dde5873f6737cdf93909d29f9b61e55a05fd900714072e85e7e2d9
2024-09-30 10:57:17,62,18248f005b7493422ea25abcce7179b6d01446ebce2f14824bfbdbbe7f402bb9
2024-09-30 10:57:17,62,18248f005b7493422ea25abcce7179b6d01446ebce2f14824bfbdbbe7f402bb9
2024-09-30 10:57:17,62,18248f005b7493422ea25abcce7179b6d01446ebce2f14824bfbdbbe7f402bb9
2024-09-30 10:57:18,62,18248f005b7493422ea25abcce7179b6d01446ebce2f14824bfbdbbe7f402bb9
2024-09-30 10:57:18,62,18248f005b7493422ea25abcce7179b6d01446ebce2f14824bfbdbbe7f402bb9
2024-09-30 10:57:25,62,92dec0a03d236b1673c65fd213be5f229f5bd4074d40b53ff471c1af5b5a99bb
2024-09-30 10:57:27,62,18248f005b7493422ea25abcce7179b6d01446ebce2f14824bfbdbbe7f402bb9
2024-09-30 10:57:27,62,18248f005b7493422ea25abcce7179b6d01446ebce2f14824bfbdbbe7f402bb9
2024-09-30 10:57:29,62,18248f005b7493422ea25abcce7179b6d01446ebce2f14824bfbdbbe7f402bb9
2024-09-30 10:57:29,62,18248f005b7493422ea25abcce7179b6d01446ebce2f14824bfbdbbe7f402bb9
2024-09-30 10:57:29,62,18248f005b7493422ea25abcce7179b6d01446ebce2f14824bfbdbbe7f402bb9
2024-09-30 10:57:31,62,f214df8686dde5873f6737cdf93909d29f9b61e55a05fd900714072e85e7e2d9
2024-09-30 10:57:31,62,f214df8686dde5873f6737cdf93909d29f9b61e55a05fd900714072e85e7e2d9
2024-09-30 10:57:32,62,18248f005b7493422ea25abcce7179b6d01446ebce2f14824bfbdbbe7f402bb9
2024-09-30 10:57:43,62,18248f005b7493422ea25abcce7179b6d01446ebce2f14824bfbdbbe7f402bb9
2024-09-30 10:57:43,62,18248f005b7493422ea25abcce7179b6d01446ebce2f14824bfbdbbe7f402bb9
2024-09-30 10:57:45,62,18248f005b7493422ea25abcce7179b6d01446ebce2f14824bfbdbbe7f402bb9
2024-09-30 10:57:47,62,18248f005b7493422ea25abcce7179b6d01446ebce2f14824bfbdbbe7f402bb9
2024-09-30 10:57:47,62,18248f005b7493422ea25abcce7179b6d01446ebce2f14824bfbdbbe7f402bb9
2024-09-30 10:57:50,62,92dec0a03d236b1673c65fd213be5f229f5bd4074d40b53ff471c1af5b5a99bb
2024-09-30 10:57:57,62,b259ad7b374273c26bec3567023bb3cef7a54a76409fb3688a4ef5ae3e07d4ba
2024-09-30 10:57:57,62,b259ad7b374273c26bec3567023bb3cef7a54a76409fb3688a4ef5ae3e07d4ba
2024-09-30 10:57:57,62,b259ad7b374273c26bec3567023bb3cef7a54a76409fb3688a4ef5ae3e07d4ba
2024-09-30 10:57:57,62,b259ad7b374273c26bec3567023bb3cef7a54a76409fb3688a4ef5ae3e07d4ba
2024-09-30 10:58:12,62,18248f005b7493422ea25abcce7179b6d01446ebce2f14824bfbdbbe7f402bb9
2024-09-30 10:58:12,62,18248f005b7493422ea25abcce7179b6d01446ebce2f14824bfbdbbe7f402bb9
2024-09-30 10:58:16,62,18248f005b7493422ea25abcce7179b6d01446ebce2f14824bfbdbbe7f402bb9
2024-09-30 10:58:16,62,18248f005b7493422ea25abcce7179b6d01446ebce2f14824bfbdbbe7f402bb9
2024-09-30 10:58:16,62,18248f005b7493422ea25abcce7179b6d01446ebce2f14824bfbdbbe7f402bb9
2024-09-30 10:58:17,62,18248f005b7493422ea25abcce7179b6d01446ebce2f14824bfbdbbe7f402bb9
2024-09-30 10:58:38,62,18248f005b7493422ea25abcce7179b6d01446ebce2f14824bfbdbbe7f402bb9
2024-09-30 10:58:40,62,92dec0a03d236b1673c65fd213be5f229f5bd4074d40b53ff471c1af5b5a99bb
2024-09-30 10:58:56,62,18248f005b7493422ea25abcce7179b6d01446ebce2f14824bfbdbbe7f402bb9
2024-09-30 10:58:56,62,18248f005b7493422ea25abcce7179b6d01446ebce2f14824bfbdbbe7f402bb9
2024-09-30 10:58:57,62,18248f005b7493422ea25abcce7179b6d01446ebce2f14824bfbdbbe7f402bb9
2024-09-30 10:59:07,62,18248f005b7493422ea25abcce7179b6d01446ebce2f14824bfbdbbe7f402bb9
2024-09-30 10:59:07,62,18248f005b7493422ea25abcce7179b6d01446ebce2f14824bfbdbbe7f402bb9
2024-09-30 10:59:07,62,18248f005b7493422ea25abcce7179b6d01446ebce2f14824bfbdbbe7f402bb9
2024-09-30 10:59:07,62,18248f005b7493422ea25abcce7179b6d01446ebce2f14824bfbdbbe7f402bb9
2024-09-30 10:59:24,62,18248f005b7493422ea25abcce7179b6d01446ebce2f14824bfbdbbe7f402bb9
2024-09-30 10:59:24,62,18248f005b7493422ea25abcce7179b6d01446ebce2f14824bfbdbbe7f402bb9
2024-09-30 10:59:39,62,18248f005b7493422ea25abcce7179b6d01446ebce2f14824bfbdbbe7f402bb9
2024-09-30 10:59:39,62,18248f005b7493422ea25abcce7179b6d01446ebce2f14824bfbdbbe7f402bb9
2024-09-30 10:59:52,62,18248f005b7493422ea25abcce7179b6d01446ebce2f14824bfbdbbe7f402bb9
2024-09-30 10:59:52,62,18248f005b7493422ea25abcce7179b6d01446ebce2f14824bfbdbbe7f402bb9
2024-09-30 10:59:53,62,18248f005b7493422ea25abcce7179b6d01446ebce2f14824bfbdbbe7f402bb9
2024-09-30 10:59:53,62,18248f005b7493422ea25abcce7179b6d01446ebce2f14824bfbdbbe7f402bb9
2024-09-30 10:59:53,62,18248f005b7493422ea25abcce7179b6d01446ebce2f14824bfbdbbe7f402bb9
2024-09-30 10:59:53,62,18248f005b7493422ea25abcce7179b6d01446ebce2f14824bfbdbbe7f402bb9
2024-09-30 10:59:56,62,18248f005b7493422ea25abcce7179b6d01446ebce2f14824bfbdbbe7f402bb9
2024-09-30 10:59:56,62,18248f005b7493422ea25abcce7179b6d01446ebce2f14824bfbdbbe7f402bb9
2024-09-30 10:59:56,62,18248f005b7493422ea25abcce7179b6d01446ebce2f14824bfbdbbe7f402bb9
2024-09-30 11:00:00,62,18248f005b7493422ea25abcce7179b6d01446ebce2f14824bfbdbbe7f402bb9
2024-09-30 11:00:00,62,18248f005b7493422ea25abcce7179b6d01446ebce2f14824bfbdbbe7f402bb9
2024-09-30 11:00:06,62,18248f005b7493422ea25abcce7179b6d01446ebce2f14824bfbdbbe7f402bb9
2024-09-30 11:00:08,62,d787358040843e660eb94b464371ac26c3ccc54906bd94fcbf398471ccb0e763
2024-09-30 11:00:08,62,d787358040843e660eb94b464371ac26c3ccc54906bd94fcbf398471ccb0e763
2024-09-30 11:00:34,62,18248f005b7493422ea25abcce7179b6d01446ebce2f14824bfbdbbe7f402bb9
2024-09-30 11:00:36,62,18248f005b7493422ea25abcce7179b6d01446ebce2f14824bfbdbbe7f402bb9
2024-09-30 11:00:38,62,b259ad7b374273c26bec3567023bb3cef7a54a76409fb3688a4ef5ae3e07d4ba
2024-09-30 11:00:38,62,b259ad7b374273c26bec3567023bb3cef7a54a76409fb3688a4ef5ae3e07d4ba
2024-09-30 11:00:43,62,d787358040843e660eb94b464371ac26c3ccc54906bd94fcbf398471ccb0e763
2024-09-30 11:00:43,62,d787358040843e660eb94b464371ac26c3ccc54906bd94fcbf398471ccb0e763
2024-09-30 11:00:52,62,18248f005b7493422ea25abcce7179b6d01446ebce2f14824bfbdbbe7f402bb9
2024-09-30 11:00:52,62,18248f005b7493422ea25abcce7179b6d01446ebce2f14824bfbdbbe7f402bb9
2024-09-30 11:00:52,62,18248f005b7493422ea25abcce7179b6d01446ebce2f14824bfbdbbe7f402bb9
2024-09-30 11:00:53,62,18248f005b7493422ea25abcce7179b6d01446ebce2f14824bfbdbbe7f402bb9
2024-09-30 11:00:53,62,18248f005b7493422ea25abcce7179b6d01446ebce2f14824bfbdbbe7f402bb9
2024-09-30 11:01:04,62,18248f005b7493422ea25abcce7179b6d01446ebce2f14824bfbdbbe7f402bb9
2024-09-30 11:01:11,62,18248f005b7493422ea25abcce7179b6d01446ebce2f14824bfbdbbe7f402bb9
2024-09-30 11:01:11,62,18248f005b7493422ea25abcce7179b6d01446ebce2f14824bfbdbbe7f402bb9
2024-09-30 11:01:21,62,18248f005b7493422ea25abcce7179b6d01446ebce2f14824bfbdbbe7f402bb9
2024-09-30 11:01:21,62,f214df8686dde5873f6737cdf93909d29f9b61e55a05fd900714072e85e7e2d9
2024-09-30 11:01:27,62,18248f005b7493422ea25abcce7179b6d01446ebce2f14824bfbdbbe7f402bb9
2024-09-30 11:01:27,62,18248f005b7493422ea25abcce7179b6d01446ebce2f14824bfbdbbe7f402bb9
2024-09-30 11:01:28,62,18248f005b7493422ea25abcce7179b6d01446ebce2f14824bfbdbbe7f402bb9
2024-09-30 11:01:28,62,18248f005b7493422ea25abcce7179b6d01446ebce2f14824bfbdbbe7f402bb9
2024-09-30 11:01:28,62,18248f005b7493422ea25abcce7179b6d01446ebce2f14824bfbdbbe7f402bb9
2024-09-30 11:01:28,62,18248f005b7493422ea25abcce7179b6d01446ebce2f14824bfbdbbe7f402bb9
2024-09-30 11:01:28,62,18248f005b7493422ea25abcce7179b6d01446ebce2f14824bfbdbbe7f402bb9
2024-09-30 11:01:28,62,18248f005b7493422ea25abcce7179b6d01446ebce2f14824bfbdbbe7f402bb9
2024-09-30 11:02:04,62,54ec16a4e61f188ce55731805380cc0ad801692f376dc357910ad83df62c8681
2024-09-30 11:02:09,62,b259ad7b374273c26bec3567023bb3cef7a54a76409fb3688a4ef5ae3e07d4ba
2024-09-30 11:02:09,62,b259ad7b374273c26bec3567023bb3cef7a54a76409fb3688a4ef5ae3e07d4ba
2024-09-30 11:02:15,62,18248f005b7493422ea25abcce7179b6d01446ebce2f14824bfbdbbe7f402bb9
2024-09-30 11:02:17,62,18248f005b7493422ea25abcce7179b6d01446ebce2f14824bfbdbbe7f402bb9
2024-09-30 11:02:17,62,18248f005b7493422ea25abcce7179b6d01446ebce2f14824bfbdbbe7f402bb9
2024-09-30 11:02:17,62,18248f005b7493422ea25abcce7179b6d01446ebce2f14824bfbdbbe7f402bb9
2024-09-30 11:02:19,62,18248f005b7493422ea25abcce7179b6d01446ebce2f14824bfbdbbe7f402bb9
2024-09-30 11:02:21,62,18248f005b7493422ea25abcce7179b6d01446ebce2f14824bfbdbbe7f402bb9
2024-09-30 11:02:30,62,ac6bdf2d5686dae420b8fa528fcc9b72514a3cbbdca201fadac306c2091d9b0c
2024-09-30 11:02:30,62,ac6bdf2d5686dae420b8fa528fcc9b72514a3cbbdca201fadac306c2091d9b0c
2024-09-30 11:02:30,62,f214df8686dde5873f6737cdf93909d29f9b61e55a05fd900714072e85e7e2d9
2024-09-30 11:02:36,62,18248f005b7493422ea25abcce7179b6d01446ebce2f14824bfbdbbe7f402bb9
2024-09-30 11:02:36,62,18248f005b7493422ea25abcce7179b6d01446ebce2f14824bfbdbbe7f402bb9
2024-09-30 11:02:37,62,18248f005b7493422ea25abcce7179b6d01446ebce2f14824bfbdbbe7f402bb9
2024-09-30 11:02:37,62,18248f005b7493422ea25abcce7179b6d01446ebce2f14824bfbdbbe7f402bb9
2024-09-30 11:02:37,62,b259ad7b374273c26bec3567023bb3cef7a54a76409fb3688a4ef5ae3e07d4ba
2024-09-30 11:02:37,62,b259ad7b374273c26bec3567023bb3cef7a54a76409fb3688a4ef5ae3e07d4ba
2024-09-30 11:03:00,62,18248f005b7493422ea25abcce7179b6d01446ebce2f14824bfbdbbe7f402bb9
2024-09-30 11:03:32,62,18248f005b7493422ea25abcce7179b6d01446ebce2f14824bfbdbbe7f402bb9
2024-09-30 11:03:35,62,18248f005b7493422ea25abcce7179b6d01446ebce2f14824bfbdbbe7f402bb9
2024-09-30 11:03:35,62,18248f005b7493422ea25abcce7179b6d01446ebce2f14824bfbdbbe7f402bb9
2024-09-30 11:03:36,62,18248f005b7493422ea25abcce7179b6d01446ebce2f14824bfbdbbe7f402bb9
2024-09-30 11:03:49,62,01fbae127e8db09da74812bde292eb77d2a68a7897a5571bb7c33ad12264102a
2024-09-30 11:04:03,62,18248f005b7493422ea25abcce7179b6d01446ebce2f14824bfbdbbe7f402bb9
2024-09-30 11:04:14,62,b259ad7b374273c26bec3567023bb3cef7a54a76409fb3688a4ef5ae3e07d4ba
2024-09-30 11:04:14,62,b259ad7b374273c26bec3567023bb3cef7a54a76409fb3688a4ef5ae3e07d4ba
2024-09-30 11:04:14,62,b259ad7b374273c26bec3567023bb3cef7a54a76409fb3688a4ef5ae3e07d4ba
2024-09-30 11:04:14,62,b259ad7b374273c26bec3567023bb3cef7a54a76409fb3688a4ef5ae3e07d4ba
2024-09-30 11:04:17,62,18248f005b7493422ea25abcce7179b6d01446ebce2f14824bfbdbbe7f402bb9
2024-09-30 11:04:17,62,18248f005b7493422ea25abcce7179b6d01446ebce2f14824bfbdbbe7f402bb9
2024-09-30 11:04:17,62,18248f005b7493422ea25abcce7179b6d01446ebce2f14824bfbdbbe7f402bb9
2024-09-30 11:04:17,62,18248f005b7493422ea25abcce7179b6d01446ebce2f14824bfbdbbe7f402bb9
2024-09-30 11:04:17,62,18248f005b7493422ea25abcce7179b6d01446ebce2f14824bfbdbbe7f402bb9
2024-09-30 11:04:17,62,18248f005b7493422ea25abcce7179b6d01446ebce2f14824bfbdbbe7f402bb9
2024-09-30 11:04:24,62,18248f005b7493422ea25abcce7179b6d01446ebce2f14824bfbdbbe7f402bb9
2024-09-30 11:04:26,62,18248f005b7493422ea25abcce7179b6d01446ebce2f14824bfbdbbe7f402bb9
2024-09-30 11:04:26,62,18248f005b7493422ea25abcce7179b6d01446ebce2f14824bfbdbbe7f402bb9
2024-09-30 11:04:38,62,18248f005b7493422ea25abcce7179b6d01446ebce2f14824bfbdbbe7f402bb9
2024-09-30 11:04:38,62,18248f005b7493422ea25abcce7179b6d01446ebce2f14824bfbdbbe7f402bb9
2024-09-30 11:04:45,62,18248f005b7493422ea25abcce7179b6d01446ebce2f14824bfbdbbe7f402bb9
2024-09-30 11:04:45,62,18248f005b7493422ea25abcce7179b6d01446ebce2f14824bfbdbbe7f402bb9
2024-09-30 11:05:00,62,18248f005b7493422ea25abcce7179b6d01446ebce2f14824bfbdbbe7f402bb9
2024-09-30 11:05:06,62,f214df8686dde5873f6737cdf93909d29f9b61e55a05fd900714072e85e7e2d9
2024-09-30 11:05:19,62,18248f005b7493422ea25abcce7179b6d01446ebce2f14824bfbdbbe7f402bb9
2024-09-30 11:05:19,62,18248f005b7493422ea25abcce7179b6d01446ebce2f14824bfbdbbe7f402bb9
2024-09-30 11:05:19,62,18248f005b7493422ea25abcce7179b6d01446ebce2f14824bfbdbbe7f402bb9
2024-09-30 11:05:19,62,18248f005b7493422ea25abcce7179b6d01446ebce2f14824bfbdbbe7f402bb9
2024-09-30 11:05:20,62,18248f005b7493422ea25abcce7179b6d01446ebce2f14824bfbdbbe7f402bb9
2024-09-30 11:05:20,62,18248f005b7493422ea25abcce7179b6d01446ebce2f14824bfbdbbe7f402bb9
2024-09-30 11:05:20,62,18248f005b7493422ea25abcce7179b6d01446ebce2f14824bfbdbbe7f402bb9
2024-09-30 11:05:20,62,18248f005b7493422ea25abcce7179b6d01446ebce2f14824bfbdbbe7f402bb9
2024-09-30 11:05:20,62,18248f005b7493422ea25abcce7179b6d01446ebce2f14824bfbdbbe7f402bb9
2024-09-30 11:05:21,62,18248f005b7493422ea25abcce7179b6d01446ebce2f14824bfbdbbe7f402bb9
2024-09-30 11:05:21,62,18248f005b7493422ea25abcce7179b6d01446ebce2f14824bfbdbbe7f402bb9
2024-09-30 11:05:28,62,18248f005b7493422ea25abcce7179b6d01446ebce2f14824bfbdbbe7f402bb9
2024-09-30 11:05:36,62,18248f005b7493422ea25abcce7179b6d01446ebce2f14824bfbdbbe7f402bb9
2024-09-30 11:05:39,62,18248f005b7493422ea25abcce7179b6d01446ebce2f14824bfbdbbe7f402bb9
2024-09-30 11:05:39,62,18248f005b7493422ea25abcce7179b6d01446ebce2f14824bfbdbbe7f402bb9
2024-09-30 11:05:46,62,ac6bdf2d5686dae420b8fa528fcc9b72514a3cbbdca201fadac306c2091d9b0c
2024-09-30 11:05:46,62,ac6bdf2d5686dae420b8fa528fcc9b72514a3cbbdca201fadac306c2091d9b0c
2024-09-30 11:05:47,62,18248f005b7493422ea25abcce7179b6d01446ebce2f14824bfbdbbe7f402bb9
2024-09-30 11:05:47,62,18248f005b7493422ea25abcce7179b6d01446ebce2f14824bfbdbbe7f402bb9
2024-09-30 11:05:49,62,18248f005b7493422ea25abcce7179b6d01446ebce2f14824bfbdbbe7f402bb9
2024-09-30 11:05:49,62,18248f005b7493422ea25abcce7179b6d01446ebce2f14824bfbdbbe7f402bb9
2024-09-30 11:05:59,62,18248f005b7493422ea25abcce7179b6d01446ebce2f14824bfbdbbe7f402bb9
2024-09-30 11:05:59,62,18248f005b7493422ea25abcce7179b6d01446ebce2f14824bfbdbbe7f402bb9
2024-09-30 11:05:59,62,18248f005b7493422ea25abcce7179b6d01446ebce2f14824bfbdbbe7f402bb9
2024-09-30 11:06:06,62,18248f005b7493422ea25abcce7179b6d01446ebce2f14824bfbdbbe7f402bb9
2024-09-30 11:06:08,62,18248f005b7493422ea25abcce7179b6d01446ebce2f14824bfbdbbe7f402bb9
2024-09-30 11:06:14,62,b259ad7b374273c26bec3567023bb3cef7a54a76409fb3688a4ef5ae3e07d4ba
2024-09-30 11:06:15,62,18248f005b7493422ea25abcce7179b6d01446ebce2f14824bfbdbbe7f402bb9
2024-09-30 11:06:15,62,18248f005b7493422ea25abcce7179b6d01446ebce2f14824bfbdbbe7f402bb9
2024-09-30 11:06:20,62,18248f005b7493422ea25abcce7179b6d01446ebce2f14824bfbdbbe7f402bb9
2024-09-30 11:06:27,62,18248f005b7493422ea25abcce7179b6d01446ebce2f14824bfbdbbe7f402bb9
2024-09-30 11:06:27,62,18248f005b7493422ea25abcce7179b6d01446ebce2f14824bfbdbbe7f402bb9
2024-09-30 11:06:37,62,18248f005b7493422ea25abcce7179b6d01446ebce2f14824bfbdbbe7f402bb9
2024-09-30 11:06:41,62,18248f005b7493422ea25abcce7179b6d01446ebce2f14824bfbdbbe7f402bb9
2024-09-30 11:06:41,62,18248f005b7493422ea25abcce7179b6d01446ebce2f14824bfbdbbe7f402bb9
2024-09-30 11:06:47,62,18248f005b7493422ea25abcce7179b6d01446ebce2f14824bfbdbbe7f402bb9
2024-09-30 11:06:47,62,18248f005b7493422ea25abcce7179b6d01446ebce2f14824bfbdbbe7f402bb9
2024-09-30 11:06:47,62,18248f005b7493422ea25abcce7179b6d01446ebce2f14824bfbdbbe7f402bb9
2024-09-30 11:06:55,62,18248f005b7493422ea25abcce7179b6d01446ebce2f14824bfbdbbe7f402bb9
2024-09-30 11:07:00,62,18248f005b7493422ea25abcce7179b6d01446ebce2f14824bfbdbbe7f402bb9
2024-09-30 11:07:00,62,18248f005b7493422ea25abcce7179b6d01446ebce2f14824bfbdbbe7f402bb9
2024-09-30 11:07:07,62,18248f005b7493422ea25abcce7179b6d01446ebce2f14824bfbdbbe7f402bb9
2024-09-30 11:07:07,62,18248f005b7493422ea25abcce7179b6d01446ebce2f14824bfbdbbe7f402bb9
2024-09-30 11:07:09,62,18248f005b7493422ea25abcce7179b6d01446ebce2f14824bfbdbbe7f402bb9
2024-09-30 11:07:09,62,18248f005b7493422ea25abcce7179b6d01446ebce2f14824bfbdbbe7f402bb9
2024-09-30 11:07:16,62,18248f005b7493422ea25abcce7179b6d01446ebce2f14824bfbdbbe7f402bb9
2024-09-30 11:07:17,62,18248f005b7493422ea25abcce7179b6d01446ebce2f14824bfbdbbe7f402bb9
2024-09-30 11:07:17,62,18248f005b7493422ea25abcce7179b6d01446ebce2f14824bfbdbbe7f402bb9
2024-09-30 11:07:17,62,18248f005b7493422ea25abcce7179b6d01446ebce2f14824bfbdbbe7f402bb9
2024-09-30 11:07:17,62,18248f005b7493422ea25abcce7179b6d01446ebce2f14824bfbdbbe7f402bb9
2024-09-30 11:07:19,62,18248f005b7493422ea25abcce7179b6d01446ebce2f14824bfbdbbe7f402bb9
2024-09-30 11:07:19,62,18248f005b7493422ea25abcce7179b6d01446ebce2f14824bfbdbbe7f402bb9
2024-09-30 11:07:19,62,18248f005b7493422ea25abcce7179b6d01446ebce2f14824bfbdbbe7f402bb9
2024-09-30 11:07:20,62,18248f005b7493422ea25abcce7179b6d01446ebce2f14824bfbdbbe7f402bb9
2024-09-30 11:07:20,62,18248f005b7493422ea25abcce7179b6d01446ebce2f14824bfbdbbe7f402bb9
2024-09-30 11:07:20,62,18248f005b7493422ea25abcce7179b6d01446ebce2f14824bfbdbbe7f402bb9
2024-09-30 11:07:20,62,18248f005b7493422ea25abcce7179b6d01446ebce2f14824bfbdbbe7f402bb9
2024-09-30 11:07:23,62,18248f005b7493422ea25abcce7179b6d01446ebce2f14824bfbdbbe7f402bb9
2024-09-30 11:07:30,62,f214df8686dde5873f6737cdf93909d29f9b61e55a05fd900714072e85e7e2d9
2024-09-30 11:07:30,62,f214df8686dde5873f6737cdf93909d29f9b61e55a05fd900714072e85e7e2d9
2024-09-30 11:07:30,62,f214df8686dde5873f6737cdf93909d29f9b61e55a05fd900714072e85e7e2d9
2024-09-30 11:07:30,62,f214df8686dde5873f6737cdf93909d29f9b61e55a05fd900714072e85e7e2d9
2024-09-30 11:07:32,62,18248f005b7493422ea25abcce7179b6d01446ebce2f14824bfbdbbe7f402bb9
2024-09-30 11:07:33,62,18248f005b7493422ea25abcce7179b6d01446ebce2f14824bfbdbbe7f402bb9
2024-09-30 11:07:46,62,f214df8686dde5873f6737cdf93909d29f9b61e55a05fd900714072e85e7e2d9
2024-09-30 11:07:46,62,f214df8686dde5873f6737cdf93909d29f9b61e55a05fd900714072e85e7e2d9
2024-09-30 11:07:49,62,18248f005b7493422ea25abcce7179b6d01446ebce2f14824bfbdbbe7f402bb9
2024-09-30 11:07:49,62,18248f005b7493422ea25abcce7179b6d01446ebce2f14824bfbdbbe7f402bb9
2024-09-30 11:08:00,62,18248f005b7493422ea25abcce7179b6d01446ebce2f14824bfbdbbe7f402bb9
2024-09-30 11:08:00,62,18248f005b7493422ea25abcce7179b6d01446ebce2f14824bfbdbbe7f402bb9
2024-09-30 11:08:00,62,18248f005b7493422ea25abcce7179b6d01446ebce2f14824bfbdbbe7f402bb9
2024-09-30 11:08:14,62,18248f005b7493422ea25abcce7179b6d01446ebce2f14824bfbdbbe7f402bb9
2024-09-30 11:08:14,62,18248f005b7493422ea25abcce7179b6d01446ebce2f14824bfbdbbe7f402bb9
2024-09-30 11:08:17,62,18248f005b7493422ea25abcce7179b6d01446ebce2f14824bfbdbbe7f402bb9
2024-09-30 11:08:18,62,18248f005b7493422ea25abcce7179b6d01446ebce2f14824bfbdbbe7f402bb9
2024-09-30 11:08:18,62,18248f005b7493422ea25abcce7179b6d01446ebce2f14824bfbdbbe7f402bb9
2024-09-30 11:08:24,62,18248f005b7493422ea25abcce7179b6d01446ebce2f14824bfbdbbe7f402bb9
2024-09-30 11:08:30,62,ac6bdf2d5686dae420b8fa528fcc9b72514a3cbbdca201fadac306c2091d9b0c
2024-09-30 11:08:31,62,18248f005b7493422ea25abcce7179b6d01446ebce2f14824bfbdbbe7f402bb9
2024-09-30 11:08:34,62,18248f005b7493422ea25abcce7179b6d01446ebce2f14824bfbdbbe7f402bb9
2024-09-30 11:08:34,62,18248f005b7493422ea25abcce7179b6d01446ebce2f14824bfbdbbe7f402bb9
2024-09-30 11:08:36,62,18248f005b7493422ea25abcce7179b6d01446ebce2f14824bfbdbbe7f402bb9
2024-09-30 11:08:43,62,18248f005b7493422ea25abcce7179b6d01446ebce2f14824bfbdbbe7f402bb9
2024-09-30 11:08:43,62,18248f005b7493422ea25abcce7179b6d01446ebce2f14824bfbdbbe7f402bb9
2024-09-30 11:08:44,62,18248f005b7493422ea25abcce7179b6d01446ebce2f14824bfbdbbe7f402bb9
2024-09-30 11:08:44,62,18248f005b7493422ea25abcce7179b6d01446ebce2f14824bfbdbbe7f402bb9
2024-09-30 11:08:44,62,18248f005b7493422ea25abcce7179b6d01446ebce2f14824bfbdbbe7f402bb9
2024-09-30 11:08:44,62,18248f005b7493422ea25abcce7179b6d01446ebce2f14824bfbdbbe7f402bb9
2024-09-30 11:08:47,62,18248f005b7493422ea25abcce7179b6d01446ebce2f14824bfbdbbe7f402bb9
2024-09-30 11:08:52,62,18248f005b7493422ea25abcce7179b6d01446ebce2f14824bfbdbbe7f402bb9
2024-09-30 11:08:52,62,18248f005b7493422ea25abcce7179b6d01446ebce2f14824bfbdbbe7f402bb9
2024-09-30 11:09:04,62,18248f005b7493422ea25abcce7179b6d01446ebce2f14824bfbdbbe7f402bb9
2024-09-30 11:09:04,62,18248f005b7493422ea25abcce7179b6d01446ebce2f14824bfbdbbe7f402bb9
2024-09-30 11:09:04,62,18248f005b7493422ea25abcce7179b6d01446ebce2f14824bfbdbbe7f402bb9
2024-09-30 11:09:06,62,18248f005b7493422ea25abcce7179b6d01446ebce2f14824bfbdbbe7f402bb9
2024-09-30 11:09:06,62,18248f005b7493422ea25abcce7179b6d01446ebce2f14824bfbdbbe7f402bb9
2024-09-30 11:09:07,62,18248f005b7493422ea25abcce7179b6d01446ebce2f14824bfbdbbe7f402bb9
2024-09-30 11:09:18,62,92dec0a03d236b1673c65fd213be5f229f5bd4074d40b53ff471c1af5b5a99bb
2024-09-30 11:09:20,62,18248f005b7493422ea25abcce7179b6d01446ebce2f14824bfbdbbe7f402bb9
2024-09-30 11:09:48,62,18248f005b7493422ea25abcce7179b6d01446ebce2f14824bfbdbbe7f402bb9
2024-09-30 11:09:51,62,b259ad7b374273c26bec3567023bb3cef7a54a76409fb3688a4ef5ae3e07d4ba
2024-09-30 11:09:52,62,b259ad7b374273c26bec3567023bb3cef7a54a76409fb3688a4ef5ae3e07d4ba
2024-09-30 11:10:05,62,18248f005b7493422ea25abcce7179b6d01446ebce2f14824bfbdbbe7f402bb9
2024-09-30 11:10:05,62,18248f005b7493422ea25abcce7179b6d01446ebce2f14824bfbdbbe7f402bb9
2024-09-30 11:10:07,62,18248f005b7493422ea25abcce7179b6d01446ebce2f14824bfbdbbe7f402bb9
2024-09-30 11:10:07,62,18248f005b7493422ea25abcce7179b6d01446ebce2f14824bfbdbbe7f402bb9
2024-09-30 11:10:15,62,18248f005b7493422ea25abcce7179b6d01446ebce2f14824bfbdbbe7f402bb9
2024-09-30 11:10:15,62,18248f005b7493422ea25abcce7179b6d01446ebce2f14824bfbdbbe7f402bb9
2024-09-30 11:10:15,62,18248f005b7493422ea25abcce7179b6d01446ebce2f14824bfbdbbe7f402bb9
2024-09-30 11:10:15,62,18248f005b7493422ea25abcce7179b6d01446ebce2f14824bfbdbbe7f402bb9
2024-09-30 11:10:24,62,18248f005b7493422ea25abcce7179b6d01446ebce2f14824bfbdbbe7f402bb9
2024-09-30 11:10:24,62,18248f005b7493422ea25abcce7179b6d01446ebce2f14824bfbdbbe7f402bb9
2024-09-30 11:10:26,62,f214df8686dde5873f6737cdf93909d29f9b61e55a05fd900714072e85e7e2d9
2024-09-30 11:10:26,62,f214df8686dde5873f6737cdf93909d29f9b61e55a05fd900714072e85e7e2d9
2024-09-30 11:10:43,62,b259ad7b374273c26bec3567023bb3cef7a54a76409fb3688a4ef5ae3e07d4ba
2024-09-30 11:10:43,62,b259ad7b374273c26bec3567023bb3cef7a54a76409fb3688a4ef5ae3e07d4ba
2024-09-30 11:10:43,62,b259ad7b374273c26bec3567023bb3cef7a54a76409fb3688a4ef5ae3e07d4ba
2024-09-30 11:10:43,62,b259ad7b374273c26bec3567023bb3cef7a54a76409fb3688a4ef5ae3e07d4ba
2024-09-30 11:10:43,62,b259ad7b374273c26bec3567023bb3cef7a54a76409fb3688a4ef5ae3e07d4ba
2024-09-30 11:10:43,62,b259ad7b374273c26bec3567023bb3cef7a54a76409fb3688a4ef5ae3e07d4ba
2024-09-30 11:10:50,62,b259ad7b374273c26bec3567023bb3cef7a54a76409fb3688a4ef5ae3e07d4ba
2024-09-30 11:10:50,62,b259ad7b374273c26bec3567023bb3cef7a54a76409fb3688a4ef5ae3e07d4ba
2024-09-30 11:10:54,62,b259ad7b374273c26bec3567023bb3cef7a54a76409fb3688a4ef5ae3e07d4ba
2024-09-30 11:10:54,62,b259ad7b374273c26bec3567023bb3cef7a54a76409fb3688a4ef5ae3e07d4ba
2024-09-30 11:10:54,62,b259ad7b374273c26bec3567023bb3cef7a54a76409fb3688a4ef5ae3e07d4ba
2024-09-30 11:10:54,62,18248f005b7493422ea25abcce7179b6d01446ebce2f14824bfbdbbe7f402bb9
2024-09-30 11:10:54,62,18248f005b7493422ea25abcce7179b6d01446ebce2f14824bfbdbbe7f402bb9
2024-09-30 11:10:54,62,18248f005b7493422ea25abcce7179b6d01446ebce2f14824bfbdbbe7f402bb9
2024-09-30 11:10:54,62,18248f005b7493422ea25abcce7179b6d01446ebce2f14824bfbdbbe7f402bb9
2024-09-30 11:10:54,62,18248f005b7493422ea25abcce7179b6d01446ebce2f14824bfbdbbe7f402bb9
2024-09-30 11:10:54,62,18248f005b7493422ea25abcce7179b6d01446ebce2f14824bfbdbbe7f402bb9
2024-09-30 11:10:56,62,18248f005b7493422ea25abcce7179b6d01446ebce2f14824bfbdbbe7f402bb9
2024-09-30 11:10:56,62,18248f005b7493422ea25abcce7179b6d01446ebce2f14824bfbdbbe7f402bb9
2024-09-30 11:10:58,62,b259ad7b374273c26bec3567023bb3cef7a54a76409fb3688a4ef5ae3e07d4ba
2024-09-30 11:10:58,62,b259ad7b374273c26bec3567023bb3cef7a54a76409fb3688a4ef5ae3e07d4ba
2024-09-30 11:11:05,62,b259ad7b374273c26bec3567023bb3cef7a54a76409fb3688a4ef5ae3e07d4ba
2024-09-30 11:11:05,62,b259ad7b374273c26bec3567023bb3cef7a54a76409fb3688a4ef5ae3e07d4ba
2024-09-30 11:11:05,62,b259ad7b374273c26bec3567023bb3cef7a54a76409fb3688a4ef5ae3e07d4ba
2024-09-30 11:11:05,62,b259ad7b374273c26bec3567023bb3cef7a54a76409fb3688a4ef5ae3e07d4ba
2024-09-30 11:11:05,62,b259ad7b374273c26bec3567023bb3cef7a54a76409fb3688a4ef5ae3e07d4ba
2024-09-30 11:11:05,62,b259ad7b374273c26bec3567023bb3cef7a54a76409fb3688a4ef5ae3e07d4ba
2024-09-30 11:11:07,62,18248f005b7493422ea25abcce7179b6d01446ebce2f14824bfbdbbe7f402bb9
2024-09-30 11:11:11,62,b259ad7b374273c26bec3567023bb3cef7a54a76409fb3688a4ef5ae3e07d4ba
2024-09-30 11:11:11,62,b259ad7b374273c26bec3567023bb3cef7a54a76409fb3688a4ef5ae3e07d4ba
2024-09-30 11:11:11,62,b259ad7b374273c26bec3567023bb3cef7a54a76409fb3688a4ef5ae3e07d4ba
2024-09-30 11:11:11,62,b259ad7b374273c26bec3567023bb3cef7a54a76409fb3688a4ef5ae3e07d4ba
2024-09-30 11:11:14,62,b259ad7b374273c26bec3567023bb3cef7a54a76409fb3688a4ef5ae3e07d4ba
2024-09-30 11:11:14,62,b259ad7b374273c26bec3567023bb3cef7a54a76409fb3688a4ef5ae3e07d4ba
2024-09-30 11:11:14,62,b259ad7b374273c26bec3567023bb3cef7a54a76409fb3688a4ef5ae3e07d4ba
2024-09-30 11:11:15,62,18248f005b7493422ea25abcce7179b6d01446ebce2f14824bfbdbbe7f402bb9
2024-09-30 11:11:15,62,18248f005b7493422ea25abcce7179b6d01446ebce2f14824bfbdbbe7f402bb9
2024-09-30 11:11:15,62,18248f005b7493422ea25abcce7179b6d01446ebce2f14824bfbdbbe7f402bb9
2024-09-30 11:11:15,62,18248f005b7493422ea25abcce7179b6d01446ebce2f14824bfbdbbe7f402bb9
2024-09-30 11:11:16,62,18248f005b7493422ea25abcce7179b6d01446ebce2f14824bfbdbbe7f402bb9
2024-09-30 11:11:18,62,b259ad7b374273c26bec3567023bb3cef7a54a76409fb3688a4ef5ae3e07d4ba
2024-09-30 11:11:18,62,b259ad7b374273c26bec3567023bb3cef7a54a76409fb3688a4ef5ae3e07d4ba
2024-09-30 11:11:18,62,18248f005b7493422ea25abcce7179b6d01446ebce2f14824bfbdbbe7f402bb9
2024-09-30 11:11:18,62,b259ad7b374273c26bec3567023bb3cef7a54a76409fb3688a4ef5ae3e07d4ba
2024-09-30 11:11:18,62,18248f005b7493422ea25abcce7179b6d01446ebce2f14824bfbdbbe7f402bb9
2024-09-30 11:11:19,62,b259ad7b374273c26bec3567023bb3cef7a54a76409fb3688a4ef5ae3e07d4ba
2024-09-30 11:11:19,62,b259ad7b374273c26bec3567023bb3cef7a54a76409fb3688a4ef5ae3e07d4ba
2024-09-30 11:11:19,62,18248f005b7493422ea25abcce7179b6d01446ebce2f14824bfbdbbe7f402bb9
2024-09-30 11:11:24,62,18248f005b7493422ea25abcce7179b6d01446ebce2f14824bfbdbbe7f402bb9
2024-09-30 11:11:30,62,ac6bdf2d5686dae420b8fa528fcc9b72514a3cbbdca201fadac306c2091d9b0c
2024-09-30 11:11:38,62,18248f005b7493422ea25abcce7179b6d01446ebce2f14824bfbdbbe7f402bb9
2024-09-30 11:11:42,62,18248f005b7493422ea25abcce7179b6d01446ebce2f14824bfbdbbe7f402bb9
2024-09-30 11:11:42,62,18248f005b7493422ea25abcce7179b6d01446ebce2f14824bfbdbbe7f402bb9
2024-09-30 11:11:52,62,18248f005b7493422ea25abcce7179b6d01446ebce2f14824bfbdbbe7f402bb9
2024-09-30 11:11:52,62,18248f005b7493422ea25abcce7179b6d01446ebce2f14824bfbdbbe7f402bb9
2024-09-30 11:12:11,62,18248f005b7493422ea25abcce7179b6d01446ebce2f14824bfbdbbe7f402bb9
2024-09-30 11:12:16,62,18248f005b7493422ea25abcce7179b6d01446ebce2f14824bfbdbbe7f402bb9
2024-09-30 11:12:16,62,18248f005b7493422ea25abcce7179b6d01446ebce2f14824bfbdbbe7f402bb9
2024-09-30 11:12:16,62,18248f005b7493422ea25abcce7179b6d01446ebce2f14824bfbdbbe7f402bb9
2024-09-30 11:12:20,62,18248f005b7493422ea25abcce7179b6d01446ebce2f14824bfbdbbe7f402bb9
2024-09-30 11:12:20,62,18248f005b7493422ea25abcce7179b6d01446ebce2f14824bfbdbbe7f402bb9
2024-09-30 11:12:22,62,18248f005b7493422ea25abcce7179b6d01446ebce2f14824bfbdbbe7f402bb9
2024-09-30 11:12:46,62,18248f005b7493422ea25abcce7179b6d01446ebce2f14824bfbdbbe7f402bb9
2024-09-30 11:12:50,62,18248f005b7493422ea25abcce7179b6d01446ebce2f14824bfbdbbe7f402bb9
2024-09-30 11:12:51,62,18248f005b7493422ea25abcce7179b6d01446ebce2f14824bfbdbbe7f402bb9
2024-09-30 11:12:56,62,18248f005b7493422ea25abcce7179b6d01446ebce2f14824bfbdbbe7f402bb9
2024-09-30 11:13:02,62,18248f005b7493422ea25abcce7179b6d01446ebce2f14824bfbdbbe7f402bb9
2024-09-30 11:13:05,62,18248f005b7493422ea25abcce7179b6d01446ebce2f14824bfbdbbe7f402bb9
2024-09-30 11:13:05,62,18248f005b7493422ea25abcce7179b6d01446ebce2f14824bfbdbbe7f402bb9
2024-09-30 11:13:06,62,18248f005b7493422ea25abcce7179b6d01446ebce2f14824bfbdbbe7f402bb9
2024-09-30 11:13:06,62,18248f005b7493422ea25abcce7179b6d01446ebce2f14824bfbdbbe7f402bb9
2024-09-30 11:13:09,62,18248f005b7493422ea25abcce7179b6d01446ebce2f14824bfbdbbe7f402bb9
2024-09-30 11:13:09,62,18248f005b7493422ea25abcce7179b6d01446ebce2f14824bfbdbbe7f402bb9
2024-09-30 11:13:14,62,18248f005b7493422ea25abcce7179b6d01446ebce2f14824bfbdbbe7f402bb9
2024-09-30 11:13:14,62,18248f005b7493422ea25abcce7179b6d01446ebce2f14824bfbdbbe7f402bb9
2024-09-30 11:13:14,62,18248f005b7493422ea25abcce7179b6d01446ebce2f14824bfbdbbe7f402bb9
2024-09-30 11:13:14,62,18248f005b7493422ea25abcce7179b6d01446ebce2f14824bfbdbbe7f402bb9
2024-09-30 11:13:14,62,18248f005b7493422ea25abcce7179b6d01446ebce2f14824bfbdbbe7f402bb9
2024-09-30 11:13:15,62,18248f005b7493422ea25abcce7179b6d01446ebce2f14824bfbdbbe7f402bb9
2024-09-30 11:13:15,62,18248f005b7493422ea25abcce7179b6d01446ebce2f14824bfbdbbe7f402bb9
2024-09-30 11:13:16,62,18248f005b7493422ea25abcce7179b6d01446ebce2f14824bfbdbbe7f402bb9
2024-09-30 11:13:16,62,18248f005b7493422ea25abcce7179b6d01446ebce2f14824bfbdbbe7f402bb9
2024-09-30 11:13:18,62,18248f005b7493422ea25abcce7179b6d01446ebce2f14824bfbdbbe7f402bb9
2024-09-30 11:13:19,62,18248f005b7493422ea25abcce7179b6d01446ebce2f14824bfbdbbe7f402bb9
2024-09-30 11:13:19,62,18248f005b7493422ea25abcce7179b6d01446ebce2f14824bfbdbbe7f402bb9
2024-09-30 11:13:23,62,18248f005b7493422ea25abcce7179b6d01446ebce2f14824bfbdbbe7f402bb9
2024-09-30 11:13:23,62,18248f005b7493422ea25abcce7179b6d01446ebce2f14824bfbdbbe7f402bb9
2024-09-30 11:13:33,62,18248f005b7493422ea25abcce7179b6d01446ebce2f14824bfbdbbe7f402bb9
2024-09-30 11:13:33,62,18248f005b7493422ea25abcce7179b6d01446ebce2f14824bfbdbbe7f402bb9
2024-09-30 11:13:34,62,18248f005b7493422ea25abcce7179b6d01446ebce2f14824bfbdbbe7f402bb9
2024-09-30 11:13:44,62,18248f005b7493422ea25abcce7179b6d01446ebce2f14824bfbdbbe7f402bb9
2024-09-30 11:13:44,62,18248f005b7493422ea25abcce7179b6d01446ebce2f14824bfbdbbe7f402bb9
2024-09-30 11:13:45,62,18248f005b7493422ea25abcce7179b6d01446ebce2f14824bfbdbbe7f402bb9
2024-09-30 11:13:49,62,18248f005b7493422ea25abcce7179b6d01446ebce2f14824bfbdbbe7f402bb9
2024-09-30 11:13:49,62,18248f005b7493422ea25abcce7179b6d01446ebce2f14824bfbdbbe7f402bb9
2024-09-30 11:13:57,62,18248f005b7493422ea25abcce7179b6d01446ebce2f14824bfbdbbe7f402bb9
2024-09-30 11:13:57,62,18248f005b7493422ea25abcce7179b6d01446ebce2f14824bfbdbbe7f402bb9
2024-09-30 11:14:01,62,18248f005b7493422ea25abcce7179b6d01446ebce2f14824bfbdbbe7f402bb9
2024-09-30 11:14:01,62,18248f005b7493422ea25abcce7179b6d01446ebce2f14824bfbdbbe7f402bb9
2024-09-30 11:14:01,62,18248f005b7493422ea25abcce7179b6d01446ebce2f14824bfbdbbe7f402bb9
2024-09-30 11:14:03,62,18248f005b7493422ea25abcce7179b6d01446ebce2f14824bfbdbbe7f402bb9
2024-09-30 11:14:03,62,18248f005b7493422ea25abcce7179b6d01446ebce2f14824bfbdbbe7f402bb9
2024-09-30 11:14:03,62,18248f005b7493422ea25abcce7179b6d01446ebce2f14824bfbdbbe7f402bb9
2024-09-30 11:14:04,62,18248f005b7493422ea25abcce7179b6d01446ebce2f14824bfbdbbe7f402bb9
2024-09-30 11:14:05,62,18248f005b7493422ea25abcce7179b6d01446ebce2f14824bfbdbbe7f402bb9
2024-09-30 11:14:17,62,18248f005b7493422ea25abcce7179b6d01446ebce2f14824bfbdbbe7f402bb9
2024-09-30 11:14:17,62,18248f005b7493422ea25abcce7179b6d01446ebce2f14824bfbdbbe7f402bb9
2024-09-30 11:14:20,62,18248f005b7493422ea25abcce7179b6d01446ebce2f14824bfbdbbe7f402bb9
2024-09-30 11:14:25,62,18248f005b7493422ea25abcce7179b6d01446ebce2f14824bfbdbbe7f402bb9
2024-09-30 11:14:34,62,18248f005b7493422ea25abcce7179b6d01446ebce2f14824bfbdbbe7f402bb9
2024-09-30 11:14:34,62,18248f005b7493422ea25abcce7179b6d01446ebce2f14824bfbdbbe7f402bb9
2024-09-30 11:14:34,62,18248f005b7493422ea25abcce7179b6d01446ebce2f14824bfbdbbe7f402bb9
2024-09-30 11:14:35,62,18248f005b7493422ea25abcce7179b6d01446ebce2f14824bfbdbbe7f402bb9
2024-09-30 11:14:45,62,b259ad7b374273c26bec3567023bb3cef7a54a76409fb3688a4ef5ae3e07d4ba
2024-09-30 11:14:45,62,b259ad7b374273c26bec3567023bb3cef7a54a76409fb3688a4ef5ae3e07d4ba
2024-09-30 11:14:45,62,18248f005b7493422ea25abcce7179b6d01446ebce2f14824bfbdbbe7f402bb9
2024-09-30 11:14:45,62,18248f005b7493422ea25abcce7179b6d01446ebce2f14824bfbdbbe7f402bb9
2024-09-30 11:14:45,62,b259ad7b374273c26bec3567023bb3cef7a54a76409fb3688a4ef5ae3e07d4ba
2024-09-30 11:14:45,62,b259ad7b374273c26bec3567023bb3cef7a54a76409fb3688a4ef5ae3e07d4ba
2024-09-30 11:14:45,62,b259ad7b374273c26bec3567023bb3cef7a54a76409fb3688a4ef5ae3e07d4ba
2024-09-30 11:14:45,62,18248f005b7493422ea25abcce7179b6d01446ebce2f14824bfbdbbe7f402bb9
2024-09-30 11:14:45,62,18248f005b7493422ea25abcce7179b6d01446ebce2f14824bfbdbbe7f402bb9
2024-09-30 11:14:47,62,18248f005b7493422ea25abcce7179b6d01446ebce2f14824bfbdbbe7f402bb9
2024-09-30 11:14:50,62,18248f005b7493422ea25abcce7179b6d01446ebce2f14824bfbdbbe7f402bb9
2024-09-30 11:15:01,62,18248f005b7493422ea25abcce7179b6d01446ebce2f14824bfbdbbe7f402bb9
2024-09-30 11:15:14,62,01fbae127e8db09da74812bde292eb77d2a68a7897a5571bb7c33ad12264102a
2024-09-30 11:15:14,62,01fbae127e8db09da74812bde292eb77d2a68a7897a5571bb7c33ad12264102a
2024-09-30 11:15:16,62,18248f005b7493422ea25abcce7179b6d01446ebce2f14824bfbdbbe7f402bb9
2024-09-30 11:15:16,62,18248f005b7493422ea25abcce7179b6d01446ebce2f14824bfbdbbe7f402bb9
2024-09-30 11:15:16,62,18248f005b7493422ea25abcce7179b6d01446ebce2f14824bfbdbbe7f402bb9
2024-09-30 11:15:20,62,18248f005b7493422ea25abcce7179b6d01446ebce2f14824bfbdbbe7f402bb9
2024-09-30 11:15:28,62,18248f005b7493422ea25abcce7179b6d01446ebce2f14824bfbdbbe7f402bb9
2024-09-30 11:15:28,62,18248f005b7493422ea25abcce7179b6d01446ebce2f14824bfbdbbe7f402bb9
2024-09-30 11:15:28,62,18248f005b7493422ea25abcce7179b6d01446ebce2f14824bfbdbbe7f402bb9
2024-09-30 11:15:28,62,18248f005b7493422ea25abcce7179b6d01446ebce2f14824bfbdbbe7f402bb9
2024-09-30 11:15:33,62,18248f005b7493422ea25abcce7179b6d01446ebce2f14824bfbdbbe7f402bb9
2024-09-30 11:15:45,62,18248f005b7493422ea25abcce7179b6d01446ebce2f14824bfbdbbe7f402bb9
2024-09-30 11:15:45,62,18248f005b7493422ea25abcce7179b6d01446ebce2f14824bfbdbbe7f402bb9
2024-09-30 11:15:46,62,f214df8686dde5873f6737cdf93909d29f9b61e55a05fd900714072e85e7e2d9
2024-09-30 11:15:46,62,f214df8686dde5873f6737cdf93909d29f9b61e55a05fd900714072e85e7e2d9
2024-09-30 11:15:46,62,f214df8686dde5873f6737cdf93909d29f9b61e55a05fd900714072e85e7e2d9
2024-09-30 11:15:46,62,f214df8686dde5873f6737cdf93909d29f9b61e55a05fd900714072e85e7e2d9
2024-09-30 11:15:48,62,18248f005b7493422ea25abcce7179b6d01446ebce2f14824bfbdbbe7f402bb9
2024-09-30 11:15:49,62,01fbae127e8db09da74812bde292eb77d2a68a7897a5571bb7c33ad12264102a
2024-09-30 11:15:49,62,01fbae127e8db09da74812bde292eb77d2a68a7897a5571bb7c33ad12264102a
2024-09-30 11:15:49,62,01fbae127e8db09da74812bde292eb77d2a68a7897a5571bb7c33ad12264102a
2024-09-30 11:15:51,62,18248f005b7493422ea25abcce7179b6d01446ebce2f14824bfbdbbe7f402bb9
2024-09-30 11:15:52,62,18248f005b7493422ea25abcce7179b6d01446ebce2f14824bfbdbbe7f402bb9
2024-09-30 11:16:00,62,18248f005b7493422ea25abcce7179b6d01446ebce2f14824bfbdbbe7f402bb9
2024-09-30 11:16:02,62,01fbae127e8db09da74812bde292eb77d2a68a7897a5571bb7c33ad12264102a
2024-09-30 11:16:06,62,18248f005b7493422ea25abcce7179b6d01446ebce2f14824bfbdbbe7f402bb9
2024-09-30 11:16:06,62,18248f005b7493422ea25abcce7179b6d01446ebce2f14824bfbdbbe7f402bb9
2024-09-30 11:16:06,62,18248f005b7493422ea25abcce7179b6d01446ebce2f14824bfbdbbe7f402bb9
2024-09-30 11:16:06,62,18248f005b7493422ea25abcce7179b6d01446ebce2f14824bfbdbbe7f402bb9
2024-09-30 11:16:23,62,92dec0a03d236b1673c65fd213be5f229f5bd4074d40b53ff471c1af5b5a99bb
2024-09-30 11:16:23,62,92dec0a03d236b1673c65fd213be5f229f5bd4074d40b53ff471c1af5b5a99bb
2024-09-30 11:16:28,62,18248f005b7493422ea25abcce7179b6d01446ebce2f14824bfbdbbe7f402bb9
2024-09-30 11:16:28,62,18248f005b7493422ea25abcce7179b6d01446ebce2f14824bfbdbbe7f402bb9
2024-09-30 11:16:29,62,b259ad7b374273c26bec3567023bb3cef7a54a76409fb3688a4ef5ae3e07d4ba
2024-09-30 11:16:29,62,b259ad7b374273c26bec3567023bb3cef7a54a76409fb3688a4ef5ae3e07d4ba
2024-09-30 11:16:29,62,b259ad7b374273c26bec3567023bb3cef7a54a76409fb3688a4ef5ae3e07d4ba
2024-09-30 11:16:32,62,18248f005b7493422ea25abcce7179b6d01446ebce2f14824bfbdbbe7f402bb9
2024-09-30 11:16:32,62,18248f005b7493422ea25abcce7179b6d01446ebce2f14824bfbdbbe7f402bb9
2024-09-30 11:16:32,62,18248f005b7493422ea25abcce7179b6d01446ebce2f14824bfbdbbe7f402bb9
2024-09-30 11:16:32,62,18248f005b7493422ea25abcce7179b6d01446ebce2f14824bfbdbbe7f402bb9
2024-09-30 11:16:32,62,18248f005b7493422ea25abcce7179b6d01446ebce2f14824bfbdbbe7f402bb9
2024-09-30 11:16:33,62,18248f005b7493422ea25abcce7179b6d01446ebce2f14824bfbdbbe7f402bb9
2024-09-30 11:16:33,62,01fbae127e8db09da74812bde292eb77d2a68a7897a5571bb7c33ad12264102a
2024-09-30 11:16:33,62,01fbae127e8db09da74812bde292eb77d2a68a7897a5571bb7c33ad12264102a
2024-09-30 11:16:34,62,01fbae127e8db09da74812bde292eb77d2a68a7897a5571bb7c33ad12264102a
2024-09-30 11:16:34,62,01fbae127e8db09da74812bde292eb77d2a68a7897a5571bb7c33ad12264102a
2024-09-30 11:16:34,62,01fbae127e8db09da74812bde292eb77d2a68a7897a5571bb7c33ad12264102a
2024-09-30 11:16:34,62,01fbae127e8db09da74812bde292eb77d2a68a7897a5571bb7c33ad12264102a
2024-09-30 11:16:34,62,01fbae127e8db09da74812bde292eb77d2a68a7897a5571bb7c33ad12264102a
2024-09-30 11:16:34,62,01fbae127e8db09da74812bde292eb77d2a68a7897a5571bb7c33ad12264102a
2024-09-30 11:16:49,62,18248f005b7493422ea25abcce7179b6d01446ebce2f14824bfbdbbe7f402bb9
2024-09-30 11:16:53,62,01fbae127e8db09da74812bde292eb77d2a68a7897a5571bb7c33ad12264102a
2024-09-30 11:16:53,62,01fbae127e8db09da74812bde292eb77d2a68a7897a5571bb7c33ad12264102a
2024-09-30 11:16:53,62,01fbae127e8db09da74812bde292eb77d2a68a7897a5571bb7c33ad12264102a
2024-09-30 11:16:53,62,01fbae127e8db09da74812bde292eb77d2a68a7897a5571bb7c33ad12264102a
2024-09-30 11:16:53,62,01fbae127e8db09da74812bde292eb77d2a68a7897a5571bb7c33ad12264102a
2024-09-30 11:17:14,62,01fbae127e8db09da74812bde292eb77d2a68a7897a5571bb7c33ad12264102a
2024-09-30 11:17:14,62,01fbae127e8db09da74812bde292eb77d2a68a7897a5571bb7c33ad12264102a
2024-09-30 11:17:14,62,01fbae127e8db09da74812bde292eb77d2a68a7897a5571bb7c33ad12264102a
2024-09-30 11:17:14,62,01fbae127e8db09da74812bde292eb77d2a68a7897a5571bb7c33ad12264102a
2024-09-30 11:17:19,62,18248f005b7493422ea25abcce7179b6d01446ebce2f14824bfbdbbe7f402bb9
2024-09-30 11:17:19,62,92dec0a03d236b1673c65fd213be5f229f5bd4074d40b53ff471c1af5b5a99bb
2024-09-30 11:17:26,62,01fbae127e8db09da74812bde292eb77d2a68a7897a5571bb7c33ad12264102a
2024-09-30 11:17:26,62,01fbae127e8db09da74812bde292eb77d2a68a7897a5571bb7c33ad12264102a
2024-09-30 11:17:26,62,01fbae127e8db09da74812bde292eb77d2a68a7897a5571bb7c33ad12264102a
2024-09-30 11:17:26,62,01fbae127e8db09da74812bde292eb77d2a68a7897a5571bb7c33ad12264102a
2024-09-30 11:17:27,62,01fbae127e8db09da74812bde292eb77d2a68a7897a5571bb7c33ad12264102a
2024-09-30 11:17:30,62,ac6bdf2d5686dae420b8fa528fcc9b72514a3cbbdca201fadac306c2091d9b0c
2024-09-30 11:17:32,62,f214df8686dde5873f6737cdf93909d29f9b61e55a05fd900714072e85e7e2d9
2024-09-30 11:17:32,62,f214df8686dde5873f6737cdf93909d29f9b61e55a05fd900714072e85e7e2d9
2024-09-30 11:17:32,62,f214df8686dde5873f6737cdf93909d29f9b61e55a05fd900714072e85e7e2d9
2024-09-30 11:17:42,62,18248f005b7493422ea25abcce7179b6d01446ebce2f14824bfbdbbe7f402bb9
2024-09-30 11:17:43,62,18248f005b7493422ea25abcce7179b6d01446ebce2f14824bfbdbbe7f402bb9
2024-09-30 11:17:48,62,18248f005b7493422ea25abcce7179b6d01446ebce2f14824bfbdbbe7f402bb9
2024-09-30 11:17:56,62,18248f005b7493422ea25abcce7179b6d01446ebce2f14824bfbdbbe7f402bb9
2024-09-30 11:17:56,62,18248f005b7493422ea25abcce7179b6d01446ebce2f14824bfbdbbe7f402bb9
2024-09-30 11:17:56,62,18248f005b7493422ea25abcce7179b6d01446ebce2f14824bfbdbbe7f402bb9
2024-09-30 11:17:57,62,18248f005b7493422ea25abcce7179b6d01446ebce2f14824bfbdbbe7f402bb9
2024-09-30 11:17:57,62,18248f005b7493422ea25abcce7179b6d01446ebce2f14824bfbdbbe7f402bb9
2024-09-30 11:17:57,62,18248f005b7493422ea25abcce7179b6d01446ebce2f14824bfbdbbe7f402bb9
2024-09-30 11:18:05,62,18248f005b7493422ea25abcce7179b6d01446ebce2f14824bfbdbbe7f402bb9
2024-09-30 11:18:05,62,18248f005b7493422ea25abcce7179b6d01446ebce2f14824bfbdbbe7f402bb9
2024-09-30 11:18:06,62,18248f005b7493422ea25abcce7179b6d01446ebce2f14824bfbdbbe7f402bb9
2024-09-30 11:18:08,62,18248f005b7493422ea25abcce7179b6d01446ebce2f14824bfbdbbe7f402bb9
2024-09-30 11:18:08,62,18248f005b7493422ea25abcce7179b6d01446ebce2f14824bfbdbbe7f402bb9
2024-09-30 11:18:15,62,18248f005b7493422ea25abcce7179b6d01446ebce2f14824bfbdbbe7f402bb9
2024-09-30 11:18:15,62,18248f005b7493422ea25abcce7179b6d01446ebce2f14824bfbdbbe7f402bb9
2024-09-30 11:18:17,62,18248f005b7493422ea25abcce7179b6d01446ebce2f14824bfbdbbe7f402bb9
2024-09-30 11:18:17,62,18248f005b7493422ea25abcce7179b6d01446ebce2f14824bfbdbbe7f402bb9
2024-09-30 11:18:17,62,18248f005b7493422ea25abcce7179b6d01446ebce2f14824bfbdbbe7f402bb9
2024-09-30 11:18:17,62,18248f005b7493422ea25abcce7179b6d01446ebce2f14824bfbdbbe7f402bb9
2024-09-30 11:18:18,62,18248f005b7493422ea25abcce7179b6d01446ebce2f14824bfbdbbe7f402bb9
2024-09-30 11:18:20,62,01fbae127e8db09da74812bde292eb77d2a68a7897a5571bb7c33ad12264102a
2024-09-30 11:18:20,62,01fbae127e8db09da74812bde292eb77d2a68a7897a5571bb7c33ad12264102a
2024-09-30 11:18:20,62,01fbae127e8db09da74812bde292eb77d2a68a7897a5571bb7c33ad12264102a
2024-09-30 11:18:20,62,01fbae127e8db09da74812bde292eb77d2a68a7897a5571bb7c33ad12264102a
2024-09-30 11:18:26,62,f214df8686dde5873f6737cdf93909d29f9b61e55a05fd900714072e85e7e2d9
2024-09-30 11:18:32,62,01fbae127e8db09da74812bde292eb77d2a68a7897a5571bb7c33ad12264102a
2024-09-30 11:18:33,62,01fbae127e8db09da74812bde292eb77d2a68a7897a5571bb7c33ad12264102a
2024-09-30 11:18:33,62,01fbae127e8db09da74812bde292eb77d2a68a7897a5571bb7c33ad12264102a
2024-09-30 11:18:37,62,bb77db1cfa0250872b2a983259ec0a263ff4d133554b75ed8c7b5ad48907b81e
2024-09-30 11:18:40,62,18248f005b7493422ea25abcce7179b6d01446ebce2f14824bfbdbbe7f402bb9
2024-09-30 11:18:40,62,18248f005b7493422ea25abcce7179b6d01446ebce2f14824bfbdbbe7f402bb9
2024-09-30 11:18:43,62,18248f005b7493422ea25abcce7179b6d01446ebce2f14824bfbdbbe7f402bb9
2024-09-30 11:18:43,62,18248f005b7493422ea25abcce7179b6d01446ebce2f14824bfbdbbe7f402bb9
2024-09-30 11:18:47,62,01fbae127e8db09da74812bde292eb77d2a68a7897a5571bb7c33ad12264102a
2024-09-30 11:18:47,62,01fbae127e8db09da74812bde292eb77d2a68a7897a5571bb7c33ad12264102a
2024-09-30 11:18:47,62,01fbae127e8db09da74812bde292eb77d2a68a7897a5571bb7c33ad12264102a
2024-09-30 11:18:47,62,01fbae127e8db09da74812bde292eb77d2a68a7897a5571bb7c33ad12264102a
2024-09-30 11:18:47,62,01fbae127e8db09da74812bde292eb77d2a68a7897a5571bb7c33ad12264102a
2024-09-30 11:19:01,62,18248f005b7493422ea25abcce7179b6d01446ebce2f14824bfbdbbe7f402bb9
2024-09-30 11:19:01,62,18248f005b7493422ea25abcce7179b6d01446ebce2f14824bfbdbbe7f402bb9
2024-09-30 11:19:02,62,18248f005b7493422ea25abcce7179b6d01446ebce2f14824bfbdbbe7f402bb9
2024-09-30 11:19:07,62,18248f005b7493422ea25abcce7179b6d01446ebce2f14824bfbdbbe7f402bb9
2024-09-30 11:19:07,62,18248f005b7493422ea25abcce7179b6d01446ebce2f14824bfbdbbe7f402bb9
2024-09-30 11:19:15,62,18248f005b7493422ea25abcce7179b6d01446ebce2f14824bfbdbbe7f402bb9
2024-09-30 11:19:28,62,18248f005b7493422ea25abcce7179b6d01446ebce2f14824bfbdbbe7f402bb9
2024-09-30 11:19:28,62,18248f005b7493422ea25abcce7179b6d01446ebce2f14824bfbdbbe7f402bb9
2024-09-30 11:19:28,62,18248f005b7493422ea25abcce7179b6d01446ebce2f14824bfbdbbe7f402bb9
2024-09-30 11:19:28,62,18248f005b7493422ea25abcce7179b6d01446ebce2f14824bfbdbbe7f402bb9
2024-09-30 11:19:28,62,18248f005b7493422ea25abcce7179b6d01446ebce2f14824bfbdbbe7f402bb9
2024-09-30 11:19:28,62,18248f005b7493422ea25abcce7179b6d01446ebce2f14824bfbdbbe7f402bb9
2024-09-30 11:19:28,62,18248f005b7493422ea25abcce7179b6d01446ebce2f14824bfbdbbe7f402bb9
2024-09-30 11:19:35,62,18248f005b7493422ea25abcce7179b6d01446ebce2f14824bfbdbbe7f402bb9
2024-09-30 11:19:35,62,18248f005b7493422ea25abcce7179b6d01446ebce2f14824bfbdbbe7f402bb9
2024-09-30 11:19:36,62,18248f005b7493422ea25abcce7179b6d01446ebce2f14824bfbdbbe7f402bb9
2024-09-30 11:19:36,62,18248f005b7493422ea25abcce7179b6d01446ebce2f14824bfbdbbe7f402bb9
2024-09-30 11:19:36,62,18248f005b7493422ea25abcce7179b6d01446ebce2f14824bfbdbbe7f402bb9
2024-09-30 11:19:36,62,18248f005b7493422ea25abcce7179b6d01446ebce2f14824bfbdbbe7f402bb9
2024-09-30 11:19:36,62,18248f005b7493422ea25abcce7179b6d01446ebce2f14824bfbdbbe7f402bb9
2024-09-30 11:19:36,62,18248f005b7493422ea25abcce7179b6d01446ebce2f14824bfbdbbe7f402bb9
2024-09-30 11:19:36,62,18248f005b7493422ea25abcce7179b6d01446ebce2f14824bfbdbbe7f402bb9
2024-09-30 11:19:40,62,18248f005b7493422ea25abcce7179b6d01446ebce2f14824bfbdbbe7f402bb9
2024-09-30 11:19:40,62,18248f005b7493422ea25abcce7179b6d01446ebce2f14824bfbdbbe7f402bb9
2024-09-30 11:19:45,62,01fbae127e8db09da74812bde292eb77d2a68a7897a5571bb7c33ad12264102a
2024-09-30 11:19:45,62,01fbae127e8db09da74812bde292eb77d2a68a7897a5571bb7c33ad12264102a
2024-09-30 11:19:45,62,01fbae127e8db09da74812bde292eb77d2a68a7897a5571bb7c33ad12264102a
2024-09-30 11:19:51,62,18248f005b7493422ea25abcce7179b6d01446ebce2f14824bfbdbbe7f402bb9
2024-09-30 11:19:52,62,18248f005b7493422ea25abcce7179b6d01446ebce2f14824bfbdbbe7f402bb9
2024-09-30 11:19:52,62,18248f005b7493422ea25abcce7179b6d01446ebce2f14824bfbdbbe7f402bb9
2024-09-30 11:19:58,62,18248f005b7493422ea25abcce7179b6d01446ebce2f14824bfbdbbe7f402bb9
2024-09-30 11:19:58,62,18248f005b7493422ea25abcce7179b6d01446ebce2f14824bfbdbbe7f402bb9
2024-09-30 11:19:58,62,01fbae127e8db09da74812bde292eb77d2a68a7897a5571bb7c33ad12264102a
2024-09-30 11:19:58,62,01fbae127e8db09da74812bde292eb77d2a68a7897a5571bb7c33ad12264102a
2024-09-30 11:20:06,62,18248f005b7493422ea25abcce7179b6d01446ebce2f14824bfbdbbe7f402bb9
2024-09-30 11:20:06,62,18248f005b7493422ea25abcce7179b6d01446ebce2f14824bfbdbbe7f402bb9
2024-09-30 11:20:10,62,18248f005b7493422ea25abcce7179b6d01446ebce2f14824bfbdbbe7f402bb9
2024-09-30 11:20:24,62,18248f005b7493422ea25abcce7179b6d01446ebce2f14824bfbdbbe7f402bb9
2024-09-30 11:20:30,62,ac6bdf2d5686dae420b8fa528fcc9b72514a3cbbdca201fadac306c2091d9b0c
2024-09-30 11:20:30,62,ac6bdf2d5686dae420b8fa528fcc9b72514a3cbbdca201fadac306c2091d9b0c
2024-09-30 11:20:36,62,18248f005b7493422ea25abcce7179b6d01446ebce2f14824bfbdbbe7f402bb9
2024-09-30 11:20:36,62,18248f005b7493422ea25abcce7179b6d01446ebce2f14824bfbdbbe7f402bb9
2024-09-30 11:20:37,62,18248f005b7493422ea25abcce7179b6d01446ebce2f14824bfbdbbe7f402bb9
2024-09-30 11:20:38,62,18248f005b7493422ea25abcce7179b6d01446ebce2f14824bfbdbbe7f402bb9
2024-09-30 11:20:40,62,18248f005b7493422ea25abcce7179b6d01446ebce2f14824bfbdbbe7f402bb9
2024-09-30 11:20:45,62,18248f005b7493422ea25abcce7179b6d01446ebce2f14824bfbdbbe7f402bb9
2024-09-30 11:20:47,62,92dec0a03d236b1673c65fd213be5f229f5bd4074d40b53ff471c1af5b5a99bb
2024-09-30 11:20:48,62,18248f005b7493422ea25abcce7179b6d01446ebce2f14824bfbdbbe7f402bb9
2024-09-30 11:20:48,62,18248f005b7493422ea25abcce7179b6d01446ebce2f14824bfbdbbe7f402bb9
2024-09-30 11:20:53,62,18248f005b7493422ea25abcce7179b6d01446ebce2f14824bfbdbbe7f402bb9
2024-09-30 11:21:01,62,18248f005b7493422ea25abcce7179b6d01446ebce2f14824bfbdbbe7f402bb9
2024-09-30 11:21:01,62,18248f005b7493422ea25abcce7179b6d01446ebce2f14824bfbdbbe7f402bb9
2024-09-30 11:21:02,62,18248f005b7493422ea25abcce7179b6d01446ebce2f14824bfbdbbe7f402bb9
2024-09-30 11:21:04,62,18248f005b7493422ea25abcce7179b6d01446ebce2f14824bfbdbbe7f402bb9
2024-09-30 11:21:06,62,f214df8686dde5873f6737cdf93909d29f9b61e55a05fd900714072e85e7e2d9
2024-09-30 11:21:06,62,f214df8686dde5873f6737cdf93909d29f9b61e55a05fd900714072e85e7e2d9
2024-09-30 11:21:06,62,f214df8686dde5873f6737cdf93909d29f9b61e55a05fd900714072e85e7e2d9
2024-09-30 11:21:06,62,f214df8686dde5873f6737cdf93909d29f9b61e55a05fd900714072e85e7e2d9
2024-09-30 11:21:08,62,18248f005b7493422ea25abcce7179b6d01446ebce2f14824bfbdbbe7f402bb9
2024-09-30 11:21:08,62,18248f005b7493422ea25abcce7179b6d01446ebce2f14824bfbdbbe7f402bb9
2024-09-30 11:21:13,62,18248f005b7493422ea25abcce7179b6d01446ebce2f14824bfbdbbe7f402bb9
2024-09-30 11:21:26,62,18248f005b7493422ea25abcce7179b6d01446ebce2f14824bfbdbbe7f402bb9
2024-09-30 11:21:28,62,048a29722e6fa520c9d9148408ae3d1e35ec325e17bbe30d2cd29d5e837c1112
2024-09-30 11:21:39,62,18248f005b7493422ea25abcce7179b6d01446ebce2f14824bfbdbbe7f402bb9
2024-09-30 11:21:39,62,18248f005b7493422ea25abcce7179b6d01446ebce2f14824bfbdbbe7f402bb9
2024-09-30 11:21:54,62,18248f005b7493422ea25abcce7179b6d01446ebce2f14824bfbdbbe7f402bb9
2024-09-30 11:21:54,62,18248f005b7493422ea25abcce7179b6d01446ebce2f14824bfbdbbe7f402bb9
2024-09-30 11:21:55,62,18248f005b7493422ea25abcce7179b6d01446ebce2f14824bfbdbbe7f402bb9
2024-09-30 11:21:55,62,18248f005b7493422ea25abcce7179b6d01446ebce2f14824bfbdbbe7f402bb9
2024-09-30 11:21:55,62,18248f005b7493422ea25abcce7179b6d01446ebce2f14824bfbdbbe7f402bb9
2024-09-30 11:21:55,62,18248f005b7493422ea25abcce7179b6d01446ebce2f14824bfbdbbe7f402bb9
2024-09-30 11:21:55,62,18248f005b7493422ea25abcce7179b6d01446ebce2f14824bfbdbbe7f402bb9
2024-09-30 11:22:01,62,18248f005b7493422ea25abcce7179b6d01446ebce2f14824bfbdbbe7f402bb9
2024-09-30 11:22:01,62,18248f005b7493422ea25abcce7179b6d01446ebce2f14824bfbdbbe7f402bb9
2024-09-30 11:22:01,62,18248f005b7493422ea25abcce7179b6d01446ebce2f14824bfbdbbe7f402bb9
2024-09-30 11:22:01,62,18248f005b7493422ea25abcce7179b6d01446ebce2f14824bfbdbbe7f402bb9
2024-09-30 11:22:02,62,18248f005b7493422ea25abcce7179b6d01446ebce2f14824bfbdbbe7f402bb9
2024-09-30 11:22:02,62,18248f005b7493422ea25abcce7179b6d01446ebce2f14824bfbdbbe7f402bb9
2024-09-30 11:22:13,62,18248f005b7493422ea25abcce7179b6d01446ebce2f14824bfbdbbe7f402bb9
2024-09-30 11:22:15,62,18248f005b7493422ea25abcce7179b6d01446ebce2f14824bfbdbbe7f402bb9
2024-09-30 11:22:16,62,18248f005b7493422ea25abcce7179b6d01446ebce2f14824bfbdbbe7f402bb9
2024-09-30 11:22:16,62,18248f005b7493422ea25abcce7179b6d01446ebce2f14824bfbdbbe7f402bb9
2024-09-30 11:22:23,62,18248f005b7493422ea25abcce7179b6d01446ebce2f14824bfbdbbe7f402bb9
2024-09-30 11:22:30,62,f214df8686dde5873f6737cdf93909d29f9b61e55a05fd900714072e85e7e2d9
2024-09-30 11:22:31,62,f214df8686dde5873f6737cdf93909d29f9b61e55a05fd900714072e85e7e2d9
2024-09-30 11:22:31,62,f214df8686dde5873f6737cdf93909d29f9b61e55a05fd900714072e85e7e2d9
2024-09-30 11:22:31,62,f214df8686dde5873f6737cdf93909d29f9b61e55a05fd900714072e85e7e2d9
2024-09-30 11:22:33,62,18248f005b7493422ea25abcce7179b6d01446ebce2f14824bfbdbbe7f402bb9
2024-09-30 11:22:41,62,d787358040843e660eb94b464371ac26c3ccc54906bd94fcbf398471ccb0e763
2024-09-30 11:22:45,62,18248f005b7493422ea25abcce7179b6d01446ebce2f14824bfbdbbe7f402bb9
2024-09-30 11:22:48,62,b259ad7b374273c26bec3567023bb3cef7a54a76409fb3688a4ef5ae3e07d4ba
2024-09-30 11:22:48,62,b259ad7b374273c26bec3567023bb3cef7a54a76409fb3688a4ef5ae3e07d4ba
2024-09-30 11:22:48,62,b259ad7b374273c26bec3567023bb3cef7a54a76409fb3688a4ef5ae3e07d4ba
2024-09-30 11:22:51,62,18248f005b7493422ea25abcce7179b6d01446ebce2f14824bfbdbbe7f402bb9
2024-09-30 11:22:51,62,18248f005b7493422ea25abcce7179b6d01446ebce2f14824bfbdbbe7f402bb9
2024-09-30 11:22:53,62,3901688d33322be8e6e95730a2d46b3b729d303d6507bd4ac75095ad5a7df8e8
2024-09-30 11:22:53,62,18248f005b7493422ea25abcce7179b6d01446ebce2f14824bfbdbbe7f402bb9
2024-09-30 11:22:53,62,18248f005b7493422ea25abcce7179b6d01446ebce2f14824bfbdbbe7f402bb9
2024-09-30 11:22:58,62,18248f005b7493422ea25abcce7179b6d01446ebce2f14824bfbdbbe7f402bb9
2024-09-30 11:22:59,62,18248f005b7493422ea25abcce7179b6d01446ebce2f14824bfbdbbe7f402bb9
2024-09-30 11:22:59,62,18248f005b7493422ea25abcce7179b6d01446ebce2f14824bfbdbbe7f402bb9
2024-09-30 11:22:59,62,18248f005b7493422ea25abcce7179b6d01446ebce2f14824bfbdbbe7f402bb9
2024-09-30 11:22:59,62,18248f005b7493422ea25abcce7179b6d01446ebce2f14824bfbdbbe7f402bb9
2024-09-30 11:22:59,62,18248f005b7493422ea25abcce7179b6d01446ebce2f14824bfbdbbe7f402bb9
2024-09-30 11:22:59,62,18248f005b7493422ea25abcce7179b6d01446ebce2f14824bfbdbbe7f402bb9
2024-09-30 11:22:59,62,18248f005b7493422ea25abcce7179b6d01446ebce2f14824bfbdbbe7f402bb9
2024-09-30 11:23:04,62,18248f005b7493422ea25abcce7179b6d01446ebce2f14824bfbdbbe7f402bb9
2024-09-30 11:23:04,62,18248f005b7493422ea25abcce7179b6d01446ebce2f14824bfbdbbe7f402bb9
2024-09-30 11:23:04,62,18248f005b7493422ea25abcce7179b6d01446ebce2f14824bfbdbbe7f402bb9
2024-09-30 11:23:04,62,18248f005b7493422ea25abcce7179b6d01446ebce2f14824bfbdbbe7f402bb9
2024-09-30 11:23:07,62,18248f005b7493422ea25abcce7179b6d01446ebce2f14824bfbdbbe7f402bb9
2024-09-30 11:23:20,62,c81372ca9529ddeb87790ff76f6745ec6870bc09bcdd705d8da7bfde78aed086
2024-09-30 11:23:20,62,c81372ca9529ddeb87790ff76f6745ec6870bc09bcdd705d8da7bfde78aed086
2024-09-30 11:23:20,62,c81372ca9529ddeb87790ff76f6745ec6870bc09bcdd705d8da7bfde78aed086
2024-09-30 11:23:20,62,c81372ca9529ddeb87790ff76f6745ec6870bc09bcdd705d8da7bfde78aed086
2024-09-30 11:23:20,62,c81372ca9529ddeb87790ff76f6745ec6870bc09bcdd705d8da7bfde78aed086
2024-09-30 11:23:20,62,c81372ca9529ddeb87790ff76f6745ec6870bc09bcdd705d8da7bfde78aed086
2024-09-30 11:23:20,62,c81372ca9529ddeb87790ff76f6745ec6870bc09bcdd705d8da7bfde78aed086
2024-09-30 11:23:20,62,c81372ca9529ddeb87790ff76f6745ec6870bc09bcdd705d8da7bfde78aed086
2024-09-30 11:23:20,62,c81372ca9529ddeb87790ff76f6745ec6870bc09bcdd705d8da7bfde78aed086
2024-09-30 11:23:20,62,c81372ca9529ddeb87790ff76f6745ec6870bc09bcdd705d8da7bfde78aed086
2024-09-30 11:23:20,62,c81372ca9529ddeb87790ff76f6745ec6870bc09bcdd705d8da7bfde78aed086
2024-09-30 11:23:21,62,c81372ca9529ddeb87790ff76f6745ec6870bc09bcdd705d8da7bfde78aed086
2024-09-30 11:23:21,62,c81372ca9529ddeb87790ff76f6745ec6870bc09bcdd705d8da7bfde78aed086
2024-09-30 11:23:21,62,c81372ca9529ddeb87790ff76f6745ec6870bc09bcdd705d8da7bfde78aed086
2024-09-30 11:23:21,62,c81372ca9529ddeb87790ff76f6745ec6870bc09bcdd705d8da7bfde78aed086
2024-09-30 11:23:21,62,c81372ca9529ddeb87790ff76f6745ec6870bc09bcdd705d8da7bfde78aed086
2024-09-30 11:23:21,62,c81372ca9529ddeb87790ff76f6745ec6870bc09bcdd705d8da7bfde78aed086
2024-09-30 11:23:21,62,c81372ca9529ddeb87790ff76f6745ec6870bc09bcdd705d8da7bfde78aed086
2024-09-30 11:23:21,62,c81372ca9529ddeb87790ff76f6745ec6870bc09bcdd705d8da7bfde78aed086
2024-09-30 11:23:21,62,c81372ca9529ddeb87790ff76f6745ec6870bc09bcdd705d8da7bfde78aed086
2024-09-30 11:23:21,62,c81372ca9529ddeb87790ff76f6745ec6870bc09bcdd705d8da7bfde78aed086
2024-09-30 11:23:21,62,c81372ca9529ddeb87790ff76f6745ec6870bc09bcdd705d8da7bfde78aed086
2024-09-30 11:23:21,62,c81372ca9529ddeb87790ff76f6745ec6870bc09bcdd705d8da7bfde78aed086
2024-09-30 11:23:21,62,c81372ca9529ddeb87790ff76f6745ec6870bc09bcdd705d8da7bfde78aed086
2024-09-30 11:23:23,62,18248f005b7493422ea25abcce7179b6d01446ebce2f14824bfbdbbe7f402bb9
2024-09-30 11:23:24,62,18248f005b7493422ea25abcce7179b6d01446ebce2f14824bfbdbbe7f402bb9
2024-09-30 11:23:24,62,18248f005b7493422ea25abcce7179b6d01446ebce2f14824bfbdbbe7f402bb9
2024-09-30 11:23:25,62,18248f005b7493422ea25abcce7179b6d01446ebce2f14824bfbdbbe7f402bb9
2024-09-30 11:23:36,62,18248f005b7493422ea25abcce7179b6d01446ebce2f14824bfbdbbe7f402bb9
2024-09-30 11:23:40,62,b259ad7b374273c26bec3567023bb3cef7a54a76409fb3688a4ef5ae3e07d4ba
2024-09-30 11:23:46,62,f214df8686dde5873f6737cdf93909d29f9b61e55a05fd900714072e85e7e2d9
2024-09-30 11:23:46,62,f214df8686dde5873f6737cdf93909d29f9b61e55a05fd900714072e85e7e2d9
2024-09-30 11:23:46,62,f214df8686dde5873f6737cdf93909d29f9b61e55a05fd900714072e85e7e2d9
2024-09-30 11:23:47,62,18248f005b7493422ea25abcce7179b6d01446ebce2f14824bfbdbbe7f402bb9
2024-09-30 11:23:48,62,18248f005b7493422ea25abcce7179b6d01446ebce2f14824bfbdbbe7f402bb9
2024-09-30 11:23:48,62,18248f005b7493422ea25abcce7179b6d01446ebce2f14824bfbdbbe7f402bb9
2024-09-30 11:23:54,62,18248f005b7493422ea25abcce7179b6d01446ebce2f14824bfbdbbe7f402bb9
2024-09-30 11:24:01,62,18248f005b7493422ea25abcce7179b6d01446ebce2f14824bfbdbbe7f402bb9
2024-09-30 11:24:01,62,18248f005b7493422ea25abcce7179b6d01446ebce2f14824bfbdbbe7f402bb9
2024-09-30 11:24:06,62,18248f005b7493422ea25abcce7179b6d01446ebce2f14824bfbdbbe7f402bb9
2024-09-30 11:24:07,62,18248f005b7493422ea25abcce7179b6d01446ebce2f14824bfbdbbe7f402bb9
2024-09-30 11:24:08,62,18248f005b7493422ea25abcce7179b6d01446ebce2f14824bfbdbbe7f402bb9
2024-09-30 11:24:21,62,18248f005b7493422ea25abcce7179b6d01446ebce2f14824bfbdbbe7f402bb9
2024-09-30 11:24:41,62,18248f005b7493422ea25abcce7179b6d01446ebce2f14824bfbdbbe7f402bb9
2024-09-30 11:24:41,62,18248f005b7493422ea25abcce7179b6d01446ebce2f14824bfbdbbe7f402bb9
2024-09-30 11:24:41,62,18248f005b7493422ea25abcce7179b6d01446ebce2f14824bfbdbbe7f402bb9
2024-09-30 11:24:41,62,18248f005b7493422ea25abcce7179b6d01446ebce2f14824bfbdbbe7f402bb9
2024-09-30 11:24:41,62,18248f005b7493422ea25abcce7179b6d01446ebce2f14824bfbdbbe7f402bb9
2024-09-30 11:24:41,62,18248f005b7493422ea25abcce7179b6d01446ebce2f14824bfbdbbe7f402bb9
2024-09-30 11:24:50,62,18248f005b7493422ea25abcce7179b6d01446ebce2f14824bfbdbbe7f402bb9
2024-09-30 11:24:59,62,01fbae127e8db09da74812bde292eb77d2a68a7897a5571bb7c33ad12264102a
2024-09-30 11:25:02,62,18248f005b7493422ea25abcce7179b6d01446ebce2f14824bfbdbbe7f402bb9
2024-09-30 11:25:04,62,b259ad7b374273c26bec3567023bb3cef7a54a76409fb3688a4ef5ae3e07d4ba
2024-09-30 11:25:04,62,b259ad7b374273c26bec3567023bb3cef7a54a76409fb3688a4ef5ae3e07d4ba
2024-09-30 11:25:04,62,18248f005b7493422ea25abcce7179b6d01446ebce2f14824bfbdbbe7f402bb9
2024-09-30 11:25:06,62,b259ad7b374273c26bec3567023bb3cef7a54a76409fb3688a4ef5ae3e07d4ba
2024-09-30 11:25:06,62,b259ad7b374273c26bec3567023bb3cef7a54a76409fb3688a4ef5ae3e07d4ba
2024-09-30 11:25:18,62,18248f005b7493422ea25abcce7179b6d01446ebce2f14824bfbdbbe7f402bb9
2024-09-30 11:25:18,62,18248f005b7493422ea25abcce7179b6d01446ebce2f14824bfbdbbe7f402bb9
2024-09-30 11:25:18,62,18248f005b7493422ea25abcce7179b6d01446ebce2f14824bfbdbbe7f402bb9
2024-09-30 11:25:29,62,18248f005b7493422ea25abcce7179b6d01446ebce2f14824bfbdbbe7f402bb9
2024-09-30 11:25:31,62,b259ad7b374273c26bec3567023bb3cef7a54a76409fb3688a4ef5ae3e07d4ba
2024-09-30 11:25:31,62,b259ad7b374273c26bec3567023bb3cef7a54a76409fb3688a4ef5ae3e07d4ba
2024-09-30 11:25:36,62,18248f005b7493422ea25abcce7179b6d01446ebce2f14824bfbdbbe7f402bb9
2024-09-30 11:25:36,62,18248f005b7493422ea25abcce7179b6d01446ebce2f14824bfbdbbe7f402bb9
2024-09-30 11:25:41,62,18248f005b7493422ea25abcce7179b6d01446ebce2f14824bfbdbbe7f402bb9
2024-09-30 11:25:49,62,3901688d33322be8e6e95730a2d46b3b729d303d6507bd4ac75095ad5a7df8e8
2024-09-30 11:25:51,62,18248f005b7493422ea25abcce7179b6d01446ebce2f14824bfbdbbe7f402bb9
2024-09-30 11:25:52,62,18248f005b7493422ea25abcce7179b6d01446ebce2f14824bfbdbbe7f402bb9
2024-09-30 11:25:52,62,18248f005b7493422ea25abcce7179b6d01446ebce2f14824bfbdbbe7f402bb9
2024-09-30 11:25:52,62,18248f005b7493422ea25abcce7179b6d01446ebce2f14824bfbdbbe7f402bb9
2024-09-30 11:25:58,62,18248f005b7493422ea25abcce7179b6d01446ebce2f14824bfbdbbe7f402bb9
2024-09-30 11:26:07,62,b259ad7b374273c26bec3567023bb3cef7a54a76409fb3688a4ef5ae3e07d4ba
2024-09-30 11:26:07,62,b259ad7b374273c26bec3567023bb3cef7a54a76409fb3688a4ef5ae3e07d4ba
2024-09-30 11:26:07,62,b259ad7b374273c26bec3567023bb3cef7a54a76409fb3688a4ef5ae3e07d4ba
2024-09-30 11:26:08,62,b259ad7b374273c26bec3567023bb3cef7a54a76409fb3688a4ef5ae3e07d4ba
2024-09-30 11:26:12,62,18248f005b7493422ea25abcce7179b6d01446ebce2f14824bfbdbbe7f402bb9
2024-09-30 11:26:12,62,18248f005b7493422ea25abcce7179b6d01446ebce2f14824bfbdbbe7f402bb9
2024-09-30 11:26:19,62,3901688d33322be8e6e95730a2d46b3b729d303d6507bd4ac75095ad5a7df8e8
2024-09-30 11:26:24,62,18248f005b7493422ea25abcce7179b6d01446ebce2f14824bfbdbbe7f402bb9
2024-09-30 11:26:26,62,f214df8686dde5873f6737cdf93909d29f9b61e55a05fd900714072e85e7e2d9
2024-09-30 11:26:26,62,f214df8686dde5873f6737cdf93909d29f9b61e55a05fd900714072e85e7e2d9
2024-09-30 11:26:26,62,f214df8686dde5873f6737cdf93909d29f9b61e55a05fd900714072e85e7e2d9
2024-09-30 11:26:26,62,f214df8686dde5873f6737cdf93909d29f9b61e55a05fd900714072e85e7e2d9
2024-09-30 11:26:30,62,ac6bdf2d5686dae420b8fa528fcc9b72514a3cbbdca201fadac306c2091d9b0c
2024-09-30 11:26:41,62,01fbae127e8db09da74812bde292eb77d2a68a7897a5571bb7c33ad12264102a
2024-09-30 11:26:42,62,18248f005b7493422ea25abcce7179b6d01446ebce2f14824bfbdbbe7f402bb9
2024-09-30 11:26:42,62,18248f005b7493422ea25abcce7179b6d01446ebce2f14824bfbdbbe7f402bb9
2024-09-30 11:26:42,62,18248f005b7493422ea25abcce7179b6d01446ebce2f14824bfbdbbe7f402bb9
2024-09-30 11:26:42,62,18248f005b7493422ea25abcce7179b6d01446ebce2f14824bfbdbbe7f402bb9
2024-09-30 11:26:42,62,18248f005b7493422ea25abcce7179b6d01446ebce2f14824bfbdbbe7f402bb9
2024-09-30 11:26:44,62,18248f005b7493422ea25abcce7179b6d01446ebce2f14824bfbdbbe7f402bb9
2024-09-30 11:26:44,62,18248f005b7493422ea25abcce7179b6d01446ebce2f14824bfbdbbe7f402bb9
2024-09-30 11:26:44,62,18248f005b7493422ea25abcce7179b6d01446ebce2f14824bfbdbbe7f402bb9
2024-09-30 11:26:44,62,18248f005b7493422ea25abcce7179b6d01446ebce2f14824bfbdbbe7f402bb9
2024-09-30 11:26:45,62,18248f005b7493422ea25abcce7179b6d01446ebce2f14824bfbdbbe7f402bb9
2024-09-30 11:26:47,62,18248f005b7493422ea25abcce7179b6d01446ebce2f14824bfbdbbe7f402bb9
2024-09-30 11:26:48,62,b259ad7b374273c26bec3567023bb3cef7a54a76409fb3688a4ef5ae3e07d4ba
2024-09-30 11:27:13,62,18248f005b7493422ea25abcce7179b6d01446ebce2f14824bfbdbbe7f402bb9
2024-09-30 11:27:20,62,b259ad7b374273c26bec3567023bb3cef7a54a76409fb3688a4ef5ae3e07d4ba
2024-09-30 11:27:20,62,b259ad7b374273c26bec3567023bb3cef7a54a76409fb3688a4ef5ae3e07d4ba
2024-09-30 11:27:20,62,b259ad7b374273c26bec3567023bb3cef7a54a76409fb3688a4ef5ae3e07d4ba
2024-09-30 11:27:25,62,18248f005b7493422ea25abcce7179b6d01446ebce2f14824bfbdbbe7f402bb9
2024-09-30 11:27:31,62,18248f005b7493422ea25abcce7179b6d01446ebce2f14824bfbdbbe7f402bb9
2024-09-30 11:27:43,62,18248f005b7493422ea25abcce7179b6d01446ebce2f14824bfbdbbe7f402bb9
2024-09-30 11:27:43,62,18248f005b7493422ea25abcce7179b6d01446ebce2f14824bfbdbbe7f402bb9
2024-09-30 11:27:44,62,18248f005b7493422ea25abcce7179b6d01446ebce2f14824bfbdbbe7f402bb9
2024-09-30 11:27:44,62,18248f005b7493422ea25abcce7179b6d01446ebce2f14824bfbdbbe7f402bb9
2024-09-30 11:27:44,62,18248f005b7493422ea25abcce7179b6d01446ebce2f14824bfbdbbe7f402bb9
2024-09-30 11:27:44,62,18248f005b7493422ea25abcce7179b6d01446ebce2f14824bfbdbbe7f402bb9
2024-09-30 11:27:44,62,18248f005b7493422ea25abcce7179b6d01446ebce2f14824bfbdbbe7f402bb9
2024-09-30 11:27:57,62,18248f005b7493422ea25abcce7179b6d01446ebce2f14824bfbdbbe7f402bb9
2024-09-30 11:27:57,62,18248f005b7493422ea25abcce7179b6d01446ebce2f14824bfbdbbe7f402bb9
2024-09-30 11:28:04,62,18248f005b7493422ea25abcce7179b6d01446ebce2f14824bfbdbbe7f402bb9
2024-09-30 11:28:04,62,18248f005b7493422ea25abcce7179b6d01446ebce2f14824bfbdbbe7f402bb9
2024-09-30 11:28:04,62,18248f005b7493422ea25abcce7179b6d01446ebce2f14824bfbdbbe7f402bb9
2024-09-30 11:28:04,62,18248f005b7493422ea25abcce7179b6d01446ebce2f14824bfbdbbe7f402bb9
2024-09-30 11:28:05,62,01fbae127e8db09da74812bde292eb77d2a68a7897a5571bb7c33ad12264102a
2024-09-30 11:28:11,62,18248f005b7493422ea25abcce7179b6d01446ebce2f14824bfbdbbe7f402bb9
2024-09-30 11:28:13,62,18248f005b7493422ea25abcce7179b6d01446ebce2f14824bfbdbbe7f402bb9
2024-09-30 11:28:37,62,18248f005b7493422ea25abcce7179b6d01446ebce2f14824bfbdbbe7f402bb9
2024-09-30 11:28:37,62,18248f005b7493422ea25abcce7179b6d01446ebce2f14824bfbdbbe7f402bb9
2024-09-30 11:28:42,62,ae9edac7327f00442b78b86c5ce0d6502af1098aafb4312f93a224f836513400
2024-09-30 11:28:46,62,18248f005b7493422ea25abcce7179b6d01446ebce2f14824bfbdbbe7f402bb9
2024-09-30 11:28:46,62,18248f005b7493422ea25abcce7179b6d01446ebce2f14824bfbdbbe7f402bb9
2024-09-30 11:29:00,62,18248f005b7493422ea25abcce7179b6d01446ebce2f14824bfbdbbe7f402bb9
2024-09-30 11:29:00,62,18248f005b7493422ea25abcce7179b6d01446ebce2f14824bfbdbbe7f402bb9
2024-09-30 11:29:08,62,18248f005b7493422ea25abcce7179b6d01446ebce2f14824bfbdbbe7f402bb9
2024-09-30 11:29:08,62,18248f005b7493422ea25abcce7179b6d01446ebce2f14824bfbdbbe7f402bb9
2024-09-30 11:29:08,62,18248f005b7493422ea25abcce7179b6d01446ebce2f14824bfbdbbe7f402bb9
2024-09-30 11:29:28,62,18248f005b7493422ea25abcce7179b6d01446ebce2f14824bfbdbbe7f402bb9
2024-09-30 11:29:28,62,18248f005b7493422ea25abcce7179b6d01446ebce2f14824bfbdbbe7f402bb9
2024-09-30 11:29:30,62,ac6bdf2d5686dae420b8fa528fcc9b72514a3cbbdca201fadac306c2091d9b0c
2024-09-30 11:29:31,62,b259ad7b374273c26bec3567023bb3cef7a54a76409fb3688a4ef5ae3e07d4ba
2024-09-30 11:29:31,62,b259ad7b374273c26bec3567023bb3cef7a54a76409fb3688a4ef5ae3e07d4ba
2024-09-30 11:29:31,62,b259ad7b374273c26bec3567023bb3cef7a54a76409fb3688a4ef5ae3e07d4ba
2024-09-30 11:29:31,62,b259ad7b374273c26bec3567023bb3cef7a54a76409fb3688a4ef5ae3e07d4ba
2024-09-30 11:29:33,62,18248f005b7493422ea25abcce7179b6d01446ebce2f14824bfbdbbe7f402bb9
2024-09-30 11:29:33,62,18248f005b7493422ea25abcce7179b6d01446ebce2f14824bfbdbbe7f402bb9
2024-09-30 11:29:39,62,18248f005b7493422ea25abcce7179b6d01446ebce2f14824bfbdbbe7f402bb9
2024-09-30 11:29:39,62,18248f005b7493422ea25abcce7179b6d01446ebce2f14824bfbdbbe7f402bb9
2024-09-30 11:29:56,62,18248f005b7493422ea25abcce7179b6d01446ebce2f14824bfbdbbe7f402bb9
2024-09-30 11:29:56,62,18248f005b7493422ea25abcce7179b6d01446ebce2f14824bfbdbbe7f402bb9
2024-09-30 11:30:03,62,18248f005b7493422ea25abcce7179b6d01446ebce2f14824bfbdbbe7f402bb9
2024-09-30 11:30:05,62,18248f005b7493422ea25abcce7179b6d01446ebce2f14824bfbdbbe7f402bb9
2024-09-30 11:30:07,62,ae9edac7327f00442b78b86c5ce0d6502af1098aafb4312f93a224f836513400
2024-09-30 11:30:17,62,18248f005b7493422ea25abcce7179b6d01446ebce2f14824bfbdbbe7f402bb9
2024-09-30 11:30:26,62,18248f005b7493422ea25abcce7179b6d01446ebce2f14824bfbdbbe7f402bb9
2024-09-30 11:30:26,62,18248f005b7493422ea25abcce7179b6d01446ebce2f14824bfbdbbe7f402bb9
2024-09-30 11:30:30,62,18248f005b7493422ea25abcce7179b6d01446ebce2f14824bfbdbbe7f402bb9
2024-09-30 11:30:31,62,18248f005b7493422ea25abcce7179b6d01446ebce2f14824bfbdbbe7f402bb9
2024-09-30 11:30:31,62,18248f005b7493422ea25abcce7179b6d01446ebce2f14824bfbdbbe7f402bb9
2024-09-30 11:31:06,62,18248f005b7493422ea25abcce7179b6d01446ebce2f14824bfbdbbe7f402bb9
2024-09-30 11:31:06,62,18248f005b7493422ea25abcce7179b6d01446ebce2f14824bfbdbbe7f402bb9
2024-09-30 11:31:07,62,18248f005b7493422ea25abcce7179b6d01446ebce2f14824bfbdbbe7f402bb9
2024-09-30 11:31:09,62,18248f005b7493422ea25abcce7179b6d01446ebce2f14824bfbdbbe7f402bb9
2024-09-30 11:31:09,62,18248f005b7493422ea25abcce7179b6d01446ebce2f14824bfbdbbe7f402bb9
2024-09-30 11:31:13,62,18248f005b7493422ea25abcce7179b6d01446ebce2f14824bfbdbbe7f402bb9
2024-09-30 11:31:19,62,18248f005b7493422ea25abcce7179b6d01446ebce2f14824bfbdbbe7f402bb9
2024-09-30 11:31:46,62,f214df8686dde5873f6737cdf93909d29f9b61e55a05fd900714072e85e7e2d9
2024-09-30 11:31:46,62,f214df8686dde5873f6737cdf93909d29f9b61e55a05fd900714072e85e7e2d9
2024-09-30 11:31:46,62,f214df8686dde5873f6737cdf93909d29f9b61e55a05fd900714072e85e7e2d9
2024-09-30 11:31:46,62,f214df8686dde5873f6737cdf93909d29f9b61e55a05fd900714072e85e7e2d9
2024-09-30 11:31:48,62,18248f005b7493422ea25abcce7179b6d01446ebce2f14824bfbdbbe7f402bb9
2024-09-30 11:31:48,62,18248f005b7493422ea25abcce7179b6d01446ebce2f14824bfbdbbe7f402bb9
2024-09-30 11:31:50,62,18248f005b7493422ea25abcce7179b6d01446ebce2f14824bfbdbbe7f402bb9
2024-09-30 11:32:12,62,18248f005b7493422ea25abcce7179b6d01446ebce2f14824bfbdbbe7f402bb9
2024-09-30 11:32:12,62,18248f005b7493422ea25abcce7179b6d01446ebce2f14824bfbdbbe7f402bb9
2024-09-30 11:32:22,62,18248f005b7493422ea25abcce7179b6d01446ebce2f14824bfbdbbe7f402bb9
2024-09-30 11:32:22,62,18248f005b7493422ea25abcce7179b6d01446ebce2f14824bfbdbbe7f402bb9
2024-09-30 11:32:22,62,18248f005b7493422ea25abcce7179b6d01446ebce2f14824bfbdbbe7f402bb9
2024-09-30 11:32:35,62,18248f005b7493422ea25abcce7179b6d01446ebce2f14824bfbdbbe7f402bb9
2024-09-30 11:32:40,62,b259ad7b374273c26bec3567023bb3cef7a54a76409fb3688a4ef5ae3e07d4ba
2024-09-30 11:32:44,62,01fbae127e8db09da74812bde292eb77d2a68a7897a5571bb7c33ad12264102a
2024-09-30 11:32:49,62,18248f005b7493422ea25abcce7179b6d01446ebce2f14824bfbdbbe7f402bb9
2024-09-30 11:32:49,62,18248f005b7493422ea25abcce7179b6d01446ebce2f14824bfbdbbe7f402bb9
2024-09-30 11:32:50,62,b259ad7b374273c26bec3567023bb3cef7a54a76409fb3688a4ef5ae3e07d4ba
2024-09-30 11:32:50,62,b259ad7b374273c26bec3567023bb3cef7a54a76409fb3688a4ef5ae3e07d4ba
2024-09-30 11:32:50,62,b259ad7b374273c26bec3567023bb3cef7a54a76409fb3688a4ef5ae3e07d4ba
2024-09-30 11:32:50,62,b259ad7b374273c26bec3567023bb3cef7a54a76409fb3688a4ef5ae3e07d4ba
2024-09-30 11:32:50,62,b259ad7b374273c26bec3567023bb3cef7a54a76409fb3688a4ef5ae3e07d4ba
2024-09-30 11:32:52,62,18248f005b7493422ea25abcce7179b6d01446ebce2f14824bfbdbbe7f402bb9
2024-09-30 11:32:52,62,18248f005b7493422ea25abcce7179b6d01446ebce2f14824bfbdbbe7f402bb9
2024-09-30 11:32:52,62,18248f005b7493422ea25abcce7179b6d01446ebce2f14824bfbdbbe7f402bb9
2024-09-30 11:32:58,62,b259ad7b374273c26bec3567023bb3cef7a54a76409fb3688a4ef5ae3e07d4ba
2024-09-30 11:32:58,62,18248f005b7493422ea25abcce7179b6d01446ebce2f14824bfbdbbe7f402bb9
2024-09-30 11:33:10,62,18248f005b7493422ea25abcce7179b6d01446ebce2f14824bfbdbbe7f402bb9
2024-09-30 11:33:18,62,18248f005b7493422ea25abcce7179b6d01446ebce2f14824bfbdbbe7f402bb9
2024-09-30 11:33:18,62,18248f005b7493422ea25abcce7179b6d01446ebce2f14824bfbdbbe7f402bb9
2024-09-30 11:33:18,62,18248f005b7493422ea25abcce7179b6d01446ebce2f14824bfbdbbe7f402bb9
2024-09-30 11:33:22,62,01fbae127e8db09da74812bde292eb77d2a68a7897a5571bb7c33ad12264102a
2024-09-30 11:33:22,62,01fbae127e8db09da74812bde292eb77d2a68a7897a5571bb7c33ad12264102a
2024-09-30 11:33:22,62,01fbae127e8db09da74812bde292eb77d2a68a7897a5571bb7c33ad12264102a
2024-09-30 11:33:22,62,18248f005b7493422ea25abcce7179b6d01446ebce2f14824bfbdbbe7f402bb9
2024-09-30 11:33:22,62,18248f005b7493422ea25abcce7179b6d01446ebce2f14824bfbdbbe7f402bb9
2024-09-30 11:33:38,62,18248f005b7493422ea25abcce7179b6d01446ebce2f14824bfbdbbe7f402bb9
2024-09-30 11:33:38,62,18248f005b7493422ea25abcce7179b6d01446ebce2f14824bfbdbbe7f402bb9
2024-09-30 11:33:44,62,01fbae127e8db09da74812bde292eb77d2a68a7897a5571bb7c33ad12264102a
2024-09-30 11:33:44,62,01fbae127e8db09da74812bde292eb77d2a68a7897a5571bb7c33ad12264102a
2024-09-30 11:33:44,62,01fbae127e8db09da74812bde292eb77d2a68a7897a5571bb7c33ad12264102a
2024-09-30 11:33:44,62,01fbae127e8db09da74812bde292eb77d2a68a7897a5571bb7c33ad12264102a
2024-09-30 11:33:45,62,18248f005b7493422ea25abcce7179b6d01446ebce2f14824bfbdbbe7f402bb9
2024-09-30 11:33:45,62,18248f005b7493422ea25abcce7179b6d01446ebce2f14824bfbdbbe7f402bb9
2024-09-30 11:33:45,62,18248f005b7493422ea25abcce7179b6d01446ebce2f14824bfbdbbe7f402bb9
2024-09-30 11:33:45,62,18248f005b7493422ea25abcce7179b6d01446ebce2f14824bfbdbbe7f402bb9
2024-09-30 11:33:46,62,18248f005b7493422ea25abcce7179b6d01446ebce2f14824bfbdbbe7f402bb9
2024-09-30 11:33:46,62,18248f005b7493422ea25abcce7179b6d01446ebce2f14824bfbdbbe7f402bb9
2024-09-30 11:33:46,62,18248f005b7493422ea25abcce7179b6d01446ebce2f14824bfbdbbe7f402bb9
2024-09-30 11:33:46,62,18248f005b7493422ea25abcce7179b6d01446ebce2f14824bfbdbbe7f402bb9
2024-09-30 11:33:48,62,18248f005b7493422ea25abcce7179b6d01446ebce2f14824bfbdbbe7f402bb9
2024-09-30 11:33:48,62,18248f005b7493422ea25abcce7179b6d01446ebce2f14824bfbdbbe7f402bb9
2024-09-30 11:33:49,62,18248f005b7493422ea25abcce7179b6d01446ebce2f14824bfbdbbe7f402bb9
2024-09-30 11:33:49,62,18248f005b7493422ea25abcce7179b6d01446ebce2f14824bfbdbbe7f402bb9
2024-09-30 11:33:49,62,18248f005b7493422ea25abcce7179b6d01446ebce2f14824bfbdbbe7f402bb9
2024-09-30 11:33:49,62,18248f005b7493422ea25abcce7179b6d01446ebce2f14824bfbdbbe7f402bb9
2024-09-30 11:33:54,62,18248f005b7493422ea25abcce7179b6d01446ebce2f14824bfbdbbe7f402bb9
2024-09-30 11:33:54,62,18248f005b7493422ea25abcce7179b6d01446ebce2f14824bfbdbbe7f402bb9
2024-09-30 11:34:02,62,18248f005b7493422ea25abcce7179b6d01446ebce2f14824bfbdbbe7f402bb9
2024-09-30 11:34:04,62,18248f005b7493422ea25abcce7179b6d01446ebce2f14824bfbdbbe7f402bb9
2024-09-30 11:34:08,62,18248f005b7493422ea25abcce7179b6d01446ebce2f14824bfbdbbe7f402bb9
2024-09-30 11:34:13,62,b259ad7b374273c26bec3567023bb3cef7a54a76409fb3688a4ef5ae3e07d4ba
2024-09-30 11:34:13,62,b259ad7b374273c26bec3567023bb3cef7a54a76409fb3688a4ef5ae3e07d4ba
2024-09-30 11:34:14,62,18248f005b7493422ea25abcce7179b6d01446ebce2f14824bfbdbbe7f402bb9
2024-09-30 11:34:26,62,f214df8686dde5873f6737cdf93909d29f9b61e55a05fd900714072e85e7e2d9
2024-09-30 11:34:26,62,f214df8686dde5873f6737cdf93909d29f9b61e55a05fd900714072e85e7e2d9
2024-09-30 11:34:27,62,18248f005b7493422ea25abcce7179b6d01446ebce2f14824bfbdbbe7f402bb9
2024-09-30 11:34:28,62,18248f005b7493422ea25abcce7179b6d01446ebce2f14824bfbdbbe7f402bb9
2024-09-30 11:34:31,62,18248f005b7493422ea25abcce7179b6d01446ebce2f14824bfbdbbe7f402bb9
2024-09-30 11:34:32,62,18248f005b7493422ea25abcce7179b6d01446ebce2f14824bfbdbbe7f402bb9
2024-09-30 11:34:32,62,18248f005b7493422ea25abcce7179b6d01446ebce2f14824bfbdbbe7f402bb9
2024-09-30 11:34:42,62,18248f005b7493422ea25abcce7179b6d01446ebce2f14824bfbdbbe7f402bb9
2024-09-30 11:34:48,62,01fbae127e8db09da74812bde292eb77d2a68a7897a5571bb7c33ad12264102a
2024-09-30 11:34:48,62,ac6bdf2d5686dae420b8fa528fcc9b72514a3cbbdca201fadac306c2091d9b0c
2024-09-30 11:34:48,62,ac6bdf2d5686dae420b8fa528fcc9b72514a3cbbdca201fadac306c2091d9b0c
2024-09-30 11:34:48,62,ac6bdf2d5686dae420b8fa528fcc9b72514a3cbbdca201fadac306c2091d9b0c
2024-09-30 11:34:48,62,ac6bdf2d5686dae420b8fa528fcc9b72514a3cbbdca201fadac306c2091d9b0c
2024-09-30 11:34:48,62,ac6bdf2d5686dae420b8fa528fcc9b72514a3cbbdca201fadac306c2091d9b0c
2024-09-30 11:34:48,62,ac6bdf2d5686dae420b8fa528fcc9b72514a3cbbdca201fadac306c2091d9b0c
2024-09-30 11:34:49,62,18248f005b7493422ea25abcce7179b6d01446ebce2f14824bfbdbbe7f402bb9
2024-09-30 11:34:49,62,18248f005b7493422ea25abcce7179b6d01446ebce2f14824bfbdbbe7f402bb9
2024-09-30 11:34:49,62,18248f005b7493422ea25abcce7179b6d01446ebce2f14824bfbdbbe7f402bb9
2024-09-30 11:34:49,62,18248f005b7493422ea25abcce7179b6d01446ebce2f14824bfbdbbe7f402bb9
2024-09-30 11:34:56,62,01fbae127e8db09da74812bde292eb77d2a68a7897a5571bb7c33ad12264102a
2024-09-30 11:34:56,62,01fbae127e8db09da74812bde292eb77d2a68a7897a5571bb7c33ad12264102a
2024-09-30 11:35:00,62,01fbae127e8db09da74812bde292eb77d2a68a7897a5571bb7c33ad12264102a
2024-09-30 11:35:00,62,01fbae127e8db09da74812bde292eb77d2a68a7897a5571bb7c33ad12264102a
2024-09-30 11:35:00,62,01fbae127e8db09da74812bde292eb77d2a68a7897a5571bb7c33ad12264102a
2024-09-30 11:35:00,62,01fbae127e8db09da74812bde292eb77d2a68a7897a5571bb7c33ad12264102a
2024-09-30 11:35:03,62,18248f005b7493422ea25abcce7179b6d01446ebce2f14824bfbdbbe7f402bb9
2024-09-30 11:35:09,62,18248f005b7493422ea25abcce7179b6d01446ebce2f14824bfbdbbe7f402bb9
2024-09-30 11:35:11,62,18248f005b7493422ea25abcce7179b6d01446ebce2f14824bfbdbbe7f402bb9
2024-09-30 11:35:11,62,18248f005b7493422ea25abcce7179b6d01446ebce2f14824bfbdbbe7f402bb9
2024-09-30 11:35:11,62,18248f005b7493422ea25abcce7179b6d01446ebce2f14824bfbdbbe7f402bb9
2024-09-30 11:35:15,62,01fbae127e8db09da74812bde292eb77d2a68a7897a5571bb7c33ad12264102a
2024-09-30 11:35:15,62,18248f005b7493422ea25abcce7179b6d01446ebce2f14824bfbdbbe7f402bb9
2024-09-30 11:35:15,62,18248f005b7493422ea25abcce7179b6d01446ebce2f14824bfbdbbe7f402bb9
2024-09-30 11:35:16,62,18248f005b7493422ea25abcce7179b6d01446ebce2f14824bfbdbbe7f402bb9
2024-09-30 11:35:16,62,18248f005b7493422ea25abcce7179b6d01446ebce2f14824bfbdbbe7f402bb9
2024-09-30 11:35:17,62,18248f005b7493422ea25abcce7179b6d01446ebce2f14824bfbdbbe7f402bb9
2024-09-30 11:35:17,62,18248f005b7493422ea25abcce7179b6d01446ebce2f14824bfbdbbe7f402bb9
2024-09-30 11:35:17,62,18248f005b7493422ea25abcce7179b6d01446ebce2f14824bfbdbbe7f402bb9
2024-09-30 11:35:19,62,18248f005b7493422ea25abcce7179b6d01446ebce2f14824bfbdbbe7f402bb9
2024-09-30 11:35:19,62,18248f005b7493422ea25abcce7179b6d01446ebce2f14824bfbdbbe7f402bb9
2024-09-30 11:35:19,62,18248f005b7493422ea25abcce7179b6d01446ebce2f14824bfbdbbe7f402bb9
2024-09-30 11:35:25,62,18248f005b7493422ea25abcce7179b6d01446ebce2f14824bfbdbbe7f402bb9
2024-09-30 11:35:26,62,18248f005b7493422ea25abcce7179b6d01446ebce2f14824bfbdbbe7f402bb9
2024-09-30 11:35:26,62,18248f005b7493422ea25abcce7179b6d01446ebce2f14824bfbdbbe7f402bb9
2024-09-30 11:35:26,62,18248f005b7493422ea25abcce7179b6d01446ebce2f14824bfbdbbe7f402bb9
2024-09-30 11:35:26,62,18248f005b7493422ea25abcce7179b6d01446ebce2f14824bfbdbbe7f402bb9
2024-09-30 11:35:27,62,18248f005b7493422ea25abcce7179b6d01446ebce2f14824bfbdbbe7f402bb9
2024-09-30 11:35:35,62,01fbae127e8db09da74812bde292eb77d2a68a7897a5571bb7c33ad12264102a
2024-09-30 11:35:35,62,01fbae127e8db09da74812bde292eb77d2a68a7897a5571bb7c33ad12264102a
2024-09-30 11:35:35,62,01fbae127e8db09da74812bde292eb77d2a68a7897a5571bb7c33ad12264102a
2024-09-30 11:35:35,62,01fbae127e8db09da74812bde292eb77d2a68a7897a5571bb7c33ad12264102a
2024-09-30 11:35:36,62,01fbae127e8db09da74812bde292eb77d2a68a7897a5571bb7c33ad12264102a
2024-09-30 11:35:36,62,01fbae127e8db09da74812bde292eb77d2a68a7897a5571bb7c33ad12264102a
2024-09-30 11:35:42,62,18248f005b7493422ea25abcce7179b6d01446ebce2f14824bfbdbbe7f402bb9
2024-09-30 11:35:47,62,18248f005b7493422ea25abcce7179b6d01446ebce2f14824bfbdbbe7f402bb9
2024-09-30 11:35:47,62,18248f005b7493422ea25abcce7179b6d01446ebce2f14824bfbdbbe7f402bb9
2024-09-30 11:35:47,62,18248f005b7493422ea25abcce7179b6d01446ebce2f14824bfbdbbe7f402bb9
2024-09-30 11:35:50,62,18248f005b7493422ea25abcce7179b6d01446ebce2f14824bfbdbbe7f402bb9
2024-09-30 11:35:50,62,18248f005b7493422ea25abcce7179b6d01446ebce2f14824bfbdbbe7f402bb9
2024-09-30 11:35:50,62,18248f005b7493422ea25abcce7179b6d01446ebce2f14824bfbdbbe7f402bb9
2024-09-30 11:35:50,62,18248f005b7493422ea25abcce7179b6d01446ebce2f14824bfbdbbe7f402bb9
2024-09-30 11:35:50,62,18248f005b7493422ea25abcce7179b6d01446ebce2f14824bfbdbbe7f402bb9
2024-09-30 11:35:50,62,18248f005b7493422ea25abcce7179b6d01446ebce2f14824bfbdbbe7f402bb9
2024-09-30 11:35:50,62,18248f005b7493422ea25abcce7179b6d01446ebce2f14824bfbdbbe7f402bb9
2024-09-30 11:35:50,62,18248f005b7493422ea25abcce7179b6d01446ebce2f14824bfbdbbe7f402bb9
2024-09-30 11:35:50,62,18248f005b7493422ea25abcce7179b6d01446ebce2f14824bfbdbbe7f402bb9
2024-09-30 11:35:52,62,18248f005b7493422ea25abcce7179b6d01446ebce2f14824bfbdbbe7f402bb9
2024-09-30 11:35:52,62,18248f005b7493422ea25abcce7179b6d01446ebce2f14824bfbdbbe7f402bb9
2024-09-30 11:35:54,62,b259ad7b374273c26bec3567023bb3cef7a54a76409fb3688a4ef5ae3e07d4ba
2024-09-30 11:35:54,62,b259ad7b374273c26bec3567023bb3cef7a54a76409fb3688a4ef5ae3e07d4ba
2024-09-30 11:35:57,62,18248f005b7493422ea25abcce7179b6d01446ebce2f14824bfbdbbe7f402bb9
2024-09-30 11:35:57,62,18248f005b7493422ea25abcce7179b6d01446ebce2f14824bfbdbbe7f402bb9
2024-09-30 11:35:57,62,18248f005b7493422ea25abcce7179b6d01446ebce2f14824bfbdbbe7f402bb9
2024-09-30 11:35:57,62,18248f005b7493422ea25abcce7179b6d01446ebce2f14824bfbdbbe7f402bb9
2024-09-30 11:35:57,62,18248f005b7493422ea25abcce7179b6d01446ebce2f14824bfbdbbe7f402bb9
2024-09-30 11:35:58,62,01fbae127e8db09da74812bde292eb77d2a68a7897a5571bb7c33ad12264102a
2024-09-30 11:35:58,62,18248f005b7493422ea25abcce7179b6d01446ebce2f14824bfbdbbe7f402bb9
2024-09-30 11:36:02,62,01fbae127e8db09da74812bde292eb77d2a68a7897a5571bb7c33ad12264102a
2024-09-30 11:36:05,62,18248f005b7493422ea25abcce7179b6d01446ebce2f14824bfbdbbe7f402bb9
2024-09-30 11:36:05,62,18248f005b7493422ea25abcce7179b6d01446ebce2f14824bfbdbbe7f402bb9
2024-09-30 11:36:06,62,18248f005b7493422ea25abcce7179b6d01446ebce2f14824bfbdbbe7f402bb9
2024-09-30 11:36:08,62,18248f005b7493422ea25abcce7179b6d01446ebce2f14824bfbdbbe7f402bb9
2024-09-30 11:36:08,62,18248f005b7493422ea25abcce7179b6d01446ebce2f14824bfbdbbe7f402bb9
2024-09-30 11:36:08,62,18248f005b7493422ea25abcce7179b6d01446ebce2f14824bfbdbbe7f402bb9
2024-09-30 11:36:08,62,18248f005b7493422ea25abcce7179b6d01446ebce2f14824bfbdbbe7f402bb9
2024-09-30 11:36:08,62,b259ad7b374273c26bec3567023bb3cef7a54a76409fb3688a4ef5ae3e07d4ba
2024-09-30 11:36:16,62,18248f005b7493422ea25abcce7179b6d01446ebce2f14824bfbdbbe7f402bb9
2024-09-30 11:36:17,62,18248f005b7493422ea25abcce7179b6d01446ebce2f14824bfbdbbe7f402bb9
2024-09-30 11:36:17,62,18248f005b7493422ea25abcce7179b6d01446ebce2f14824bfbdbbe7f402bb9
2024-09-30 11:36:19,62,18248f005b7493422ea25abcce7179b6d01446ebce2f14824bfbdbbe7f402bb9
2024-09-30 11:36:24,62,18248f005b7493422ea25abcce7179b6d01446ebce2f14824bfbdbbe7f402bb9
2024-09-30 11:36:30,62,01fbae127e8db09da74812bde292eb77d2a68a7897a5571bb7c33ad12264102a
2024-09-30 11:36:30,62,01fbae127e8db09da74812bde292eb77d2a68a7897a5571bb7c33ad12264102a
2024-09-30 11:36:38,62,18248f005b7493422ea25abcce7179b6d01446ebce2f14824bfbdbbe7f402bb9
2024-09-30 11:36:38,62,18248f005b7493422ea25abcce7179b6d01446ebce2f14824bfbdbbe7f402bb9
2024-09-30 11:36:41,62,18248f005b7493422ea25abcce7179b6d01446ebce2f14824bfbdbbe7f402bb9
2024-09-30 11:36:53,62,18248f005b7493422ea25abcce7179b6d01446ebce2f14824bfbdbbe7f402bb9
2024-09-30 11:36:53,62,18248f005b7493422ea25abcce7179b6d01446ebce2f14824bfbdbbe7f402bb9
2024-09-30 11:36:54,62,18248f005b7493422ea25abcce7179b6d01446ebce2f14824bfbdbbe7f402bb9
2024-09-30 11:36:54,62,18248f005b7493422ea25abcce7179b6d01446ebce2f14824bfbdbbe7f402bb9
2024-09-30 11:36:54,62,18248f005b7493422ea25abcce7179b6d01446ebce2f14824bfbdbbe7f402bb9
2024-09-30 11:37:06,62,18248f005b7493422ea25abcce7179b6d01446ebce2f14824bfbdbbe7f402bb9
2024-09-30 11:37:06,62,f214df8686dde5873f6737cdf93909d29f9b61e55a05fd900714072e85e7e2d9
2024-09-30 11:37:06,62,f214df8686dde5873f6737cdf93909d29f9b61e55a05fd900714072e85e7e2d9
2024-09-30 11:37:06,62,f214df8686dde5873f6737cdf93909d29f9b61e55a05fd900714072e85e7e2d9
2024-09-30 11:37:09,62,18248f005b7493422ea25abcce7179b6d01446ebce2f14824bfbdbbe7f402bb9
2024-09-30 11:37:16,62,18248f005b7493422ea25abcce7179b6d01446ebce2f14824bfbdbbe7f402bb9
2024-09-30 11:37:16,62,18248f005b7493422ea25abcce7179b6d01446ebce2f14824bfbdbbe7f402bb9
2024-09-30 11:37:19,62,18248f005b7493422ea25abcce7179b6d01446ebce2f14824bfbdbbe7f402bb9
2024-09-30 11:37:19,62,18248f005b7493422ea25abcce7179b6d01446ebce2f14824bfbdbbe7f402bb9
2024-09-30 11:37:22,62,01fbae127e8db09da74812bde292eb77d2a68a7897a5571bb7c33ad12264102a
2024-09-30 11:37:36,62,18248f005b7493422ea25abcce7179b6d01446ebce2f14824bfbdbbe7f402bb9
2024-09-30 11:37:36,62,18248f005b7493422ea25abcce7179b6d01446ebce2f14824bfbdbbe7f402bb9
2024-09-30 11:37:39,62,ac6bdf2d5686dae420b8fa528fcc9b72514a3cbbdca201fadac306c2091d9b0c
2024-09-30 11:37:39,62,ac6bdf2d5686dae420b8fa528fcc9b72514a3cbbdca201fadac306c2091d9b0c
2024-09-30 11:37:41,62,18248f005b7493422ea25abcce7179b6d01446ebce2f14824bfbdbbe7f402bb9
2024-09-30 11:37:48,62,18248f005b7493422ea25abcce7179b6d01446ebce2f14824bfbdbbe7f402bb9
2024-09-30 11:37:57,62,18248f005b7493422ea25abcce7179b6d01446ebce2f14824bfbdbbe7f402bb9
2024-09-30 11:37:59,62,18248f005b7493422ea25abcce7179b6d01446ebce2f14824bfbdbbe7f402bb9
2024-09-30 11:37:59,62,18248f005b7493422ea25abcce7179b6d01446ebce2f14824bfbdbbe7f402bb9
2024-09-30 11:37:59,62,18248f005b7493422ea25abcce7179b6d01446ebce2f14824bfbdbbe7f402bb9
2024-09-30 11:37:59,62,18248f005b7493422ea25abcce7179b6d01446ebce2f14824bfbdbbe7f402bb9
2024-09-30 11:38:06,62,18248f005b7493422ea25abcce7179b6d01446ebce2f14824bfbdbbe7f402bb9
2024-09-30 11:38:06,62,18248f005b7493422ea25abcce7179b6d01446ebce2f14824bfbdbbe7f402bb9
2024-09-30 11:38:06,62,18248f005b7493422ea25abcce7179b6d01446ebce2f14824bfbdbbe7f402bb9
2024-09-30 11:38:17,62,18248f005b7493422ea25abcce7179b6d01446ebce2f14824bfbdbbe7f402bb9
2024-09-30 11:38:17,62,18248f005b7493422ea25abcce7179b6d01446ebce2f14824bfbdbbe7f402bb9
2024-09-30 11:38:30,62,ac6bdf2d5686dae420b8fa528fcc9b72514a3cbbdca201fadac306c2091d9b0c
2024-09-30 11:38:30,62,ac6bdf2d5686dae420b8fa528fcc9b72514a3cbbdca201fadac306c2091d9b0c
2024-09-30 11:38:32,62,01fbae127e8db09da74812bde292eb77d2a68a7897a5571bb7c33ad12264102a
2024-09-30 11:38:39,62,ac6bdf2d5686dae420b8fa528fcc9b72514a3cbbdca201fadac306c2091d9b0c
2024-09-30 11:38:40,62,18248f005b7493422ea25abcce7179b6d01446ebce2f14824bfbdbbe7f402bb9
2024-09-30 11:38:49,62,18248f005b7493422ea25abcce7179b6d01446ebce2f14824bfbdbbe7f402bb9
2024-09-30 11:38:54,62,18248f005b7493422ea25abcce7179b6d01446ebce2f14824bfbdbbe7f402bb9
2024-09-30 11:38:57,62,18248f005b7493422ea25abcce7179b6d01446ebce2f14824bfbdbbe7f402bb9
2024-09-30 11:39:10,62,18248f005b7493422ea25abcce7179b6d01446ebce2f14824bfbdbbe7f402bb9
2024-09-30 11:39:10,62,18248f005b7493422ea25abcce7179b6d01446ebce2f14824bfbdbbe7f402bb9
2024-09-30 11:39:10,62,18248f005b7493422ea25abcce7179b6d01446ebce2f14824bfbdbbe7f402bb9
2024-09-30 11:39:12,62,ae9edac7327f00442b78b86c5ce0d6502af1098aafb4312f93a224f836513400
2024-09-30 11:39:19,62,18248f005b7493422ea25abcce7179b6d01446ebce2f14824bfbdbbe7f402bb9
2024-09-30 11:39:19,62,18248f005b7493422ea25abcce7179b6d01446ebce2f14824bfbdbbe7f402bb9
2024-09-30 11:39:19,62,18248f005b7493422ea25abcce7179b6d01446ebce2f14824bfbdbbe7f402bb9
2024-09-30 11:39:19,62,18248f005b7493422ea25abcce7179b6d01446ebce2f14824bfbdbbe7f402bb9
2024-09-30 11:39:20,62,18248f005b7493422ea25abcce7179b6d01446ebce2f14824bfbdbbe7f402bb9
2024-09-30 11:39:26,62,18248f005b7493422ea25abcce7179b6d01446ebce2f14824bfbdbbe7f402bb9
2024-09-30 11:39:26,62,18248f005b7493422ea25abcce7179b6d01446ebce2f14824bfbdbbe7f402bb9
2024-09-30 11:39:26,62,18248f005b7493422ea25abcce7179b6d01446ebce2f14824bfbdbbe7f402bb9
2024-09-30 11:39:26,62,18248f005b7493422ea25abcce7179b6d01446ebce2f14824bfbdbbe7f402bb9
2024-09-30 11:39:27,62,18248f005b7493422ea25abcce7179b6d01446ebce2f14824bfbdbbe7f402bb9
2024-09-30 11:39:31,62,18248f005b7493422ea25abcce7179b6d01446ebce2f14824bfbdbbe7f402bb9
2024-09-30 11:39:33,62,18248f005b7493422ea25abcce7179b6d01446ebce2f14824bfbdbbe7f402bb9
2024-09-30 11:39:41,62,18248f005b7493422ea25abcce7179b6d01446ebce2f14824bfbdbbe7f402bb9
2024-09-30 11:39:42,62,18248f005b7493422ea25abcce7179b6d01446ebce2f14824bfbdbbe7f402bb9
2024-09-30 11:39:42,62,18248f005b7493422ea25abcce7179b6d01446ebce2f14824bfbdbbe7f402bb9
2024-09-30 11:39:46,62,f214df8686dde5873f6737cdf93909d29f9b61e55a05fd900714072e85e7e2d9
2024-09-30 11:39:46,62,18248f005b7493422ea25abcce7179b6d01446ebce2f14824bfbdbbe7f402bb9
2024-09-30 11:39:46,62,18248f005b7493422ea25abcce7179b6d01446ebce2f14824bfbdbbe7f402bb9
2024-09-30 11:39:46,62,18248f005b7493422ea25abcce7179b6d01446ebce2f14824bfbdbbe7f402bb9
2024-09-30 11:39:48,62,18248f005b7493422ea25abcce7179b6d01446ebce2f14824bfbdbbe7f402bb9
2024-09-30 11:39:48,62,18248f005b7493422ea25abcce7179b6d01446ebce2f14824bfbdbbe7f402bb9
2024-09-30 11:39:53,62,18248f005b7493422ea25abcce7179b6d01446ebce2f14824bfbdbbe7f402bb9
2024-09-30 11:39:56,62,f214df8686dde5873f6737cdf93909d29f9b61e55a05fd900714072e85e7e2d9
2024-09-30 11:39:56,62,f214df8686dde5873f6737cdf93909d29f9b61e55a05fd900714072e85e7e2d9
2024-09-30 11:39:59,62,18248f005b7493422ea25abcce7179b6d01446ebce2f14824bfbdbbe7f402bb9
2024-09-30 11:40:08,62,18248f005b7493422ea25abcce7179b6d01446ebce2f14824bfbdbbe7f402bb9
2024-09-30 11:40:08,62,18248f005b7493422ea25abcce7179b6d01446ebce2f14824bfbdbbe7f402bb9
2024-09-30 11:40:08,62,18248f005b7493422ea25abcce7179b6d01446ebce2f14824bfbdbbe7f402bb9
2024-09-30 11:40:08,62,18248f005b7493422ea25abcce7179b6d01446ebce2f14824bfbdbbe7f402bb9
2024-09-30 11:40:11,62,18248f005b7493422ea25abcce7179b6d01446ebce2f14824bfbdbbe7f402bb9
2024-09-30 11:40:11,62,18248f005b7493422ea25abcce7179b6d01446ebce2f14824bfbdbbe7f402bb9
2024-09-30 11:40:17,62,b259ad7b374273c26bec3567023bb3cef7a54a76409fb3688a4ef5ae3e07d4ba
2024-09-30 11:40:17,62,b259ad7b374273c26bec3567023bb3cef7a54a76409fb3688a4ef5ae3e07d4ba
2024-09-30 11:40:17,62,b259ad7b374273c26bec3567023bb3cef7a54a76409fb3688a4ef5ae3e07d4ba
2024-09-30 11:40:17,62,b259ad7b374273c26bec3567023bb3cef7a54a76409fb3688a4ef5ae3e07d4ba
2024-09-30 11:40:19,62,18248f005b7493422ea25abcce7179b6d01446ebce2f14824bfbdbbe7f402bb9
2024-09-30 11:40:19,62,18248f005b7493422ea25abcce7179b6d01446ebce2f14824bfbdbbe7f402bb9
2024-09-30 11:40:21,62,b259ad7b374273c26bec3567023bb3cef7a54a76409fb3688a4ef5ae3e07d4ba
2024-09-30 11:40:31,62,b259ad7b374273c26bec3567023bb3cef7a54a76409fb3688a4ef5ae3e07d4ba
2024-09-30 11:40:34,62,18248f005b7493422ea25abcce7179b6d01446ebce2f14824bfbdbbe7f402bb9
2024-09-30 11:40:34,62,18248f005b7493422ea25abcce7179b6d01446ebce2f14824bfbdbbe7f402bb9
2024-09-30 11:40:34,62,18248f005b7493422ea25abcce7179b6d01446ebce2f14824bfbdbbe7f402bb9
2024-09-30 11:40:37,62,18248f005b7493422ea25abcce7179b6d01446ebce2f14824bfbdbbe7f402bb9
2024-09-30 11:40:37,62,18248f005b7493422ea25abcce7179b6d01446ebce2f14824bfbdbbe7f402bb9
2024-09-30 11:40:39,62,18248f005b7493422ea25abcce7179b6d01446ebce2f14824bfbdbbe7f402bb9
2024-09-30 11:40:41,62,18248f005b7493422ea25abcce7179b6d01446ebce2f14824bfbdbbe7f402bb9
2024-09-30 11:40:41,62,18248f005b7493422ea25abcce7179b6d01446ebce2f14824bfbdbbe7f402bb9
2024-09-30 11:40:41,62,18248f005b7493422ea25abcce7179b6d01446ebce2f14824bfbdbbe7f402bb9
2024-09-30 11:40:49,62,18248f005b7493422ea25abcce7179b6d01446ebce2f14824bfbdbbe7f402bb9
2024-09-30 11:40:50,62,18248f005b7493422ea25abcce7179b6d01446ebce2f14824bfbdbbe7f402bb9
2024-09-30 11:40:53,62,18248f005b7493422ea25abcce7179b6d01446ebce2f14824bfbdbbe7f402bb9
2024-09-30 11:40:54,62,18248f005b7493422ea25abcce7179b6d01446ebce2f14824bfbdbbe7f402bb9
2024-09-30 11:40:54,62,18248f005b7493422ea25abcce7179b6d01446ebce2f14824bfbdbbe7f402bb9
2024-09-30 11:40:56,62,18248f005b7493422ea25abcce7179b6d01446ebce2f14824bfbdbbe7f402bb9
2024-09-30 11:40:56,62,18248f005b7493422ea25abcce7179b6d01446ebce2f14824bfbdbbe7f402bb9
2024-09-30 11:41:11,62,18248f005b7493422ea25abcce7179b6d01446ebce2f14824bfbdbbe7f402bb9
2024-09-30 11:41:15,62,18248f005b7493422ea25abcce7179b6d01446ebce2f14824bfbdbbe7f402bb9
2024-09-30 11:41:15,62,18248f005b7493422ea25abcce7179b6d01446ebce2f14824bfbdbbe7f402bb9
2024-09-30 11:41:23,62,18248f005b7493422ea25abcce7179b6d01446ebce2f14824bfbdbbe7f402bb9
2024-09-30 11:41:23,62,18248f005b7493422ea25abcce7179b6d01446ebce2f14824bfbdbbe7f402bb9
2024-09-30 11:41:24,62,18248f005b7493422ea25abcce7179b6d01446ebce2f14824bfbdbbe7f402bb9
2024-09-30 11:41:24,62,18248f005b7493422ea25abcce7179b6d01446ebce2f14824bfbdbbe7f402bb9
2024-09-30 11:41:24,62,18248f005b7493422ea25abcce7179b6d01446ebce2f14824bfbdbbe7f402bb9
2024-09-30 11:41:26,62,18248f005b7493422ea25abcce7179b6d01446ebce2f14824bfbdbbe7f402bb9
2024-09-30 11:41:26,62,18248f005b7493422ea25abcce7179b6d01446ebce2f14824bfbdbbe7f402bb9
2024-09-30 11:41:33,62,b259ad7b374273c26bec3567023bb3cef7a54a76409fb3688a4ef5ae3e07d4ba
2024-09-30 11:41:33,62,b259ad7b374273c26bec3567023bb3cef7a54a76409fb3688a4ef5ae3e07d4ba
2024-09-30 11:41:33,62,b259ad7b374273c26bec3567023bb3cef7a54a76409fb3688a4ef5ae3e07d4ba
2024-09-30 11:41:33,62,b259ad7b374273c26bec3567023bb3cef7a54a76409fb3688a4ef5ae3e07d4ba
2024-09-30 11:41:34,62,b259ad7b374273c26bec3567023bb3cef7a54a76409fb3688a4ef5ae3e07d4ba
2024-09-30 11:41:34,62,b259ad7b374273c26bec3567023bb3cef7a54a76409fb3688a4ef5ae3e07d4ba
2024-09-30 11:41:39,62,ac6bdf2d5686dae420b8fa528fcc9b72514a3cbbdca201fadac306c2091d9b0c
2024-09-30 11:41:39,62,ac6bdf2d5686dae420b8fa528fcc9b72514a3cbbdca201fadac306c2091d9b0c
2024-09-30 11:41:39,62,ac6bdf2d5686dae420b8fa528fcc9b72514a3cbbdca201fadac306c2091d9b0c
2024-09-30 11:41:42,62,18248f005b7493422ea25abcce7179b6d01446ebce2f14824bfbdbbe7f402bb9
2024-09-30 11:41:42,62,18248f005b7493422ea25abcce7179b6d01446ebce2f14824bfbdbbe7f402bb9
2024-09-30 11:41:43,62,18248f005b7493422ea25abcce7179b6d01446ebce2f14824bfbdbbe7f402bb9
2024-09-30 11:41:43,62,18248f005b7493422ea25abcce7179b6d01446ebce2f14824bfbdbbe7f402bb9
2024-09-30 11:41:43,62,18248f005b7493422ea25abcce7179b6d01446ebce2f14824bfbdbbe7f402bb9
2024-09-30 11:41:47,62,18248f005b7493422ea25abcce7179b6d01446ebce2f14824bfbdbbe7f402bb9
2024-09-30 11:41:47,62,b259ad7b374273c26bec3567023bb3cef7a54a76409fb3688a4ef5ae3e07d4ba
2024-09-30 11:41:48,62,b259ad7b374273c26bec3567023bb3cef7a54a76409fb3688a4ef5ae3e07d4ba
2024-09-30 11:41:48,62,b259ad7b374273c26bec3567023bb3cef7a54a76409fb3688a4ef5ae3e07d4ba
2024-09-30 11:41:48,62,b259ad7b374273c26bec3567023bb3cef7a54a76409fb3688a4ef5ae3e07d4ba
2024-09-30 11:41:48,62,b259ad7b374273c26bec3567023bb3cef7a54a76409fb3688a4ef5ae3e07d4ba
2024-09-30 11:41:52,62,18248f005b7493422ea25abcce7179b6d01446ebce2f14824bfbdbbe7f402bb9
2024-09-30 11:41:53,62,18248f005b7493422ea25abcce7179b6d01446ebce2f14824bfbdbbe7f402bb9
2024-09-30 11:41:53,62,18248f005b7493422ea25abcce7179b6d01446ebce2f14824bfbdbbe7f402bb9
2024-09-30 11:41:53,62,18248f005b7493422ea25abcce7179b6d01446ebce2f14824bfbdbbe7f402bb9
2024-09-30 11:41:53,62,18248f005b7493422ea25abcce7179b6d01446ebce2f14824bfbdbbe7f402bb9
2024-09-30 11:41:56,62,b259ad7b374273c26bec3567023bb3cef7a54a76409fb3688a4ef5ae3e07d4ba
2024-09-30 11:41:56,62,b259ad7b374273c26bec3567023bb3cef7a54a76409fb3688a4ef5ae3e07d4ba
2024-09-30 11:41:58,62,18248f005b7493422ea25abcce7179b6d01446ebce2f14824bfbdbbe7f402bb9
2024-09-30 11:41:58,62,18248f005b7493422ea25abcce7179b6d01446ebce2f14824bfbdbbe7f402bb9
2024-09-30 11:42:01,62,18248f005b7493422ea25abcce7179b6d01446ebce2f14824bfbdbbe7f402bb9
2024-09-30 11:42:01,62,18248f005b7493422ea25abcce7179b6d01446ebce2f14824bfbdbbe7f402bb9
2024-09-30 11:42:01,62,18248f005b7493422ea25abcce7179b6d01446ebce2f14824bfbdbbe7f402bb9
2024-09-30 11:42:01,62,18248f005b7493422ea25abcce7179b6d01446ebce2f14824bfbdbbe7f402bb9
2024-09-30 11:42:02,62,18248f005b7493422ea25abcce7179b6d01446ebce2f14824bfbdbbe7f402bb9
2024-09-30 11:42:02,62,18248f005b7493422ea25abcce7179b6d01446ebce2f14824bfbdbbe7f402bb9
2024-09-30 11:42:04,62,18248f005b7493422ea25abcce7179b6d01446ebce2f14824bfbdbbe7f402bb9
2024-09-30 11:42:10,62,18248f005b7493422ea25abcce7179b6d01446ebce2f14824bfbdbbe7f402bb9
2024-09-30 11:42:10,62,18248f005b7493422ea25abcce7179b6d01446ebce2f14824bfbdbbe7f402bb9
2024-09-30 11:42:15,62,18248f005b7493422ea25abcce7179b6d01446ebce2f14824bfbdbbe7f402bb9
2024-09-30 11:42:15,62,18248f005b7493422ea25abcce7179b6d01446ebce2f14824bfbdbbe7f402bb9
2024-09-30 11:42:19,62,18248f005b7493422ea25abcce7179b6d01446ebce2f14824bfbdbbe7f402bb9
2024-09-30 11:42:19,62,18248f005b7493422ea25abcce7179b6d01446ebce2f14824bfbdbbe7f402bb9
2024-09-30 11:42:20,62,01fbae127e8db09da74812bde292eb77d2a68a7897a5571bb7c33ad12264102a
2024-09-30 11:42:20,62,01fbae127e8db09da74812bde292eb77d2a68a7897a5571bb7c33ad12264102a
2024-09-30 11:42:20,62,01fbae127e8db09da74812bde292eb77d2a68a7897a5571bb7c33ad12264102a
2024-09-30 11:42:20,62,01fbae127e8db09da74812bde292eb77d2a68a7897a5571bb7c33ad12264102a
2024-09-30 11:42:21,62,b259ad7b374273c26bec3567023bb3cef7a54a76409fb3688a4ef5ae3e07d4ba
2024-09-30 11:42:24,62,b259ad7b374273c26bec3567023bb3cef7a54a76409fb3688a4ef5ae3e07d4ba
2024-09-30 11:42:26,62,18248f005b7493422ea25abcce7179b6d01446ebce2f14824bfbdbbe7f402bb9
2024-09-30 11:42:26,62,18248f005b7493422ea25abcce7179b6d01446ebce2f14824bfbdbbe7f402bb9
2024-09-30 11:42:29,62,18248f005b7493422ea25abcce7179b6d01446ebce2f14824bfbdbbe7f402bb9
2024-09-30 11:42:29,62,18248f005b7493422ea25abcce7179b6d01446ebce2f14824bfbdbbe7f402bb9
2024-09-30 11:42:36,62,18248f005b7493422ea25abcce7179b6d01446ebce2f14824bfbdbbe7f402bb9
2024-09-30 11:42:36,62,18248f005b7493422ea25abcce7179b6d01446ebce2f14824bfbdbbe7f402bb9
2024-09-30 11:42:54,62,18248f005b7493422ea25abcce7179b6d01446ebce2f14824bfbdbbe7f402bb9
2024-09-30 11:42:54,62,18248f005b7493422ea25abcce7179b6d01446ebce2f14824bfbdbbe7f402bb9
2024-09-30 11:42:57,62,18248f005b7493422ea25abcce7179b6d01446ebce2f14824bfbdbbe7f402bb9
2024-09-30 11:42:57,62,18248f005b7493422ea25abcce7179b6d01446ebce2f14824bfbdbbe7f402bb9
2024-09-30 11:42:57,62,18248f005b7493422ea25abcce7179b6d01446ebce2f14824bfbdbbe7f402bb9
2024-09-30 11:43:05,62,18248f005b7493422ea25abcce7179b6d01446ebce2f14824bfbdbbe7f402bb9
2024-09-30 11:43:06,62,18248f005b7493422ea25abcce7179b6d01446ebce2f14824bfbdbbe7f402bb9
2024-09-30 11:43:06,62,18248f005b7493422ea25abcce7179b6d01446ebce2f14824bfbdbbe7f402bb9
2024-09-30 11:43:06,62,18248f005b7493422ea25abcce7179b6d01446ebce2f14824bfbdbbe7f402bb9
2024-09-30 11:43:19,62,18248f005b7493422ea25abcce7179b6d01446ebce2f14824bfbdbbe7f402bb9
2024-09-30 11:43:20,62,18248f005b7493422ea25abcce7179b6d01446ebce2f14824bfbdbbe7f402bb9
2024-09-30 11:43:20,62,18248f005b7493422ea25abcce7179b6d01446ebce2f14824bfbdbbe7f402bb9
2024-09-30 11:43:20,62,048a29722e6fa520c9d9148408ae3d1e35ec325e17bbe30d2cd29d5e837c1112
2024-09-30 11:43:20,62,f214df8686dde5873f6737cdf93909d29f9b61e55a05fd900714072e85e7e2d9
2024-09-30 11:43:20,62,f214df8686dde5873f6737cdf93909d29f9b61e55a05fd900714072e85e7e2d9
2024-09-30 11:43:20,62,f214df8686dde5873f6737cdf93909d29f9b61e55a05fd900714072e85e7e2d9
2024-09-30 11:43:25,62,b259ad7b374273c26bec3567023bb3cef7a54a76409fb3688a4ef5ae3e07d4ba
2024-09-30 11:43:25,62,b259ad7b374273c26bec3567023bb3cef7a54a76409fb3688a4ef5ae3e07d4ba
2024-09-30 11:43:25,62,b259ad7b374273c26bec3567023bb3cef7a54a76409fb3688a4ef5ae3e07d4ba
2024-09-30 11:43:25,62,b259ad7b374273c26bec3567023bb3cef7a54a76409fb3688a4ef5ae3e07d4ba
2024-09-30 11:43:25,62,b259ad7b374273c26bec3567023bb3cef7a54a76409fb3688a4ef5ae3e07d4ba
2024-09-30 11:43:25,62,b259ad7b374273c26bec3567023bb3cef7a54a76409fb3688a4ef5ae3e07d4ba
2024-09-30 11:43:35,62,18248f005b7493422ea25abcce7179b6d01446ebce2f14824bfbdbbe7f402bb9
2024-09-30 11:43:37,62,18248f005b7493422ea25abcce7179b6d01446ebce2f14824bfbdbbe7f402bb9
2024-09-30 11:43:37,62,18248f005b7493422ea25abcce7179b6d01446ebce2f14824bfbdbbe7f402bb9
2024-09-30 11:43:37,62,18248f005b7493422ea25abcce7179b6d01446ebce2f14824bfbdbbe7f402bb9
2024-09-30 11:43:39,62,18248f005b7493422ea25abcce7179b6d01446ebce2f14824bfbdbbe7f402bb9
2024-09-30 11:43:39,62,18248f005b7493422ea25abcce7179b6d01446ebce2f14824bfbdbbe7f402bb9
2024-09-30 11:43:39,62,18248f005b7493422ea25abcce7179b6d01446ebce2f14824bfbdbbe7f402bb9
2024-09-30 11:43:39,62,18248f005b7493422ea25abcce7179b6d01446ebce2f14824bfbdbbe7f402bb9
2024-09-30 11:43:46,62,3901688d33322be8e6e95730a2d46b3b729d303d6507bd4ac75095ad5a7df8e8
2024-09-30 11:43:47,62,18248f005b7493422ea25abcce7179b6d01446ebce2f14824bfbdbbe7f402bb9
2024-09-30 11:43:48,62,18248f005b7493422ea25abcce7179b6d01446ebce2f14824bfbdbbe7f402bb9
2024-09-30 11:43:56,62,18248f005b7493422ea25abcce7179b6d01446ebce2f14824bfbdbbe7f402bb9
2024-09-30 11:43:56,62,18248f005b7493422ea25abcce7179b6d01446ebce2f14824bfbdbbe7f402bb9
2024-09-30 11:43:59,62,18248f005b7493422ea25abcce7179b6d01446ebce2f14824bfbdbbe7f402bb9
2024-09-30 11:44:00,62,18248f005b7493422ea25abcce7179b6d01446ebce2f14824bfbdbbe7f402bb9
2024-09-30 11:44:00,62,18248f005b7493422ea25abcce7179b6d01446ebce2f14824bfbdbbe7f402bb9
2024-09-30 11:44:00,62,18248f005b7493422ea25abcce7179b6d01446ebce2f14824bfbdbbe7f402bb9
2024-09-30 11:44:02,62,18248f005b7493422ea25abcce7179b6d01446ebce2f14824bfbdbbe7f402bb9
2024-09-30 11:44:21,62,18248f005b7493422ea25abcce7179b6d01446ebce2f14824bfbdbbe7f402bb9
2024-09-30 11:44:21,62,18248f005b7493422ea25abcce7179b6d01446ebce2f14824bfbdbbe7f402bb9
2024-09-30 11:44:21,62,18248f005b7493422ea25abcce7179b6d01446ebce2f14824bfbdbbe7f402bb9
2024-09-30 11:44:21,62,18248f005b7493422ea25abcce7179b6d01446ebce2f14824bfbdbbe7f402bb9
2024-09-30 11:44:21,62,18248f005b7493422ea25abcce7179b6d01446ebce2f14824bfbdbbe7f402bb9
2024-09-30 11:44:21,62,18248f005b7493422ea25abcce7179b6d01446ebce2f14824bfbdbbe7f402bb9
2024-09-30 11:44:22,62,18248f005b7493422ea25abcce7179b6d01446ebce2f14824bfbdbbe7f402bb9
2024-09-30 11:44:22,62,18248f005b7493422ea25abcce7179b6d01446ebce2f14824bfbdbbe7f402bb9
2024-09-30 11:44:22,62,b259ad7b374273c26bec3567023bb3cef7a54a76409fb3688a4ef5ae3e07d4ba
2024-09-30 11:44:23,62,b259ad7b374273c26bec3567023bb3cef7a54a76409fb3688a4ef5ae3e07d4ba
2024-09-30 11:44:29,62,18248f005b7493422ea25abcce7179b6d01446ebce2f14824bfbdbbe7f402bb9
2024-09-30 11:44:30,62,ac6bdf2d5686dae420b8fa528fcc9b72514a3cbbdca201fadac306c2091d9b0c
2024-09-30 11:44:31,62,18248f005b7493422ea25abcce7179b6d01446ebce2f14824bfbdbbe7f402bb9
2024-09-30 11:44:35,62,18248f005b7493422ea25abcce7179b6d01446ebce2f14824bfbdbbe7f402bb9
2024-09-30 11:44:35,62,18248f005b7493422ea25abcce7179b6d01446ebce2f14824bfbdbbe7f402bb9
2024-09-30 11:44:35,62,18248f005b7493422ea25abcce7179b6d01446ebce2f14824bfbdbbe7f402bb9
2024-09-30 11:44:35,62,18248f005b7493422ea25abcce7179b6d01446ebce2f14824bfbdbbe7f402bb9
2024-09-30 11:44:35,62,18248f005b7493422ea25abcce7179b6d01446ebce2f14824bfbdbbe7f402bb9
2024-09-30 11:44:35,62,18248f005b7493422ea25abcce7179b6d01446ebce2f14824bfbdbbe7f402bb9
2024-09-30 11:44:40,62,c6ffb1e5f828f4df8e99097f27d25253f28fd48e08006ae8770339d55290d121
2024-09-30 11:44:40,62,c6ffb1e5f828f4df8e99097f27d25253f28fd48e08006ae8770339d55290d121
2024-09-30 11:44:45,62,18248f005b7493422ea25abcce7179b6d01446ebce2f14824bfbdbbe7f402bb9
2024-09-30 11:44:50,62,18248f005b7493422ea25abcce7179b6d01446ebce2f14824bfbdbbe7f402bb9
2024-09-30 11:44:50,62,18248f005b7493422ea25abcce7179b6d01446ebce2f14824bfbdbbe7f402bb9
2024-09-30 11:44:52,62,18248f005b7493422ea25abcce7179b6d01446ebce2f14824bfbdbbe7f402bb9
2024-09-30 11:44:56,62,18248f005b7493422ea25abcce7179b6d01446ebce2f14824bfbdbbe7f402bb9
2024-09-30 11:44:57,62,18248f005b7493422ea25abcce7179b6d01446ebce2f14824bfbdbbe7f402bb9
2024-09-30 11:44:57,62,18248f005b7493422ea25abcce7179b6d01446ebce2f14824bfbdbbe7f402bb9
2024-09-30 11:44:57,62,18248f005b7493422ea25abcce7179b6d01446ebce2f14824bfbdbbe7f402bb9
2024-09-30 11:44:58,62,18248f005b7493422ea25abcce7179b6d01446ebce2f14824bfbdbbe7f402bb9
2024-09-30 11:44:58,62,18248f005b7493422ea25abcce7179b6d01446ebce2f14824bfbdbbe7f402bb9
2024-09-30 11:45:01,62,18248f005b7493422ea25abcce7179b6d01446ebce2f14824bfbdbbe7f402bb9
2024-09-30 11:45:04,62,18248f005b7493422ea25abcce7179b6d01446ebce2f14824bfbdbbe7f402bb9
2024-09-30 11:45:04,62,18248f005b7493422ea25abcce7179b6d01446ebce2f14824bfbdbbe7f402bb9
2024-09-30 11:45:05,62,18248f005b7493422ea25abcce7179b6d01446ebce2f14824bfbdbbe7f402bb9
2024-09-30 11:45:06,62,18248f005b7493422ea25abcce7179b6d01446ebce2f14824bfbdbbe7f402bb9
2024-09-30 11:45:15,62,18248f005b7493422ea25abcce7179b6d01446ebce2f14824bfbdbbe7f402bb9
2024-09-30 11:45:15,62,18248f005b7493422ea25abcce7179b6d01446ebce2f14824bfbdbbe7f402bb9
2024-09-30 11:45:17,62,18248f005b7493422ea25abcce7179b6d01446ebce2f14824bfbdbbe7f402bb9
2024-09-30 11:45:24,62,18248f005b7493422ea25abcce7179b6d01446ebce2f14824bfbdbbe7f402bb9
2024-09-30 11:45:25,62,18248f005b7493422ea25abcce7179b6d01446ebce2f14824bfbdbbe7f402bb9
2024-09-30 11:45:25,62,18248f005b7493422ea25abcce7179b6d01446ebce2f14824bfbdbbe7f402bb9
2024-09-30 11:45:26,62,18248f005b7493422ea25abcce7179b6d01446ebce2f14824bfbdbbe7f402bb9
2024-09-30 11:45:27,62,18248f005b7493422ea25abcce7179b6d01446ebce2f14824bfbdbbe7f402bb9
2024-09-30 11:45:27,62,18248f005b7493422ea25abcce7179b6d01446ebce2f14824bfbdbbe7f402bb9
2024-09-30 11:45:31,62,18248f005b7493422ea25abcce7179b6d01446ebce2f14824bfbdbbe7f402bb9
2024-09-30 11:45:34,62,18248f005b7493422ea25abcce7179b6d01446ebce2f14824bfbdbbe7f402bb9
2024-09-30 11:45:41,62,18248f005b7493422ea25abcce7179b6d01446ebce2f14824bfbdbbe7f402bb9
2024-09-30 11:45:41,62,18248f005b7493422ea25abcce7179b6d01446ebce2f14824bfbdbbe7f402bb9
2024-09-30 11:45:46,62,b259ad7b374273c26bec3567023bb3cef7a54a76409fb3688a4ef5ae3e07d4ba
2024-09-30 11:45:46,62,b259ad7b374273c26bec3567023bb3cef7a54a76409fb3688a4ef5ae3e07d4ba
2024-09-30 11:45:46,62,b259ad7b374273c26bec3567023bb3cef7a54a76409fb3688a4ef5ae3e07d4ba
2024-09-30 11:45:46,62,b259ad7b374273c26bec3567023bb3cef7a54a76409fb3688a4ef5ae3e07d4ba
2024-09-30 11:45:46,62,b259ad7b374273c26bec3567023bb3cef7a54a76409fb3688a4ef5ae3e07d4ba
2024-09-30 11:45:50,62,18248f005b7493422ea25abcce7179b6d01446ebce2f14824bfbdbbe7f402bb9
2024-09-30 11:45:50,62,18248f005b7493422ea25abcce7179b6d01446ebce2f14824bfbdbbe7f402bb9
2024-09-30 11:46:00,62,f214df8686dde5873f6737cdf93909d29f9b61e55a05fd900714072e85e7e2d9
2024-09-30 11:46:00,62,f214df8686dde5873f6737cdf93909d29f9b61e55a05fd900714072e85e7e2d9
2024-09-30 11:46:00,62,18248f005b7493422ea25abcce7179b6d01446ebce2f14824bfbdbbe7f402bb9
2024-09-30 11:46:03,62,b259ad7b374273c26bec3567023bb3cef7a54a76409fb3688a4ef5ae3e07d4ba
2024-09-30 11:46:05,62,d6ac3dc7025d979bb0c4c3ce3595a77ef65a87579d3bb84a3e00ecdc315f7e12
2024-09-30 11:46:05,62,d6ac3dc7025d979bb0c4c3ce3595a77ef65a87579d3bb84a3e00ecdc315f7e12
2024-09-30 11:46:05,62,d6ac3dc7025d979bb0c4c3ce3595a77ef65a87579d3bb84a3e00ecdc315f7e12
2024-09-30 11:46:11,62,18248f005b7493422ea25abcce7179b6d01446ebce2f14824bfbdbbe7f402bb9
2024-09-30 11:46:11,62,18248f005b7493422ea25abcce7179b6d01446ebce2f14824bfbdbbe7f402bb9
2024-09-30 11:46:11,62,18248f005b7493422ea25abcce7179b6d01446ebce2f14824bfbdbbe7f402bb9
2024-09-30 11:46:11,62,18248f005b7493422ea25abcce7179b6d01446ebce2f14824bfbdbbe7f402bb9
2024-09-30 11:46:11,62,18248f005b7493422ea25abcce7179b6d01446ebce2f14824bfbdbbe7f402bb9
2024-09-30 11:46:11,62,18248f005b7493422ea25abcce7179b6d01446ebce2f14824bfbdbbe7f402bb9
2024-09-30 11:46:13,62,18248f005b7493422ea25abcce7179b6d01446ebce2f14824bfbdbbe7f402bb9
2024-09-30 11:46:13,62,18248f005b7493422ea25abcce7179b6d01446ebce2f14824bfbdbbe7f402bb9
2024-09-30 11:46:13,62,92dec0a03d236b1673c65fd213be5f229f5bd4074d40b53ff471c1af5b5a99bb
2024-09-30 11:46:16,62,18248f005b7493422ea25abcce7179b6d01446ebce2f14824bfbdbbe7f402bb9
2024-09-30 11:46:18,62,18248f005b7493422ea25abcce7179b6d01446ebce2f14824bfbdbbe7f402bb9
2024-09-30 11:46:19,62,18248f005b7493422ea25abcce7179b6d01446ebce2f14824bfbdbbe7f402bb9
2024-09-30 11:46:19,62,18248f005b7493422ea25abcce7179b6d01446ebce2f14824bfbdbbe7f402bb9
2024-09-30 11:46:21,62,18248f005b7493422ea25abcce7179b6d01446ebce2f14824bfbdbbe7f402bb9
2024-09-30 11:46:22,62,01fbae127e8db09da74812bde292eb77d2a68a7897a5571bb7c33ad12264102a
2024-09-30 11:46:22,62,01fbae127e8db09da74812bde292eb77d2a68a7897a5571bb7c33ad12264102a
2024-09-30 11:46:22,62,01fbae127e8db09da74812bde292eb77d2a68a7897a5571bb7c33ad12264102a
2024-09-30 11:46:22,62,01fbae127e8db09da74812bde292eb77d2a68a7897a5571bb7c33ad12264102a
2024-09-30 11:46:22,62,01fbae127e8db09da74812bde292eb77d2a68a7897a5571bb7c33ad12264102a
2024-09-30 11:46:25,62,92dec0a03d236b1673c65fd213be5f229f5bd4074d40b53ff471c1af5b5a99bb
2024-09-30 11:46:25,62,18248f005b7493422ea25abcce7179b6d01446ebce2f14824bfbdbbe7f402bb9
2024-09-30 11:46:26,62,18248f005b7493422ea25abcce7179b6d01446ebce2f14824bfbdbbe7f402bb9
2024-09-30 11:46:27,62,18248f005b7493422ea25abcce7179b6d01446ebce2f14824bfbdbbe7f402bb9
2024-09-30 11:46:29,62,18248f005b7493422ea25abcce7179b6d01446ebce2f14824bfbdbbe7f402bb9
2024-09-30 11:46:29,62,18248f005b7493422ea25abcce7179b6d01446ebce2f14824bfbdbbe7f402bb9
2024-09-30 11:46:29,62,18248f005b7493422ea25abcce7179b6d01446ebce2f14824bfbdbbe7f402bb9
2024-09-30 11:46:30,62,18248f005b7493422ea25abcce7179b6d01446ebce2f14824bfbdbbe7f402bb9
2024-09-30 11:46:30,62,18248f005b7493422ea25abcce7179b6d01446ebce2f14824bfbdbbe7f402bb9
2024-09-30 11:46:30,62,18248f005b7493422ea25abcce7179b6d01446ebce2f14824bfbdbbe7f402bb9
2024-09-30 11:46:37,62,01fbae127e8db09da74812bde292eb77d2a68a7897a5571bb7c33ad12264102a
2024-09-30 11:46:37,62,01fbae127e8db09da74812bde292eb77d2a68a7897a5571bb7c33ad12264102a
2024-09-30 11:46:37,62,01fbae127e8db09da74812bde292eb77d2a68a7897a5571bb7c33ad12264102a
2024-09-30 11:46:37,62,b259ad7b374273c26bec3567023bb3cef7a54a76409fb3688a4ef5ae3e07d4ba
2024-09-30 11:46:41,62,18248f005b7493422ea25abcce7179b6d01446ebce2f14824bfbdbbe7f402bb9
2024-09-30 11:46:41,62,18248f005b7493422ea25abcce7179b6d01446ebce2f14824bfbdbbe7f402bb9
2024-09-30 11:46:44,62,18248f005b7493422ea25abcce7179b6d01446ebce2f14824bfbdbbe7f402bb9
2024-09-30 11:46:44,62,18248f005b7493422ea25abcce7179b6d01446ebce2f14824bfbdbbe7f402bb9
2024-09-30 11:46:45,62,18248f005b7493422ea25abcce7179b6d01446ebce2f14824bfbdbbe7f402bb9
2024-09-30 11:46:51,62,18248f005b7493422ea25abcce7179b6d01446ebce2f14824bfbdbbe7f402bb9
2024-09-30 11:46:51,62,18248f005b7493422ea25abcce7179b6d01446ebce2f14824bfbdbbe7f402bb9
2024-09-30 11:46:55,62,18248f005b7493422ea25abcce7179b6d01446ebce2f14824bfbdbbe7f402bb9
2024-09-30 11:46:56,62,18248f005b7493422ea25abcce7179b6d01446ebce2f14824bfbdbbe7f402bb9
2024-09-30 11:46:57,62,18248f005b7493422ea25abcce7179b6d01446ebce2f14824bfbdbbe7f402bb9
2024-09-30 11:47:02,62,18248f005b7493422ea25abcce7179b6d01446ebce2f14824bfbdbbe7f402bb9
2024-09-30 11:47:02,62,18248f005b7493422ea25abcce7179b6d01446ebce2f14824bfbdbbe7f402bb9
2024-09-30 11:47:03,62,92dec0a03d236b1673c65fd213be5f229f5bd4074d40b53ff471c1af5b5a99bb
2024-09-30 11:47:03,62,18248f005b7493422ea25abcce7179b6d01446ebce2f14824bfbdbbe7f402bb9
2024-09-30 11:47:03,62,18248f005b7493422ea25abcce7179b6d01446ebce2f14824bfbdbbe7f402bb9
2024-09-30 11:47:05,62,18248f005b7493422ea25abcce7179b6d01446ebce2f14824bfbdbbe7f402bb9
2024-09-30 11:47:07,62,18248f005b7493422ea25abcce7179b6d01446ebce2f14824bfbdbbe7f402bb9
2024-09-30 11:47:07,62,18248f005b7493422ea25abcce7179b6d01446ebce2f14824bfbdbbe7f402bb9
2024-09-30 11:47:11,62,18248f005b7493422ea25abcce7179b6d01446ebce2f14824bfbdbbe7f402bb9
2024-09-30 11:47:11,62,18248f005b7493422ea25abcce7179b6d01446ebce2f14824bfbdbbe7f402bb9
2024-09-30 11:47:12,62,18248f005b7493422ea25abcce7179b6d01446ebce2f14824bfbdbbe7f402bb9
2024-09-30 11:47:14,62,18248f005b7493422ea25abcce7179b6d01446ebce2f14824bfbdbbe7f402bb9
2024-09-30 11:47:14,62,18248f005b7493422ea25abcce7179b6d01446ebce2f14824bfbdbbe7f402bb9
2024-09-30 11:47:15,62,18248f005b7493422ea25abcce7179b6d01446ebce2f14824bfbdbbe7f402bb9
2024-09-30 11:47:15,62,18248f005b7493422ea25abcce7179b6d01446ebce2f14824bfbdbbe7f402bb9
2024-09-30 11:47:16,62,18248f005b7493422ea25abcce7179b6d01446ebce2f14824bfbdbbe7f402bb9
2024-09-30 11:47:18,62,18248f005b7493422ea25abcce7179b6d01446ebce2f14824bfbdbbe7f402bb9
2024-09-30 11:47:18,62,18248f005b7493422ea25abcce7179b6d01446ebce2f14824bfbdbbe7f402bb9
2024-09-30 11:47:18,62,18248f005b7493422ea25abcce7179b6d01446ebce2f14824bfbdbbe7f402bb9
2024-09-30 11:47:23,62,dfba5538503c3766141e6e9c00ab0763c4ceebda26f95e18ea3df2557edff2ca
2024-09-30 11:47:23,62,dfba5538503c3766141e6e9c00ab0763c4ceebda26f95e18ea3df2557edff2ca
2024-09-30 11:47:24,62,dfba5538503c3766141e6e9c00ab0763c4ceebda26f95e18ea3df2557edff2ca
2024-09-30 11:47:30,62,ac6bdf2d5686dae420b8fa528fcc9b72514a3cbbdca201fadac306c2091d9b0c
2024-09-30 11:47:30,62,ac6bdf2d5686dae420b8fa528fcc9b72514a3cbbdca201fadac306c2091d9b0c
2024-09-30 11:47:30,62,ac6bdf2d5686dae420b8fa528fcc9b72514a3cbbdca201fadac306c2091d9b0c
2024-09-30 11:47:39,62,18248f005b7493422ea25abcce7179b6d01446ebce2f14824bfbdbbe7f402bb9
2024-09-30 11:47:39,62,18248f005b7493422ea25abcce7179b6d01446ebce2f14824bfbdbbe7f402bb9
2024-09-30 11:47:44,62,18248f005b7493422ea25abcce7179b6d01446ebce2f14824bfbdbbe7f402bb9
2024-09-30 11:47:44,62,18248f005b7493422ea25abcce7179b6d01446ebce2f14824bfbdbbe7f402bb9
2024-09-30 11:47:44,62,18248f005b7493422ea25abcce7179b6d01446ebce2f14824bfbdbbe7f402bb9
2024-09-30 11:47:46,62,18248f005b7493422ea25abcce7179b6d01446ebce2f14824bfbdbbe7f402bb9
2024-09-30 11:47:46,62,18248f005b7493422ea25abcce7179b6d01446ebce2f14824bfbdbbe7f402bb9
2024-09-30 11:47:46,62,18248f005b7493422ea25abcce7179b6d01446ebce2f14824bfbdbbe7f402bb9
2024-09-30 11:47:47,62,18248f005b7493422ea25abcce7179b6d01446ebce2f14824bfbdbbe7f402bb9
2024-09-30 11:47:47,62,18248f005b7493422ea25abcce7179b6d01446ebce2f14824bfbdbbe7f402bb9
2024-09-30 11:47:49,62,18248f005b7493422ea25abcce7179b6d01446ebce2f14824bfbdbbe7f402bb9
2024-09-30 11:47:49,62,18248f005b7493422ea25abcce7179b6d01446ebce2f14824bfbdbbe7f402bb9
2024-09-30 11:47:56,62,18248f005b7493422ea25abcce7179b6d01446ebce2f14824bfbdbbe7f402bb9
2024-09-30 11:47:56,62,18248f005b7493422ea25abcce7179b6d01446ebce2f14824bfbdbbe7f402bb9
2024-09-30 11:47:56,62,18248f005b7493422ea25abcce7179b6d01446ebce2f14824bfbdbbe7f402bb9
2024-09-30 11:47:58,62,18248f005b7493422ea25abcce7179b6d01446ebce2f14824bfbdbbe7f402bb9
2024-09-30 11:47:59,62,01fbae127e8db09da74812bde292eb77d2a68a7897a5571bb7c33ad12264102a
2024-09-30 11:47:59,62,01fbae127e8db09da74812bde292eb77d2a68a7897a5571bb7c33ad12264102a
2024-09-30 11:48:00,62,01fbae127e8db09da74812bde292eb77d2a68a7897a5571bb7c33ad12264102a
2024-09-30 11:48:05,62,d6ac3dc7025d979bb0c4c3ce3595a77ef65a87579d3bb84a3e00ecdc315f7e12
2024-09-30 11:48:11,62,18248f005b7493422ea25abcce7179b6d01446ebce2f14824bfbdbbe7f402bb9
2024-09-30 11:48:11,62,18248f005b7493422ea25abcce7179b6d01446ebce2f14824bfbdbbe7f402bb9
2024-09-30 11:48:13,62,18248f005b7493422ea25abcce7179b6d01446ebce2f14824bfbdbbe7f402bb9
2024-09-30 11:48:13,62,18248f005b7493422ea25abcce7179b6d01446ebce2f14824bfbdbbe7f402bb9
2024-09-30 11:48:13,62,18248f005b7493422ea25abcce7179b6d01446ebce2f14824bfbdbbe7f402bb9
2024-09-30 11:48:14,62,18248f005b7493422ea25abcce7179b6d01446ebce2f14824bfbdbbe7f402bb9
2024-09-30 11:48:14,62,18248f005b7493422ea25abcce7179b6d01446ebce2f14824bfbdbbe7f402bb9
2024-09-30 11:48:14,62,18248f005b7493422ea25abcce7179b6d01446ebce2f14824bfbdbbe7f402bb9
2024-09-30 11:48:14,62,18248f005b7493422ea25abcce7179b6d01446ebce2f14824bfbdbbe7f402bb9
2024-09-30 11:48:15,62,18248f005b7493422ea25abcce7179b6d01446ebce2f14824bfbdbbe7f402bb9
2024-09-30 11:48:15,62,18248f005b7493422ea25abcce7179b6d01446ebce2f14824bfbdbbe7f402bb9
2024-09-30 11:48:17,62,18248f005b7493422ea25abcce7179b6d01446ebce2f14824bfbdbbe7f402bb9
2024-09-30 11:48:17,62,18248f005b7493422ea25abcce7179b6d01446ebce2f14824bfbdbbe7f402bb9
2024-09-30 11:48:17,62,18248f005b7493422ea25abcce7179b6d01446ebce2f14824bfbdbbe7f402bb9
2024-09-30 11:48:17,62,18248f005b7493422ea25abcce7179b6d01446ebce2f14824bfbdbbe7f402bb9
2024-09-30 11:48:18,62,18248f005b7493422ea25abcce7179b6d01446ebce2f14824bfbdbbe7f402bb9
2024-09-30 11:48:18,62,18248f005b7493422ea25abcce7179b6d01446ebce2f14824bfbdbbe7f402bb9
2024-09-30 11:48:18,62,18248f005b7493422ea25abcce7179b6d01446ebce2f14824bfbdbbe7f402bb9
2024-09-30 11:48:18,62,18248f005b7493422ea25abcce7179b6d01446ebce2f14824bfbdbbe7f402bb9
2024-09-30 11:48:19,62,18248f005b7493422ea25abcce7179b6d01446ebce2f14824bfbdbbe7f402bb9
2024-09-30 11:48:19,62,18248f005b7493422ea25abcce7179b6d01446ebce2f14824bfbdbbe7f402bb9
2024-09-30 11:48:19,62,18248f005b7493422ea25abcce7179b6d01446ebce2f14824bfbdbbe7f402bb9
2024-09-30 11:48:20,62,18248f005b7493422ea25abcce7179b6d01446ebce2f14824bfbdbbe7f402bb9
2024-09-30 11:48:20,62,18248f005b7493422ea25abcce7179b6d01446ebce2f14824bfbdbbe7f402bb9
2024-09-30 11:48:21,62,18248f005b7493422ea25abcce7179b6d01446ebce2f14824bfbdbbe7f402bb9
2024-09-30 11:48:21,62,18248f005b7493422ea25abcce7179b6d01446ebce2f14824bfbdbbe7f402bb9
2024-09-30 11:48:21,62,18248f005b7493422ea25abcce7179b6d01446ebce2f14824bfbdbbe7f402bb9
2024-09-30 11:48:21,62,18248f005b7493422ea25abcce7179b6d01446ebce2f14824bfbdbbe7f402bb9
2024-09-30 11:48:24,62,18248f005b7493422ea25abcce7179b6d01446ebce2f14824bfbdbbe7f402bb9
2024-09-30 11:48:25,62,18248f005b7493422ea25abcce7179b6d01446ebce2f14824bfbdbbe7f402bb9
2024-09-30 11:48:25,62,18248f005b7493422ea25abcce7179b6d01446ebce2f14824bfbdbbe7f402bb9
2024-09-30 11:48:25,62,18248f005b7493422ea25abcce7179b6d01446ebce2f14824bfbdbbe7f402bb9
2024-09-30 11:48:25,62,18248f005b7493422ea25abcce7179b6d01446ebce2f14824bfbdbbe7f402bb9
2024-09-30 11:48:25,62,18248f005b7493422ea25abcce7179b6d01446ebce2f14824bfbdbbe7f402bb9
2024-09-30 11:48:27,62,18248f005b7493422ea25abcce7179b6d01446ebce2f14824bfbdbbe7f402bb9
2024-09-30 11:48:27,62,18248f005b7493422ea25abcce7179b6d01446ebce2f14824bfbdbbe7f402bb9
2024-09-30 11:48:28,62,18248f005b7493422ea25abcce7179b6d01446ebce2f14824bfbdbbe7f402bb9
2024-09-30 11:48:28,62,18248f005b7493422ea25abcce7179b6d01446ebce2f14824bfbdbbe7f402bb9
2024-09-30 11:48:29,62,18248f005b7493422ea25abcce7179b6d01446ebce2f14824bfbdbbe7f402bb9
2024-09-30 11:48:29,62,18248f005b7493422ea25abcce7179b6d01446ebce2f14824bfbdbbe7f402bb9
2024-09-30 11:48:31,62,18248f005b7493422ea25abcce7179b6d01446ebce2f14824bfbdbbe7f402bb9
2024-09-30 11:48:31,62,18248f005b7493422ea25abcce7179b6d01446ebce2f14824bfbdbbe7f402bb9
2024-09-30 11:48:36,62,18248f005b7493422ea25abcce7179b6d01446ebce2f14824bfbdbbe7f402bb9
2024-09-30 11:48:36,62,18248f005b7493422ea25abcce7179b6d01446ebce2f14824bfbdbbe7f402bb9
2024-09-30 11:48:37,62,ac6bdf2d5686dae420b8fa528fcc9b72514a3cbbdca201fadac306c2091d9b0c
2024-09-30 11:48:37,62,ac6bdf2d5686dae420b8fa528fcc9b72514a3cbbdca201fadac306c2091d9b0c
2024-09-30 11:48:38,62,18248f005b7493422ea25abcce7179b6d01446ebce2f14824bfbdbbe7f402bb9
2024-09-30 11:48:38,62,18248f005b7493422ea25abcce7179b6d01446ebce2f14824bfbdbbe7f402bb9
2024-09-30 11:48:38,62,18248f005b7493422ea25abcce7179b6d01446ebce2f14824bfbdbbe7f402bb9
2024-09-30 11:48:38,62,18248f005b7493422ea25abcce7179b6d01446ebce2f14824bfbdbbe7f402bb9
2024-09-30 11:48:40,62,f214df8686dde5873f6737cdf93909d29f9b61e55a05fd900714072e85e7e2d9
2024-09-30 11:48:40,62,f214df8686dde5873f6737cdf93909d29f9b61e55a05fd900714072e85e7e2d9
2024-09-30 11:48:40,62,f214df8686dde5873f6737cdf93909d29f9b61e55a05fd900714072e85e7e2d9
2024-09-30 11:48:43,62,18248f005b7493422ea25abcce7179b6d01446ebce2f14824bfbdbbe7f402bb9
2024-09-30 11:48:43,62,18248f005b7493422ea25abcce7179b6d01446ebce2f14824bfbdbbe7f402bb9
2024-09-30 11:48:43,62,18248f005b7493422ea25abcce7179b6d01446ebce2f14824bfbdbbe7f402bb9
2024-09-30 11:48:43,62,18248f005b7493422ea25abcce7179b6d01446ebce2f14824bfbdbbe7f402bb9
2024-09-30 11:48:45,62,18248f005b7493422ea25abcce7179b6d01446ebce2f14824bfbdbbe7f402bb9
2024-09-30 11:48:45,62,18248f005b7493422ea25abcce7179b6d01446ebce2f14824bfbdbbe7f402bb9
2024-09-30 11:48:45,62,18248f005b7493422ea25abcce7179b6d01446ebce2f14824bfbdbbe7f402bb9
2024-09-30 11:48:45,62,18248f005b7493422ea25abcce7179b6d01446ebce2f14824bfbdbbe7f402bb9
2024-09-30 11:48:53,62,18248f005b7493422ea25abcce7179b6d01446ebce2f14824bfbdbbe7f402bb9
2024-09-30 11:48:53,62,18248f005b7493422ea25abcce7179b6d01446ebce2f14824bfbdbbe7f402bb9
2024-09-30 11:48:54,62,18248f005b7493422ea25abcce7179b6d01446ebce2f14824bfbdbbe7f402bb9
2024-09-30 11:49:04,62,18248f005b7493422ea25abcce7179b6d01446ebce2f14824bfbdbbe7f402bb9
2024-09-30 11:49:04,62,18248f005b7493422ea25abcce7179b6d01446ebce2f14824bfbdbbe7f402bb9
2024-09-30 11:49:04,62,18248f005b7493422ea25abcce7179b6d01446ebce2f14824bfbdbbe7f402bb9
2024-09-30 11:49:06,62,18248f005b7493422ea25abcce7179b6d01446ebce2f14824bfbdbbe7f402bb9
2024-09-30 11:49:06,62,18248f005b7493422ea25abcce7179b6d01446ebce2f14824bfbdbbe7f402bb9
2024-09-30 11:49:11,62,18248f005b7493422ea25abcce7179b6d01446ebce2f14824bfbdbbe7f402bb9
2024-09-30 11:49:11,62,18248f005b7493422ea25abcce7179b6d01446ebce2f14824bfbdbbe7f402bb9
2024-09-30 11:49:11,62,18248f005b7493422ea25abcce7179b6d01446ebce2f14824bfbdbbe7f402bb9
2024-09-30 11:49:11,62,18248f005b7493422ea25abcce7179b6d01446ebce2f14824bfbdbbe7f402bb9
2024-09-30 11:49:11,62,18248f005b7493422ea25abcce7179b6d01446ebce2f14824bfbdbbe7f402bb9
2024-09-30 11:49:11,62,18248f005b7493422ea25abcce7179b6d01446ebce2f14824bfbdbbe7f402bb9
2024-09-30 11:49:12,62,18248f005b7493422ea25abcce7179b6d01446ebce2f14824bfbdbbe7f402bb9
2024-09-30 11:49:13,62,18248f005b7493422ea25abcce7179b6d01446ebce2f14824bfbdbbe7f402bb9
2024-09-30 11:49:13,62,18248f005b7493422ea25abcce7179b6d01446ebce2f14824bfbdbbe7f402bb9
2024-09-30 11:49:14,62,18248f005b7493422ea25abcce7179b6d01446ebce2f14824bfbdbbe7f402bb9
2024-09-30 11:49:14,62,18248f005b7493422ea25abcce7179b6d01446ebce2f14824bfbdbbe7f402bb9
2024-09-30 11:49:16,62,ac6bdf2d5686dae420b8fa528fcc9b72514a3cbbdca201fadac306c2091d9b0c
2024-09-30 11:49:16,62,18248f005b7493422ea25abcce7179b6d01446ebce2f14824bfbdbbe7f402bb9
2024-09-30 11:49:17,62,18248f005b7493422ea25abcce7179b6d01446ebce2f14824bfbdbbe7f402bb9
2024-09-30 11:49:18,62,18248f005b7493422ea25abcce7179b6d01446ebce2f14824bfbdbbe7f402bb9
2024-09-30 11:49:18,62,18248f005b7493422ea25abcce7179b6d01446ebce2f14824bfbdbbe7f402bb9
2024-09-30 11:49:18,62,18248f005b7493422ea25abcce7179b6d01446ebce2f14824bfbdbbe7f402bb9
2024-09-30 11:49:18,62,18248f005b7493422ea25abcce7179b6d01446ebce2f14824bfbdbbe7f402bb9
2024-09-30 11:49:20,62,18248f005b7493422ea25abcce7179b6d01446ebce2f14824bfbdbbe7f402bb9
2024-09-30 11:49:20,62,18248f005b7493422ea25abcce7179b6d01446ebce2f14824bfbdbbe7f402bb9
2024-09-30 11:49:20,62,18248f005b7493422ea25abcce7179b6d01446ebce2f14824bfbdbbe7f402bb9
2024-09-30 11:49:24,62,dfba5538503c3766141e6e9c00ab0763c4ceebda26f95e18ea3df2557edff2ca
2024-09-30 11:49:24,62,dfba5538503c3766141e6e9c00ab0763c4ceebda26f95e18ea3df2557edff2ca
2024-09-30 11:49:24,62,dfba5538503c3766141e6e9c00ab0763c4ceebda26f95e18ea3df2557edff2ca
2024-09-30 11:49:24,62,dfba5538503c3766141e6e9c00ab0763c4ceebda26f95e18ea3df2557edff2ca
2024-09-30 11:49:24,62,18248f005b7493422ea25abcce7179b6d01446ebce2f14824bfbdbbe7f402bb9
2024-09-30 11:49:25,62,18248f005b7493422ea25abcce7179b6d01446ebce2f14824bfbdbbe7f402bb9
2024-09-30 11:49:27,62,18248f005b7493422ea25abcce7179b6d01446ebce2f14824bfbdbbe7f402bb9
2024-09-30 11:49:30,62,18248f005b7493422ea25abcce7179b6d01446ebce2f14824bfbdbbe7f402bb9
2024-09-30 11:49:30,62,18248f005b7493422ea25abcce7179b6d01446ebce2f14824bfbdbbe7f402bb9
2024-09-30 11:49:33,62,18248f005b7493422ea25abcce7179b6d01446ebce2f14824bfbdbbe7f402bb9
2024-09-30 11:49:41,62,18248f005b7493422ea25abcce7179b6d01446ebce2f14824bfbdbbe7f402bb9
2024-09-30 11:49:41,62,18248f005b7493422ea25abcce7179b6d01446ebce2f14824bfbdbbe7f402bb9
2024-09-30 11:49:41,62,18248f005b7493422ea25abcce7179b6d01446ebce2f14824bfbdbbe7f402bb9
2024-09-30 11:49:46,62,18248f005b7493422ea25abcce7179b6d01446ebce2f14824bfbdbbe7f402bb9
2024-09-30 11:49:50,62,18248f005b7493422ea25abcce7179b6d01446ebce2f14824bfbdbbe7f402bb9
2024-09-30 11:49:53,62,18248f005b7493422ea25abcce7179b6d01446ebce2f14824bfbdbbe7f402bb9
2024-09-30 11:49:57,62,18248f005b7493422ea25abcce7179b6d01446ebce2f14824bfbdbbe7f402bb9
2024-09-30 11:49:58,62,18248f005b7493422ea25abcce7179b6d01446ebce2f14824bfbdbbe7f402bb9
2024-09-30 11:50:00,62,18248f005b7493422ea25abcce7179b6d01446ebce2f14824bfbdbbe7f402bb9
2024-09-30 11:50:00,62,18248f005b7493422ea25abcce7179b6d01446ebce2f14824bfbdbbe7f402bb9
2024-09-30 11:50:03,62,18248f005b7493422ea25abcce7179b6d01446ebce2f14824bfbdbbe7f402bb9
2024-09-30 11:50:04,62,18248f005b7493422ea25abcce7179b6d01446ebce2f14824bfbdbbe7f402bb9
2024-09-30 11:50:04,62,18248f005b7493422ea25abcce7179b6d01446ebce2f14824bfbdbbe7f402bb9
2024-09-30 11:50:04,62,18248f005b7493422ea25abcce7179b6d01446ebce2f14824bfbdbbe7f402bb9
2024-09-30 11:50:04,62,18248f005b7493422ea25abcce7179b6d01446ebce2f14824bfbdbbe7f402bb9
2024-09-30 11:50:14,62,18248f005b7493422ea25abcce7179b6d01446ebce2f14824bfbdbbe7f402bb9
2024-09-30 11:50:14,62,18248f005b7493422ea25abcce7179b6d01446ebce2f14824bfbdbbe7f402bb9
2024-09-30 11:50:14,62,18248f005b7493422ea25abcce7179b6d01446ebce2f14824bfbdbbe7f402bb9
2024-09-30 11:50:14,62,18248f005b7493422ea25abcce7179b6d01446ebce2f14824bfbdbbe7f402bb9
2024-09-30 11:50:28,62,18248f005b7493422ea25abcce7179b6d01446ebce2f14824bfbdbbe7f402bb9
2024-09-30 11:50:28,62,18248f005b7493422ea25abcce7179b6d01446ebce2f14824bfbdbbe7f402bb9
2024-09-30 11:50:28,62,18248f005b7493422ea25abcce7179b6d01446ebce2f14824bfbdbbe7f402bb9
2024-09-30 11:50:28,62,18248f005b7493422ea25abcce7179b6d01446ebce2f14824bfbdbbe7f402bb9
2024-09-30 11:50:28,62,18248f005b7493422ea25abcce7179b6d01446ebce2f14824bfbdbbe7f402bb9
2024-09-30 11:50:28,62,18248f005b7493422ea25abcce7179b6d01446ebce2f14824bfbdbbe7f402bb9
2024-09-30 11:50:28,62,18248f005b7493422ea25abcce7179b6d01446ebce2f14824bfbdbbe7f402bb9
2024-09-30 11:50:45,62,01fbae127e8db09da74812bde292eb77d2a68a7897a5571bb7c33ad12264102a
2024-09-30 11:50:46,62,01fbae127e8db09da74812bde292eb77d2a68a7897a5571bb7c33ad12264102a
2024-09-30 11:50:46,62,01fbae127e8db09da74812bde292eb77d2a68a7897a5571bb7c33ad12264102a
2024-09-30 11:50:46,62,01fbae127e8db09da74812bde292eb77d2a68a7897a5571bb7c33ad12264102a
2024-09-30 11:50:48,62,18248f005b7493422ea25abcce7179b6d01446ebce2f14824bfbdbbe7f402bb9
2024-09-30 11:50:48,62,18248f005b7493422ea25abcce7179b6d01446ebce2f14824bfbdbbe7f402bb9
2024-09-30 11:50:48,62,18248f005b7493422ea25abcce7179b6d01446ebce2f14824bfbdbbe7f402bb9
2024-09-30 11:50:48,62,18248f005b7493422ea25abcce7179b6d01446ebce2f14824bfbdbbe7f402bb9
2024-09-30 11:50:48,62,18248f005b7493422ea25abcce7179b6d01446ebce2f14824bfbdbbe7f402bb9
2024-09-30 11:50:53,62,ac6bdf2d5686dae420b8fa528fcc9b72514a3cbbdca201fadac306c2091d9b0c
2024-09-30 11:50:53,62,ac6bdf2d5686dae420b8fa528fcc9b72514a3cbbdca201fadac306c2091d9b0c
2024-09-30 11:50:54,62,ac6bdf2d5686dae420b8fa528fcc9b72514a3cbbdca201fadac306c2091d9b0c
2024-09-30 11:50:56,62,18248f005b7493422ea25abcce7179b6d01446ebce2f14824bfbdbbe7f402bb9
2024-09-30 11:51:13,62,ac6bdf2d5686dae420b8fa528fcc9b72514a3cbbdca201fadac306c2091d9b0c
2024-09-30 11:51:13,62,ac6bdf2d5686dae420b8fa528fcc9b72514a3cbbdca201fadac306c2091d9b0c
2024-09-30 11:51:13,62,ac6bdf2d5686dae420b8fa528fcc9b72514a3cbbdca201fadac306c2091d9b0c
2024-09-30 11:51:13,62,ac6bdf2d5686dae420b8fa528fcc9b72514a3cbbdca201fadac306c2091d9b0c
2024-09-30 11:51:15,62,ac6bdf2d5686dae420b8fa528fcc9b72514a3cbbdca201fadac306c2091d9b0c
2024-09-30 11:51:19,62,18248f005b7493422ea25abcce7179b6d01446ebce2f14824bfbdbbe7f402bb9
2024-09-30 11:51:22,62,18248f005b7493422ea25abcce7179b6d01446ebce2f14824bfbdbbe7f402bb9
2024-09-30 11:51:22,62,18248f005b7493422ea25abcce7179b6d01446ebce2f14824bfbdbbe7f402bb9
2024-09-30 11:51:22,62,18248f005b7493422ea25abcce7179b6d01446ebce2f14824bfbdbbe7f402bb9
2024-09-30 11:51:22,62,18248f005b7493422ea25abcce7179b6d01446ebce2f14824bfbdbbe7f402bb9
2024-09-30 11:51:25,62,18248f005b7493422ea25abcce7179b6d01446ebce2f14824bfbdbbe7f402bb9
2024-09-30 11:51:29,62,18248f005b7493422ea25abcce7179b6d01446ebce2f14824bfbdbbe7f402bb9
2024-09-30 11:51:33,62,ac6bdf2d5686dae420b8fa528fcc9b72514a3cbbdca201fadac306c2091d9b0c
2024-09-30 11:51:33,62,ac6bdf2d5686dae420b8fa528fcc9b72514a3cbbdca201fadac306c2091d9b0c
2024-09-30 11:51:37,62,18248f005b7493422ea25abcce7179b6d01446ebce2f14824bfbdbbe7f402bb9
2024-09-30 11:51:37,62,18248f005b7493422ea25abcce7179b6d01446ebce2f14824bfbdbbe7f402bb9
2024-09-30 11:51:39,62,18248f005b7493422ea25abcce7179b6d01446ebce2f14824bfbdbbe7f402bb9
2024-09-30 11:51:56,62,18248f005b7493422ea25abcce7179b6d01446ebce2f14824bfbdbbe7f402bb9
2024-09-30 11:51:57,62,18248f005b7493422ea25abcce7179b6d01446ebce2f14824bfbdbbe7f402bb9
2024-09-30 11:51:57,62,18248f005b7493422ea25abcce7179b6d01446ebce2f14824bfbdbbe7f402bb9
2024-09-30 11:51:57,62,18248f005b7493422ea25abcce7179b6d01446ebce2f14824bfbdbbe7f402bb9
2024-09-30 11:51:57,62,18248f005b7493422ea25abcce7179b6d01446ebce2f14824bfbdbbe7f402bb9
2024-09-30 11:51:57,62,18248f005b7493422ea25abcce7179b6d01446ebce2f14824bfbdbbe7f402bb9
2024-09-30 11:51:57,62,18248f005b7493422ea25abcce7179b6d01446ebce2f14824bfbdbbe7f402bb9
2024-09-30 11:51:57,62,18248f005b7493422ea25abcce7179b6d01446ebce2f14824bfbdbbe7f402bb9
2024-09-30 11:51:57,62,18248f005b7493422ea25abcce7179b6d01446ebce2f14824bfbdbbe7f402bb9
2024-09-30 11:51:57,62,18248f005b7493422ea25abcce7179b6d01446ebce2f14824bfbdbbe7f402bb9
2024-09-30 11:51:58,62,18248f005b7493422ea25abcce7179b6d01446ebce2f14824bfbdbbe7f402bb9
2024-09-30 11:52:05,62,18248f005b7493422ea25abcce7179b6d01446ebce2f14824bfbdbbe7f402bb9
2024-09-30 11:52:07,62,18248f005b7493422ea25abcce7179b6d01446ebce2f14824bfbdbbe7f402bb9
2024-09-30 11:52:07,62,18248f005b7493422ea25abcce7179b6d01446ebce2f14824bfbdbbe7f402bb9
2024-09-30 11:52:08,62,18248f005b7493422ea25abcce7179b6d01446ebce2f14824bfbdbbe7f402bb9
2024-09-30 11:52:08,62,18248f005b7493422ea25abcce7179b6d01446ebce2f14824bfbdbbe7f402bb9
2024-09-30 11:52:08,62,18248f005b7493422ea25abcce7179b6d01446ebce2f14824bfbdbbe7f402bb9
2024-09-30 11:52:09,62,18248f005b7493422ea25abcce7179b6d01446ebce2f14824bfbdbbe7f402bb9
2024-09-30 11:52:10,62,18248f005b7493422ea25abcce7179b6d01446ebce2f14824bfbdbbe7f402bb9
2024-09-30 11:52:10,62,18248f005b7493422ea25abcce7179b6d01446ebce2f14824bfbdbbe7f402bb9
2024-09-30 11:52:11,62,18248f005b7493422ea25abcce7179b6d01446ebce2f14824bfbdbbe7f402bb9
2024-09-30 11:52:11,62,18248f005b7493422ea25abcce7179b6d01446ebce2f14824bfbdbbe7f402bb9
2024-09-30 11:52:15,62,18248f005b7493422ea25abcce7179b6d01446ebce2f14824bfbdbbe7f402bb9
2024-09-30 11:52:15,62,18248f005b7493422ea25abcce7179b6d01446ebce2f14824bfbdbbe7f402bb9
2024-09-30 11:52:16,62,18248f005b7493422ea25abcce7179b6d01446ebce2f14824bfbdbbe7f402bb9
2024-09-30 11:52:16,62,18248f005b7493422ea25abcce7179b6d01446ebce2f14824bfbdbbe7f402bb9
2024-09-30 11:52:16,62,18248f005b7493422ea25abcce7179b6d01446ebce2f14824bfbdbbe7f402bb9
2024-09-30 11:52:20,62,18248f005b7493422ea25abcce7179b6d01446ebce2f14824bfbdbbe7f402bb9
2024-09-30 11:52:22,62,18248f005b7493422ea25abcce7179b6d01446ebce2f14824bfbdbbe7f402bb9
2024-09-30 11:52:22,62,18248f005b7493422ea25abcce7179b6d01446ebce2f14824bfbdbbe7f402bb9
2024-09-30 11:52:22,62,18248f005b7493422ea25abcce7179b6d01446ebce2f14824bfbdbbe7f402bb9
2024-09-30 11:52:22,62,18248f005b7493422ea25abcce7179b6d01446ebce2f14824bfbdbbe7f402bb9
2024-09-30 11:52:23,62,18248f005b7493422ea25abcce7179b6d01446ebce2f14824bfbdbbe7f402bb9
2024-09-30 11:52:23,62,18248f005b7493422ea25abcce7179b6d01446ebce2f14824bfbdbbe7f402bb9
2024-09-30 11:52:29,62,18248f005b7493422ea25abcce7179b6d01446ebce2f14824bfbdbbe7f402bb9
2024-09-30 11:52:29,62,18248f005b7493422ea25abcce7179b6d01446ebce2f14824bfbdbbe7f402bb9
2024-09-30 11:52:31,62,18248f005b7493422ea25abcce7179b6d01446ebce2f14824bfbdbbe7f402bb9
2024-09-30 11:52:31,62,18248f005b7493422ea25abcce7179b6d01446ebce2f14824bfbdbbe7f402bb9
2024-09-30 11:52:31,62,18248f005b7493422ea25abcce7179b6d01446ebce2f14824bfbdbbe7f402bb9
2024-09-30 11:52:33,62,01fbae127e8db09da74812bde292eb77d2a68a7897a5571bb7c33ad12264102a
2024-09-30 11:52:33,62,01fbae127e8db09da74812bde292eb77d2a68a7897a5571bb7c33ad12264102a
2024-09-30 11:52:33,62,01fbae127e8db09da74812bde292eb77d2a68a7897a5571bb7c33ad12264102a
2024-09-30 11:52:33,62,01fbae127e8db09da74812bde292eb77d2a68a7897a5571bb7c33ad12264102a
2024-09-30 11:52:33,62,01fbae127e8db09da74812bde292eb77d2a68a7897a5571bb7c33ad12264102a
2024-09-30 11:52:33,62,01fbae127e8db09da74812bde292eb77d2a68a7897a5571bb7c33ad12264102a
2024-09-30 11:52:33,62,01fbae127e8db09da74812bde292eb77d2a68a7897a5571bb7c33ad12264102a
2024-09-30 11:52:34,62,01fbae127e8db09da74812bde292eb77d2a68a7897a5571bb7c33ad12264102a
2024-09-30 11:52:37,62,18248f005b7493422ea25abcce7179b6d01446ebce2f14824bfbdbbe7f402bb9
2024-09-30 11:52:37,62,18248f005b7493422ea25abcce7179b6d01446ebce2f14824bfbdbbe7f402bb9
2024-09-30 11:52:37,62,18248f005b7493422ea25abcce7179b6d01446ebce2f14824bfbdbbe7f402bb9
2024-09-30 11:52:37,62,18248f005b7493422ea25abcce7179b6d01446ebce2f14824bfbdbbe7f402bb9
2024-09-30 11:52:41,62,18248f005b7493422ea25abcce7179b6d01446ebce2f14824bfbdbbe7f402bb9
2024-09-30 11:52:48,62,18248f005b7493422ea25abcce7179b6d01446ebce2f14824bfbdbbe7f402bb9
2024-09-30 11:52:55,62,18248f005b7493422ea25abcce7179b6d01446ebce2f14824bfbdbbe7f402bb9
2024-09-30 11:52:59,62,18248f005b7493422ea25abcce7179b6d01446ebce2f14824bfbdbbe7f402bb9
2024-09-30 11:52:59,62,18248f005b7493422ea25abcce7179b6d01446ebce2f14824bfbdbbe7f402bb9
2024-09-30 11:53:00,62,18248f005b7493422ea25abcce7179b6d01446ebce2f14824bfbdbbe7f402bb9
2024-09-30 11:53:00,62,18248f005b7493422ea25abcce7179b6d01446ebce2f14824bfbdbbe7f402bb9
2024-09-30 11:53:02,62,18248f005b7493422ea25abcce7179b6d01446ebce2f14824bfbdbbe7f402bb9
2024-09-30 11:53:08,62,066d942808e21887ac5e425e15f479de3a999eac76ffe8ef8e304b716b4db14c
2024-09-30 11:53:17,62,18248f005b7493422ea25abcce7179b6d01446ebce2f14824bfbdbbe7f402bb9
2024-09-30 11:53:20,62,c81372ca9529ddeb87790ff76f6745ec6870bc09bcdd705d8da7bfde78aed086
2024-09-30 11:53:20,62,c81372ca9529ddeb87790ff76f6745ec6870bc09bcdd705d8da7bfde78aed086
2024-09-30 11:53:20,62,c81372ca9529ddeb87790ff76f6745ec6870bc09bcdd705d8da7bfde78aed086
2024-09-30 11:53:20,62,c81372ca9529ddeb87790ff76f6745ec6870bc09bcdd705d8da7bfde78aed086
2024-09-30 11:53:20,62,c81372ca9529ddeb87790ff76f6745ec6870bc09bcdd705d8da7bfde78aed086
2024-09-30 11:53:20,62,c81372ca9529ddeb87790ff76f6745ec6870bc09bcdd705d8da7bfde78aed086
2024-09-30 11:53:20,62,c81372ca9529ddeb87790ff76f6745ec6870bc09bcdd705d8da7bfde78aed086
2024-09-30 11:53:20,62,c81372ca9529ddeb87790ff76f6745ec6870bc09bcdd705d8da7bfde78aed086
2024-09-30 11:53:20,62,c81372ca9529ddeb87790ff76f6745ec6870bc09bcdd705d8da7bfde78aed086
2024-09-30 11:53:20,62,c81372ca9529ddeb87790ff76f6745ec6870bc09bcdd705d8da7bfde78aed086
2024-09-30 11:53:20,62,c81372ca9529ddeb87790ff76f6745ec6870bc09bcdd705d8da7bfde78aed086
2024-09-30 11:53:20,62,c81372ca9529ddeb87790ff76f6745ec6870bc09bcdd705d8da7bfde78aed086
2024-09-30 11:53:20,62,c81372ca9529ddeb87790ff76f6745ec6870bc09bcdd705d8da7bfde78aed086
2024-09-30 11:53:20,62,c81372ca9529ddeb87790ff76f6745ec6870bc09bcdd705d8da7bfde78aed086
2024-09-30 11:53:20,62,c81372ca9529ddeb87790ff76f6745ec6870bc09bcdd705d8da7bfde78aed086
2024-09-30 11:53:28,62,066d942808e21887ac5e425e15f479de3a999eac76ffe8ef8e304b716b4db14c
2024-09-30 11:53:28,62,066d942808e21887ac5e425e15f479de3a999eac76ffe8ef8e304b716b4db14c
2024-09-30 11:53:31,62,18248f005b7493422ea25abcce7179b6d01446ebce2f14824bfbdbbe7f402bb9
2024-09-30 11:53:38,62,066d942808e21887ac5e425e15f479de3a999eac76ffe8ef8e304b716b4db14c
2024-09-30 11:53:38,62,066d942808e21887ac5e425e15f479de3a999eac76ffe8ef8e304b716b4db14c
2024-09-30 11:53:46,62,18248f005b7493422ea25abcce7179b6d01446ebce2f14824bfbdbbe7f402bb9
2024-09-30 11:53:47,62,18248f005b7493422ea25abcce7179b6d01446ebce2f14824bfbdbbe7f402bb9
2024-09-30 11:53:47,62,18248f005b7493422ea25abcce7179b6d01446ebce2f14824bfbdbbe7f402bb9
2024-09-30 11:53:48,62,18248f005b7493422ea25abcce7179b6d01446ebce2f14824bfbdbbe7f402bb9
2024-09-30 11:53:48,62,18248f005b7493422ea25abcce7179b6d01446ebce2f14824bfbdbbe7f402bb9
2024-09-30 11:53:48,62,066d942808e21887ac5e425e15f479de3a999eac76ffe8ef8e304b716b4db14c
2024-09-30 11:53:48,62,066d942808e21887ac5e425e15f479de3a999eac76ffe8ef8e304b716b4db14c
2024-09-30 11:53:48,62,18248f005b7493422ea25abcce7179b6d01446ebce2f14824bfbdbbe7f402bb9
2024-09-30 11:53:49,62,18248f005b7493422ea25abcce7179b6d01446ebce2f14824bfbdbbe7f402bb9
2024-09-30 11:53:53,62,18248f005b7493422ea25abcce7179b6d01446ebce2f14824bfbdbbe7f402bb9
2024-09-30 11:53:53,62,18248f005b7493422ea25abcce7179b6d01446ebce2f14824bfbdbbe7f402bb9
2024-09-30 11:53:58,62,066d942808e21887ac5e425e15f479de3a999eac76ffe8ef8e304b716b4db14c
2024-09-30 11:53:58,62,066d942808e21887ac5e425e15f479de3a999eac76ffe8ef8e304b716b4db14c
2024-09-30 11:53:58,62,066d942808e21887ac5e425e15f479de3a999eac76ffe8ef8e304b716b4db14c
2024-09-30 11:53:58,62,18248f005b7493422ea25abcce7179b6d01446ebce2f14824bfbdbbe7f402bb9
2024-09-30 11:53:58,62,066d942808e21887ac5e425e15f479de3a999eac76ffe8ef8e304b716b4db14c
2024-09-30 11:54:04,62,18248f005b7493422ea25abcce7179b6d01446ebce2f14824bfbdbbe7f402bb9
2024-09-30 11:54:04,62,18248f005b7493422ea25abcce7179b6d01446ebce2f14824bfbdbbe7f402bb9
2024-09-30 11:54:08,62,066d942808e21887ac5e425e15f479de3a999eac76ffe8ef8e304b716b4db14c
2024-09-30 11:54:08,62,066d942808e21887ac5e425e15f479de3a999eac76ffe8ef8e304b716b4db14c
2024-09-30 11:54:08,62,066d942808e21887ac5e425e15f479de3a999eac76ffe8ef8e304b716b4db14c
2024-09-30 11:54:13,62,18248f005b7493422ea25abcce7179b6d01446ebce2f14824bfbdbbe7f402bb9
2024-09-30 11:54:22,62,18248f005b7493422ea25abcce7179b6d01446ebce2f14824bfbdbbe7f402bb9
2024-09-30 11:54:22,62,18248f005b7493422ea25abcce7179b6d01446ebce2f14824bfbdbbe7f402bb9
2024-09-30 11:54:22,62,18248f005b7493422ea25abcce7179b6d01446ebce2f14824bfbdbbe7f402bb9
2024-09-30 11:54:24,62,18248f005b7493422ea25abcce7179b6d01446ebce2f14824bfbdbbe7f402bb9
2024-09-30 11:54:24,62,18248f005b7493422ea25abcce7179b6d01446ebce2f14824bfbdbbe7f402bb9
2024-09-30 11:54:24,62,18248f005b7493422ea25abcce7179b6d01446ebce2f14824bfbdbbe7f402bb9
2024-09-30 11:54:24,62,18248f005b7493422ea25abcce7179b6d01446ebce2f14824bfbdbbe7f402bb9
2024-09-30 11:54:28,62,18248f005b7493422ea25abcce7179b6d01446ebce2f14824bfbdbbe7f402bb9
2024-09-30 11:54:28,62,18248f005b7493422ea25abcce7179b6d01446ebce2f14824bfbdbbe7f402bb9
2024-09-30 11:54:29,62,b259ad7b374273c26bec3567023bb3cef7a54a76409fb3688a4ef5ae3e07d4ba
2024-09-30 11:54:40,62,18248f005b7493422ea25abcce7179b6d01446ebce2f14824bfbdbbe7f402bb9
2024-09-30 11:54:40,62,18248f005b7493422ea25abcce7179b6d01446ebce2f14824bfbdbbe7f402bb9
2024-09-30 11:54:40,62,18248f005b7493422ea25abcce7179b6d01446ebce2f14824bfbdbbe7f402bb9
2024-09-30 11:54:44,62,18248f005b7493422ea25abcce7179b6d01446ebce2f14824bfbdbbe7f402bb9
2024-09-30 11:54:45,62,18248f005b7493422ea25abcce7179b6d01446ebce2f14824bfbdbbe7f402bb9
2024-09-30 11:54:45,62,18248f005b7493422ea25abcce7179b6d01446ebce2f14824bfbdbbe7f402bb9
2024-09-30 11:54:45,62,18248f005b7493422ea25abcce7179b6d01446ebce2f14824bfbdbbe7f402bb9
2024-09-30 11:54:46,62,18248f005b7493422ea25abcce7179b6d01446ebce2f14824bfbdbbe7f402bb9
2024-09-30 11:55:01,62,18248f005b7493422ea25abcce7179b6d01446ebce2f14824bfbdbbe7f402bb9
2024-09-30 11:55:03,62,18248f005b7493422ea25abcce7179b6d01446ebce2f14824bfbdbbe7f402bb9
2024-09-30 11:55:03,62,18248f005b7493422ea25abcce7179b6d01446ebce2f14824bfbdbbe7f402bb9
2024-09-30 11:55:13,62,01fbae127e8db09da74812bde292eb77d2a68a7897a5571bb7c33ad12264102a
2024-09-30 11:55:13,62,01fbae127e8db09da74812bde292eb77d2a68a7897a5571bb7c33ad12264102a
2024-09-30 11:55:13,62,01fbae127e8db09da74812bde292eb77d2a68a7897a5571bb7c33ad12264102a
2024-09-30 11:55:14,62,01fbae127e8db09da74812bde292eb77d2a68a7897a5571bb7c33ad12264102a
2024-09-30 11:55:22,62,92dec0a03d236b1673c65fd213be5f229f5bd4074d40b53ff471c1af5b5a99bb
2024-09-30 11:55:22,62,18248f005b7493422ea25abcce7179b6d01446ebce2f14824bfbdbbe7f402bb9
2024-09-30 11:55:22,62,18248f005b7493422ea25abcce7179b6d01446ebce2f14824bfbdbbe7f402bb9
2024-09-30 11:55:22,62,18248f005b7493422ea25abcce7179b6d01446ebce2f14824bfbdbbe7f402bb9
2024-09-30 11:55:23,62,18248f005b7493422ea25abcce7179b6d01446ebce2f14824bfbdbbe7f402bb9
2024-09-30 11:55:26,62,18248f005b7493422ea25abcce7179b6d01446ebce2f14824bfbdbbe7f402bb9
2024-09-30 11:55:27,62,b259ad7b374273c26bec3567023bb3cef7a54a76409fb3688a4ef5ae3e07d4ba
2024-09-30 11:55:27,62,b259ad7b374273c26bec3567023bb3cef7a54a76409fb3688a4ef5ae3e07d4ba
2024-09-30 11:55:27,62,b259ad7b374273c26bec3567023bb3cef7a54a76409fb3688a4ef5ae3e07d4ba
2024-09-30 11:55:29,62,18248f005b7493422ea25abcce7179b6d01446ebce2f14824bfbdbbe7f402bb9
2024-09-30 11:55:29,62,18248f005b7493422ea25abcce7179b6d01446ebce2f14824bfbdbbe7f402bb9
2024-09-30 11:55:30,62,b259ad7b374273c26bec3567023bb3cef7a54a76409fb3688a4ef5ae3e07d4ba
2024-09-30 11:55:30,62,b259ad7b374273c26bec3567023bb3cef7a54a76409fb3688a4ef5ae3e07d4ba
2024-09-30 11:55:30,62,b259ad7b374273c26bec3567023bb3cef7a54a76409fb3688a4ef5ae3e07d4ba
2024-09-30 11:55:30,62,b259ad7b374273c26bec3567023bb3cef7a54a76409fb3688a4ef5ae3e07d4ba
2024-09-30 11:55:55,62,18248f005b7493422ea25abcce7179b6d01446ebce2f14824bfbdbbe7f402bb9
2024-09-30 11:55:55,62,18248f005b7493422ea25abcce7179b6d01446ebce2f14824bfbdbbe7f402bb9
2024-09-30 11:56:09,62,18248f005b7493422ea25abcce7179b6d01446ebce2f14824bfbdbbe7f402bb9
2024-09-30 11:56:09,62,18248f005b7493422ea25abcce7179b6d01446ebce2f14824bfbdbbe7f402bb9
2024-09-30 11:56:09,62,18248f005b7493422ea25abcce7179b6d01446ebce2f14824bfbdbbe7f402bb9
2024-09-30 11:56:16,62,18248f005b7493422ea25abcce7179b6d01446ebce2f14824bfbdbbe7f402bb9
2024-09-30 11:56:20,62,18248f005b7493422ea25abcce7179b6d01446ebce2f14824bfbdbbe7f402bb9
2024-09-30 11:56:20,62,18248f005b7493422ea25abcce7179b6d01446ebce2f14824bfbdbbe7f402bb9
2024-09-30 11:56:22,62,b259ad7b374273c26bec3567023bb3cef7a54a76409fb3688a4ef5ae3e07d4ba
2024-09-30 11:56:22,62,b259ad7b374273c26bec3567023bb3cef7a54a76409fb3688a4ef5ae3e07d4ba
2024-09-30 11:56:30,62,ac6bdf2d5686dae420b8fa528fcc9b72514a3cbbdca201fadac306c2091d9b0c
2024-09-30 11:56:30,62,ac6bdf2d5686dae420b8fa528fcc9b72514a3cbbdca201fadac306c2091d9b0c
2024-09-30 11:56:30,62,18248f005b7493422ea25abcce7179b6d01446ebce2f14824bfbdbbe7f402bb9
2024-09-30 11:56:31,62,18248f005b7493422ea25abcce7179b6d01446ebce2f14824bfbdbbe7f402bb9
2024-09-30 11:56:39,62,b259ad7b374273c26bec3567023bb3cef7a54a76409fb3688a4ef5ae3e07d4ba
2024-09-30 11:56:45,62,18248f005b7493422ea25abcce7179b6d01446ebce2f14824bfbdbbe7f402bb9
2024-09-30 11:56:51,62,18248f005b7493422ea25abcce7179b6d01446ebce2f14824bfbdbbe7f402bb9
2024-09-30 11:56:52,62,18248f005b7493422ea25abcce7179b6d01446ebce2f14824bfbdbbe7f402bb9
2024-09-30 11:56:52,62,18248f005b7493422ea25abcce7179b6d01446ebce2f14824bfbdbbe7f402bb9
2024-09-30 11:56:52,62,18248f005b7493422ea25abcce7179b6d01446ebce2f14824bfbdbbe7f402bb9
2024-09-30 11:56:52,62,18248f005b7493422ea25abcce7179b6d01446ebce2f14824bfbdbbe7f402bb9
2024-09-30 11:56:52,62,18248f005b7493422ea25abcce7179b6d01446ebce2f14824bfbdbbe7f402bb9
2024-09-30 11:56:57,62,18248f005b7493422ea25abcce7179b6d01446ebce2f14824bfbdbbe7f402bb9
2024-09-30 11:56:57,62,18248f005b7493422ea25abcce7179b6d01446ebce2f14824bfbdbbe7f402bb9
2024-09-30 11:56:57,62,18248f005b7493422ea25abcce7179b6d01446ebce2f14824bfbdbbe7f402bb9
2024-09-30 11:56:58,62,18248f005b7493422ea25abcce7179b6d01446ebce2f14824bfbdbbe7f402bb9
2024-09-30 11:57:04,62,18248f005b7493422ea25abcce7179b6d01446ebce2f14824bfbdbbe7f402bb9
2024-09-30 11:57:07,62,18248f005b7493422ea25abcce7179b6d01446ebce2f14824bfbdbbe7f402bb9
2024-09-30 11:57:08,62,d6ac3dc7025d979bb0c4c3ce3595a77ef65a87579d3bb84a3e00ecdc315f7e12
2024-09-30 11:57:08,62,d6ac3dc7025d979bb0c4c3ce3595a77ef65a87579d3bb84a3e00ecdc315f7e12
2024-09-30 11:57:08,62,d6ac3dc7025d979bb0c4c3ce3595a77ef65a87579d3bb84a3e00ecdc315f7e12
2024-09-30 11:57:08,62,d6ac3dc7025d979bb0c4c3ce3595a77ef65a87579d3bb84a3e00ecdc315f7e12
2024-09-30 11:57:10,62,18248f005b7493422ea25abcce7179b6d01446ebce2f14824bfbdbbe7f402bb9
2024-09-30 11:57:10,62,ac6bdf2d5686dae420b8fa528fcc9b72514a3cbbdca201fadac306c2091d9b0c
2024-09-30 11:57:17,62,18248f005b7493422ea25abcce7179b6d01446ebce2f14824bfbdbbe7f402bb9
2024-09-30 11:57:20,62,18248f005b7493422ea25abcce7179b6d01446ebce2f14824bfbdbbe7f402bb9
2024-09-30 11:57:24,62,18248f005b7493422ea25abcce7179b6d01446ebce2f14824bfbdbbe7f402bb9
2024-09-30 11:57:24,62,18248f005b7493422ea25abcce7179b6d01446ebce2f14824bfbdbbe7f402bb9
2024-09-30 11:57:24,62,18248f005b7493422ea25abcce7179b6d01446ebce2f14824bfbdbbe7f402bb9
2024-09-30 11:57:24,62,18248f005b7493422ea25abcce7179b6d01446ebce2f14824bfbdbbe7f402bb9
2024-09-30 11:57:28,62,18248f005b7493422ea25abcce7179b6d01446ebce2f14824bfbdbbe7f402bb9
2024-09-30 11:57:28,62,18248f005b7493422ea25abcce7179b6d01446ebce2f14824bfbdbbe7f402bb9
2024-09-30 11:57:31,62,18248f005b7493422ea25abcce7179b6d01446ebce2f14824bfbdbbe7f402bb9
2024-09-30 11:57:31,62,18248f005b7493422ea25abcce7179b6d01446ebce2f14824bfbdbbe7f402bb9
2024-09-30 11:57:42,62,18248f005b7493422ea25abcce7179b6d01446ebce2f14824bfbdbbe7f402bb9
2024-09-30 11:57:42,62,18248f005b7493422ea25abcce7179b6d01446ebce2f14824bfbdbbe7f402bb9
2024-09-30 11:57:42,62,18248f005b7493422ea25abcce7179b6d01446ebce2f14824bfbdbbe7f402bb9
2024-09-30 11:57:42,62,18248f005b7493422ea25abcce7179b6d01446ebce2f14824bfbdbbe7f402bb9
2024-09-30 11:57:45,62,18248f005b7493422ea25abcce7179b6d01446ebce2f14824bfbdbbe7f402bb9
2024-09-30 11:57:45,62,18248f005b7493422ea25abcce7179b6d01446ebce2f14824bfbdbbe7f402bb9
2024-09-30 11:57:46,62,18248f005b7493422ea25abcce7179b6d01446ebce2f14824bfbdbbe7f402bb9
2024-09-30 11:57:47,62,18248f005b7493422ea25abcce7179b6d01446ebce2f14824bfbdbbe7f402bb9
2024-09-30 11:57:47,62,18248f005b7493422ea25abcce7179b6d01446ebce2f14824bfbdbbe7f402bb9
2024-09-30 11:57:48,62,18248f005b7493422ea25abcce7179b6d01446ebce2f14824bfbdbbe7f402bb9
2024-09-30 11:57:48,62,18248f005b7493422ea25abcce7179b6d01446ebce2f14824bfbdbbe7f402bb9
2024-09-30 11:57:48,62,18248f005b7493422ea25abcce7179b6d01446ebce2f14824bfbdbbe7f402bb9
2024-09-30 11:57:48,62,18248f005b7493422ea25abcce7179b6d01446ebce2f14824bfbdbbe7f402bb9
2024-09-30 11:57:48,62,18248f005b7493422ea25abcce7179b6d01446ebce2f14824bfbdbbe7f402bb9
2024-09-30 11:57:48,62,18248f005b7493422ea25abcce7179b6d01446ebce2f14824bfbdbbe7f402bb9
2024-09-30 11:57:50,62,01fbae127e8db09da74812bde292eb77d2a68a7897a5571bb7c33ad12264102a
2024-09-30 11:57:50,62,01fbae127e8db09da74812bde292eb77d2a68a7897a5571bb7c33ad12264102a
2024-09-30 11:57:50,62,01fbae127e8db09da74812bde292eb77d2a68a7897a5571bb7c33ad12264102a
2024-09-30 11:57:50,62,01fbae127e8db09da74812bde292eb77d2a68a7897a5571bb7c33ad12264102a
2024-09-30 11:57:52,62,18248f005b7493422ea25abcce7179b6d01446ebce2f14824bfbdbbe7f402bb9
2024-09-30 11:57:52,62,18248f005b7493422ea25abcce7179b6d01446ebce2f14824bfbdbbe7f402bb9
2024-09-30 11:57:52,62,cfba6d7222bbf92b164d671d64dbb86d2a3794620612f31160f45204ddfe2c6c
2024-09-30 11:57:55,62,18248f005b7493422ea25abcce7179b6d01446ebce2f14824bfbdbbe7f402bb9
2024-09-30 11:57:55,62,18248f005b7493422ea25abcce7179b6d01446ebce2f14824bfbdbbe7f402bb9
2024-09-30 11:57:55,62,18248f005b7493422ea25abcce7179b6d01446ebce2f14824bfbdbbe7f402bb9
2024-09-30 11:57:55,62,18248f005b7493422ea25abcce7179b6d01446ebce2f14824bfbdbbe7f402bb9
2024-09-30 11:57:57,62,01fbae127e8db09da74812bde292eb77d2a68a7897a5571bb7c33ad12264102a
2024-09-30 11:57:57,62,01fbae127e8db09da74812bde292eb77d2a68a7897a5571bb7c33ad12264102a
2024-09-30 11:58:04,62,18248f005b7493422ea25abcce7179b6d01446ebce2f14824bfbdbbe7f402bb9
2024-09-30 11:58:04,62,18248f005b7493422ea25abcce7179b6d01446ebce2f14824bfbdbbe7f402bb9
2024-09-30 11:58:04,62,18248f005b7493422ea25abcce7179b6d01446ebce2f14824bfbdbbe7f402bb9
2024-09-30 11:58:04,62,18248f005b7493422ea25abcce7179b6d01446ebce2f14824bfbdbbe7f402bb9
2024-09-30 11:58:04,62,18248f005b7493422ea25abcce7179b6d01446ebce2f14824bfbdbbe7f402bb9
2024-09-30 11:58:04,62,18248f005b7493422ea25abcce7179b6d01446ebce2f14824bfbdbbe7f402bb9
2024-09-30 11:58:04,62,18248f005b7493422ea25abcce7179b6d01446ebce2f14824bfbdbbe7f402bb9
2024-09-30 11:58:07,62,01fbae127e8db09da74812bde292eb77d2a68a7897a5571bb7c33ad12264102a
2024-09-30 11:58:07,62,01fbae127e8db09da74812bde292eb77d2a68a7897a5571bb7c33ad12264102a
2024-09-30 11:58:08,62,01fbae127e8db09da74812bde292eb77d2a68a7897a5571bb7c33ad12264102a
2024-09-30 11:58:08,62,01fbae127e8db09da74812bde292eb77d2a68a7897a5571bb7c33ad12264102a
2024-09-30 11:58:08,62,d6ac3dc7025d979bb0c4c3ce3595a77ef65a87579d3bb84a3e00ecdc315f7e12
2024-09-30 11:58:08,62,d6ac3dc7025d979bb0c4c3ce3595a77ef65a87579d3bb84a3e00ecdc315f7e12
2024-09-30 11:58:09,62,18248f005b7493422ea25abcce7179b6d01446ebce2f14824bfbdbbe7f402bb9
2024-09-30 11:58:09,62,18248f005b7493422ea25abcce7179b6d01446ebce2f14824bfbdbbe7f402bb9
2024-09-30 11:58:09,62,18248f005b7493422ea25abcce7179b6d01446ebce2f14824bfbdbbe7f402bb9
2024-09-30 11:58:09,62,18248f005b7493422ea25abcce7179b6d01446ebce2f14824bfbdbbe7f402bb9
2024-09-30 11:58:10,62,18248f005b7493422ea25abcce7179b6d01446ebce2f14824bfbdbbe7f402bb9
2024-09-30 11:58:10,62,18248f005b7493422ea25abcce7179b6d01446ebce2f14824bfbdbbe7f402bb9
2024-09-30 11:58:10,62,18248f005b7493422ea25abcce7179b6d01446ebce2f14824bfbdbbe7f402bb9
2024-09-30 11:58:11,62,18248f005b7493422ea25abcce7179b6d01446ebce2f14824bfbdbbe7f402bb9
2024-09-30 11:58:12,62,18248f005b7493422ea25abcce7179b6d01446ebce2f14824bfbdbbe7f402bb9
2024-09-30 11:58:12,62,18248f005b7493422ea25abcce7179b6d01446ebce2f14824bfbdbbe7f402bb9
2024-09-30 11:58:12,62,18248f005b7493422ea25abcce7179b6d01446ebce2f14824bfbdbbe7f402bb9
2024-09-30 11:58:12,62,18248f005b7493422ea25abcce7179b6d01446ebce2f14824bfbdbbe7f402bb9
2024-09-30 11:58:13,62,92dec0a03d236b1673c65fd213be5f229f5bd4074d40b53ff471c1af5b5a99bb
2024-09-30 11:58:13,62,18248f005b7493422ea25abcce7179b6d01446ebce2f14824bfbdbbe7f402bb9
2024-09-30 11:58:13,62,18248f005b7493422ea25abcce7179b6d01446ebce2f14824bfbdbbe7f402bb9
2024-09-30 11:58:13,62,18248f005b7493422ea25abcce7179b6d01446ebce2f14824bfbdbbe7f402bb9
2024-09-30 11:58:13,62,18248f005b7493422ea25abcce7179b6d01446ebce2f14824bfbdbbe7f402bb9
2024-09-30 11:58:13,62,18248f005b7493422ea25abcce7179b6d01446ebce2f14824bfbdbbe7f402bb9
2024-09-30 11:58:13,62,18248f005b7493422ea25abcce7179b6d01446ebce2f14824bfbdbbe7f402bb9
2024-09-30 11:58:14,62,b259ad7b374273c26bec3567023bb3cef7a54a76409fb3688a4ef5ae3e07d4ba
2024-09-30 11:58:18,62,18248f005b7493422ea25abcce7179b6d01446ebce2f14824bfbdbbe7f402bb9
2024-09-30 11:58:18,62,18248f005b7493422ea25abcce7179b6d01446ebce2f14824bfbdbbe7f402bb9
2024-09-30 11:58:25,62,d6ac3dc7025d979bb0c4c3ce3595a77ef65a87579d3bb84a3e00ecdc315f7e12
2024-09-30 11:58:25,62,d6ac3dc7025d979bb0c4c3ce3595a77ef65a87579d3bb84a3e00ecdc315f7e12
2024-09-30 11:58:26,62,18248f005b7493422ea25abcce7179b6d01446ebce2f14824bfbdbbe7f402bb9
2024-09-30 11:58:26,62,18248f005b7493422ea25abcce7179b6d01446ebce2f14824bfbdbbe7f402bb9
2024-09-30 11:58:30,62,cfba6d7222bbf92b164d671d64dbb86d2a3794620612f31160f45204ddfe2c6c
2024-09-30 11:58:30,62,d6ac3dc7025d979bb0c4c3ce3595a77ef65a87579d3bb84a3e00ecdc315f7e12
2024-09-30 11:58:32,62,01fbae127e8db09da74812bde292eb77d2a68a7897a5571bb7c33ad12264102a
2024-09-30 11:58:32,62,01fbae127e8db09da74812bde292eb77d2a68a7897a5571bb7c33ad12264102a
2024-09-30 11:58:32,62,01fbae127e8db09da74812bde292eb77d2a68a7897a5571bb7c33ad12264102a
2024-09-30 11:58:32,62,01fbae127e8db09da74812bde292eb77d2a68a7897a5571bb7c33ad12264102a
2024-09-30 11:58:32,62,18248f005b7493422ea25abcce7179b6d01446ebce2f14824bfbdbbe7f402bb9
2024-09-30 11:58:32,62,01fbae127e8db09da74812bde292eb77d2a68a7897a5571bb7c33ad12264102a
2024-09-30 11:58:35,62,cfba6d7222bbf92b164d671d64dbb86d2a3794620612f31160f45204ddfe2c6c
2024-09-30 11:58:35,62,cfba6d7222bbf92b164d671d64dbb86d2a3794620612f31160f45204ddfe2c6c
2024-09-30 11:58:40,62,18248f005b7493422ea25abcce7179b6d01446ebce2f14824bfbdbbe7f402bb9
2024-09-30 11:58:40,62,18248f005b7493422ea25abcce7179b6d01446ebce2f14824bfbdbbe7f402bb9
2024-09-30 11:58:46,62,d6ac3dc7025d979bb0c4c3ce3595a77ef65a87579d3bb84a3e00ecdc315f7e12
2024-09-30 11:58:46,62,d6ac3dc7025d979bb0c4c3ce3595a77ef65a87579d3bb84a3e00ecdc315f7e12
2024-09-30 11:58:51,62,d6ac3dc7025d979bb0c4c3ce3595a77ef65a87579d3bb84a3e00ecdc315f7e12
2024-09-30 11:58:51,62,d6ac3dc7025d979bb0c4c3ce3595a77ef65a87579d3bb84a3e00ecdc315f7e12
2024-09-30 11:58:53,62,18248f005b7493422ea25abcce7179b6d01446ebce2f14824bfbdbbe7f402bb9
2024-09-30 11:58:54,62,18248f005b7493422ea25abcce7179b6d01446ebce2f14824bfbdbbe7f402bb9
2024-09-30 11:58:55,62,18248f005b7493422ea25abcce7179b6d01446ebce2f14824bfbdbbe7f402bb9
2024-09-30 11:58:55,62,18248f005b7493422ea25abcce7179b6d01446ebce2f14824bfbdbbe7f402bb9
2024-09-30 11:58:55,62,18248f005b7493422ea25abcce7179b6d01446ebce2f14824bfbdbbe7f402bb9
2024-09-30 11:58:56,62,b15fe80dece1da18e161eee747a6885f2dec5ed75a306c6dfc77dacec2f128cf
2024-09-30 11:58:56,62,b15fe80dece1da18e161eee747a6885f2dec5ed75a306c6dfc77dacec2f128cf
2024-09-30 11:59:02,62,18248f005b7493422ea25abcce7179b6d01446ebce2f14824bfbdbbe7f402bb9
2024-09-30 11:59:08,62,d6ac3dc7025d979bb0c4c3ce3595a77ef65a87579d3bb84a3e00ecdc315f7e12
2024-09-30 11:59:11,62,18248f005b7493422ea25abcce7179b6d01446ebce2f14824bfbdbbe7f402bb9
2024-09-30 11:59:11,62,18248f005b7493422ea25abcce7179b6d01446ebce2f14824bfbdbbe7f402bb9
2024-09-30 11:59:11,62,18248f005b7493422ea25abcce7179b6d01446ebce2f14824bfbdbbe7f402bb9
2024-09-30 11:59:11,62,18248f005b7493422ea25abcce7179b6d01446ebce2f14824bfbdbbe7f402bb9
2024-09-30 11:59:12,62,18248f005b7493422ea25abcce7179b6d01446ebce2f14824bfbdbbe7f402bb9
2024-09-30 11:59:12,62,18248f005b7493422ea25abcce7179b6d01446ebce2f14824bfbdbbe7f402bb9
2024-09-30 11:59:13,62,d6ac3dc7025d979bb0c4c3ce3595a77ef65a87579d3bb84a3e00ecdc315f7e12
2024-09-30 11:59:13,62,d6ac3dc7025d979bb0c4c3ce3595a77ef65a87579d3bb84a3e00ecdc315f7e12
2024-09-30 11:59:20,62,f214df8686dde5873f6737cdf93909d29f9b61e55a05fd900714072e85e7e2d9
2024-09-30 11:59:20,62,f214df8686dde5873f6737cdf93909d29f9b61e55a05fd900714072e85e7e2d9
2024-09-30 11:59:20,62,f214df8686dde5873f6737cdf93909d29f9b61e55a05fd900714072e85e7e2d9
2024-09-30 11:59:20,62,f214df8686dde5873f6737cdf93909d29f9b61e55a05fd900714072e85e7e2d9
2024-09-30 11:59:21,62,01fbae127e8db09da74812bde292eb77d2a68a7897a5571bb7c33ad12264102a
2024-09-30 11:59:21,62,01fbae127e8db09da74812bde292eb77d2a68a7897a5571bb7c33ad12264102a
2024-09-30 11:59:21,62,01fbae127e8db09da74812bde292eb77d2a68a7897a5571bb7c33ad12264102a
2024-09-30 11:59:24,62,18248f005b7493422ea25abcce7179b6d01446ebce2f14824bfbdbbe7f402bb9
2024-09-30 11:59:24,62,18248f005b7493422ea25abcce7179b6d01446ebce2f14824bfbdbbe7f402bb9
2024-09-30 11:59:26,62,18248f005b7493422ea25abcce7179b6d01446ebce2f14824bfbdbbe7f402bb9
2024-09-30 11:59:26,62,18248f005b7493422ea25abcce7179b6d01446ebce2f14824bfbdbbe7f402bb9
2024-09-30 11:59:26,62,18248f005b7493422ea25abcce7179b6d01446ebce2f14824bfbdbbe7f402bb9
2024-09-30 11:59:30,62,18248f005b7493422ea25abcce7179b6d01446ebce2f14824bfbdbbe7f402bb9
2024-09-30 11:59:30,62,ac6bdf2d5686dae420b8fa528fcc9b72514a3cbbdca201fadac306c2091d9b0c
2024-09-30 11:59:32,62,18248f005b7493422ea25abcce7179b6d01446ebce2f14824bfbdbbe7f402bb9
2024-09-30 11:59:32,62,18248f005b7493422ea25abcce7179b6d01446ebce2f14824bfbdbbe7f402bb9
2024-09-30 11:59:32,62,18248f005b7493422ea25abcce7179b6d01446ebce2f14824bfbdbbe7f402bb9
2024-09-30 11:59:32,62,18248f005b7493422ea25abcce7179b6d01446ebce2f14824bfbdbbe7f402bb9
2024-09-30 11:59:32,62,18248f005b7493422ea25abcce7179b6d01446ebce2f14824bfbdbbe7f402bb9
2024-09-30 11:59:32,62,18248f005b7493422ea25abcce7179b6d01446ebce2f14824bfbdbbe7f402bb9
2024-09-30 11:59:34,62,18248f005b7493422ea25abcce7179b6d01446ebce2f14824bfbdbbe7f402bb9
2024-09-30 11:59:34,62,18248f005b7493422ea25abcce7179b6d01446ebce2f14824bfbdbbe7f402bb9
2024-09-30 11:59:34,62,18248f005b7493422ea25abcce7179b6d01446ebce2f14824bfbdbbe7f402bb9
2024-09-30 11:59:34,62,18248f005b7493422ea25abcce7179b6d01446ebce2f14824bfbdbbe7f402bb9
2024-09-30 11:59:34,62,18248f005b7493422ea25abcce7179b6d01446ebce2f14824bfbdbbe7f402bb9
2024-09-30 11:59:36,62,18248f005b7493422ea25abcce7179b6d01446ebce2f14824bfbdbbe7f402bb9
2024-09-30 11:59:36,62,18248f005b7493422ea25abcce7179b6d01446ebce2f14824bfbdbbe7f402bb9
2024-09-30 11:59:36,62,18248f005b7493422ea25abcce7179b6d01446ebce2f14824bfbdbbe7f402bb9
2024-09-30 11:59:37,62,18248f005b7493422ea25abcce7179b6d01446ebce2f14824bfbdbbe7f402bb9
2024-09-30 11:59:37,62,18248f005b7493422ea25abcce7179b6d01446ebce2f14824bfbdbbe7f402bb9
2024-09-30 11:59:37,62,18248f005b7493422ea25abcce7179b6d01446ebce2f14824bfbdbbe7f402bb9
2024-09-30 11:59:37,62,18248f005b7493422ea25abcce7179b6d01446ebce2f14824bfbdbbe7f402bb9
2024-09-30 11:59:39,62,18248f005b7493422ea25abcce7179b6d01446ebce2f14824bfbdbbe7f402bb9
2024-09-30 11:59:40,62,92dec0a03d236b1673c65fd213be5f229f5bd4074d40b53ff471c1af5b5a99bb
2024-09-30 11:59:42,62,18248f005b7493422ea25abcce7179b6d01446ebce2f14824bfbdbbe7f402bb9
2024-09-30 11:59:49,62,60c4422cad386a910f9b02af24a893b0234895471867c9df5b7e166e3abb6814
2024-09-30 11:59:59,62,18248f005b7493422ea25abcce7179b6d01446ebce2f14824bfbdbbe7f402bb9
2024-09-30 12:00:03,62,18248f005b7493422ea25abcce7179b6d01446ebce2f14824bfbdbbe7f402bb9
2024-09-30 12:00:03,62,18248f005b7493422ea25abcce7179b6d01446ebce2f14824bfbdbbe7f402bb9
2024-09-30 12:00:05,62,18248f005b7493422ea25abcce7179b6d01446ebce2f14824bfbdbbe7f402bb9
2024-09-30 12:00:09,62,18248f005b7493422ea25abcce7179b6d01446ebce2f14824bfbdbbe7f402bb9
2024-09-30 12:00:09,62,18248f005b7493422ea25abcce7179b6d01446ebce2f14824bfbdbbe7f402bb9
2024-09-30 12:00:09,62,18248f005b7493422ea25abcce7179b6d01446ebce2f14824bfbdbbe7f402bb9
2024-09-30 12:00:09,62,18248f005b7493422ea25abcce7179b6d01446ebce2f14824bfbdbbe7f402bb9
2024-09-30 12:00:09,62,18248f005b7493422ea25abcce7179b6d01446ebce2f14824bfbdbbe7f402bb9
2024-09-30 12:00:09,62,18248f005b7493422ea25abcce7179b6d01446ebce2f14824bfbdbbe7f402bb9
2024-09-30 12:00:15,62,1ce76d6e4a399cefce3411adf26ebaad7b2ce5e646e97f4d4f477c1743777f08
2024-09-30 12:00:16,62,18248f005b7493422ea25abcce7179b6d01446ebce2f14824bfbdbbe7f402bb9
2024-09-30 12:00:17,62,92dec0a03d236b1673c65fd213be5f229f5bd4074d40b53ff471c1af5b5a99bb
2024-09-30 12:00:21,62,18248f005b7493422ea25abcce7179b6d01446ebce2f14824bfbdbbe7f402bb9
2024-09-30 12:00:28,62,18248f005b7493422ea25abcce7179b6d01446ebce2f14824bfbdbbe7f402bb9
2024-09-30 12:00:28,62,18248f005b7493422ea25abcce7179b6d01446ebce2f14824bfbdbbe7f402bb9
2024-09-30 12:00:28,62,18248f005b7493422ea25abcce7179b6d01446ebce2f14824bfbdbbe7f402bb9
2024-09-30 12:00:29,62,18248f005b7493422ea25abcce7179b6d01446ebce2f14824bfbdbbe7f402bb9
2024-09-30 12:00:30,62,18248f005b7493422ea25abcce7179b6d01446ebce2f14824bfbdbbe7f402bb9
2024-09-30 12:00:31,62,18248f005b7493422ea25abcce7179b6d01446ebce2f14824bfbdbbe7f402bb9
2024-09-30 12:00:31,62,18248f005b7493422ea25abcce7179b6d01446ebce2f14824bfbdbbe7f402bb9
2024-09-30 12:00:31,62,18248f005b7493422ea25abcce7179b6d01446ebce2f14824bfbdbbe7f402bb9
2024-09-30 12:00:31,62,18248f005b7493422ea25abcce7179b6d01446ebce2f14824bfbdbbe7f402bb9
2024-09-30 12:00:33,62,18248f005b7493422ea25abcce7179b6d01446ebce2f14824bfbdbbe7f402bb9
2024-09-30 12:00:37,62,18248f005b7493422ea25abcce7179b6d01446ebce2f14824bfbdbbe7f402bb9
2024-09-30 12:00:38,62,18248f005b7493422ea25abcce7179b6d01446ebce2f14824bfbdbbe7f402bb9
2024-09-30 12:00:52,62,18248f005b7493422ea25abcce7179b6d01446ebce2f14824bfbdbbe7f402bb9
2024-09-30 12:00:52,62,18248f005b7493422ea25abcce7179b6d01446ebce2f14824bfbdbbe7f402bb9
2024-09-30 12:00:52,62,18248f005b7493422ea25abcce7179b6d01446ebce2f14824bfbdbbe7f402bb9
2024-09-30 12:00:52,62,18248f005b7493422ea25abcce7179b6d01446ebce2f14824bfbdbbe7f402bb9
2024-09-30 12:00:55,62,18248f005b7493422ea25abcce7179b6d01446ebce2f14824bfbdbbe7f402bb9
2024-09-30 12:00:57,62,18248f005b7493422ea25abcce7179b6d01446ebce2f14824bfbdbbe7f402bb9
2024-09-30 12:00:57,62,18248f005b7493422ea25abcce7179b6d01446ebce2f14824bfbdbbe7f402bb9
2024-09-30 12:00:57,62,18248f005b7493422ea25abcce7179b6d01446ebce2f14824bfbdbbe7f402bb9
2024-09-30 12:01:05,62,18248f005b7493422ea25abcce7179b6d01446ebce2f14824bfbdbbe7f402bb9
2024-09-30 12:01:05,62,18248f005b7493422ea25abcce7179b6d01446ebce2f14824bfbdbbe7f402bb9
2024-09-30 12:01:05,62,18248f005b7493422ea25abcce7179b6d01446ebce2f14824bfbdbbe7f402bb9
2024-09-30 12:01:08,62,18248f005b7493422ea25abcce7179b6d01446ebce2f14824bfbdbbe7f402bb9
2024-09-30 12:01:12,62,18248f005b7493422ea25abcce7179b6d01446ebce2f14824bfbdbbe7f402bb9
2024-09-30 12:01:12,62,18248f005b7493422ea25abcce7179b6d01446ebce2f14824bfbdbbe7f402bb9
2024-09-30 12:01:15,62,18248f005b7493422ea25abcce7179b6d01446ebce2f14824bfbdbbe7f402bb9
2024-09-30 12:01:15,62,18248f005b7493422ea25abcce7179b6d01446ebce2f14824bfbdbbe7f402bb9
2024-09-30 12:01:15,62,18248f005b7493422ea25abcce7179b6d01446ebce2f14824bfbdbbe7f402bb9
2024-09-30 12:01:15,62,18248f005b7493422ea25abcce7179b6d01446ebce2f14824bfbdbbe7f402bb9
2024-09-30 12:01:18,62,18248f005b7493422ea25abcce7179b6d01446ebce2f14824bfbdbbe7f402bb9
2024-09-30 12:01:18,62,18248f005b7493422ea25abcce7179b6d01446ebce2f14824bfbdbbe7f402bb9
2024-09-30 12:01:18,62,18248f005b7493422ea25abcce7179b6d01446ebce2f14824bfbdbbe7f402bb9
2024-09-30 12:01:18,62,18248f005b7493422ea25abcce7179b6d01446ebce2f14824bfbdbbe7f402bb9
2024-09-30 12:01:20,62,18248f005b7493422ea25abcce7179b6d01446ebce2f14824bfbdbbe7f402bb9
2024-09-30 12:01:21,62,18248f005b7493422ea25abcce7179b6d01446ebce2f14824bfbdbbe7f402bb9
2024-09-30 12:01:21,62,18248f005b7493422ea25abcce7179b6d01446ebce2f14824bfbdbbe7f402bb9
2024-09-30 12:01:22,62,18248f005b7493422ea25abcce7179b6d01446ebce2f14824bfbdbbe7f402bb9
2024-09-30 12:01:22,62,18248f005b7493422ea25abcce7179b6d01446ebce2f14824bfbdbbe7f402bb9
2024-09-30 12:01:22,62,18248f005b7493422ea25abcce7179b6d01446ebce2f14824bfbdbbe7f402bb9
2024-09-30 12:01:22,62,18248f005b7493422ea25abcce7179b6d01446ebce2f14824bfbdbbe7f402bb9
2024-09-30 12:01:23,62,a481732aa8790e80df5e1492d659e927c77e359980607c62e1026390929be631
2024-09-30 12:01:23,62,a481732aa8790e80df5e1492d659e927c77e359980607c62e1026390929be631
2024-09-30 12:01:24,62,18248f005b7493422ea25abcce7179b6d01446ebce2f14824bfbdbbe7f402bb9
2024-09-30 12:01:34,62,18248f005b7493422ea25abcce7179b6d01446ebce2f14824bfbdbbe7f402bb9
2024-09-30 12:01:34,62,18248f005b7493422ea25abcce7179b6d01446ebce2f14824bfbdbbe7f402bb9
2024-09-30 12:01:43,62,18248f005b7493422ea25abcce7179b6d01446ebce2f14824bfbdbbe7f402bb9
2024-09-30 12:01:43,62,18248f005b7493422ea25abcce7179b6d01446ebce2f14824bfbdbbe7f402bb9
2024-09-30 12:01:48,62,18248f005b7493422ea25abcce7179b6d01446ebce2f14824bfbdbbe7f402bb9
2024-09-30 12:01:48,62,18248f005b7493422ea25abcce7179b6d01446ebce2f14824bfbdbbe7f402bb9
2024-09-30 12:01:49,62,18248f005b7493422ea25abcce7179b6d01446ebce2f14824bfbdbbe7f402bb9
2024-09-30 12:01:52,62,18248f005b7493422ea25abcce7179b6d01446ebce2f14824bfbdbbe7f402bb9
2024-09-30 12:01:52,62,18248f005b7493422ea25abcce7179b6d01446ebce2f14824bfbdbbe7f402bb9
2024-09-30 12:01:52,62,18248f005b7493422ea25abcce7179b6d01446ebce2f14824bfbdbbe7f402bb9
2024-09-30 12:01:52,62,18248f005b7493422ea25abcce7179b6d01446ebce2f14824bfbdbbe7f402bb9
2024-09-30 12:01:52,62,18248f005b7493422ea25abcce7179b6d01446ebce2f14824bfbdbbe7f402bb9
2024-09-30 12:01:52,62,18248f005b7493422ea25abcce7179b6d01446ebce2f14824bfbdbbe7f402bb9
2024-09-30 12:01:52,62,18248f005b7493422ea25abcce7179b6d01446ebce2f14824bfbdbbe7f402bb9
2024-09-30 12:01:54,62,18248f005b7493422ea25abcce7179b6d01446ebce2f14824bfbdbbe7f402bb9
2024-09-30 12:01:54,62,18248f005b7493422ea25abcce7179b6d01446ebce2f14824bfbdbbe7f402bb9
2024-09-30 12:01:56,62,18248f005b7493422ea25abcce7179b6d01446ebce2f14824bfbdbbe7f402bb9
2024-09-30 12:01:56,62,18248f005b7493422ea25abcce7179b6d01446ebce2f14824bfbdbbe7f402bb9
2024-09-30 12:01:56,62,18248f005b7493422ea25abcce7179b6d01446ebce2f14824bfbdbbe7f402bb9
2024-09-30 12:01:56,62,18248f005b7493422ea25abcce7179b6d01446ebce2f14824bfbdbbe7f402bb9
2024-09-30 12:01:56,62,18248f005b7493422ea25abcce7179b6d01446ebce2f14824bfbdbbe7f402bb9
2024-09-30 12:01:57,62,18248f005b7493422ea25abcce7179b6d01446ebce2f14824bfbdbbe7f402bb9
2024-09-30 12:01:57,62,18248f005b7493422ea25abcce7179b6d01446ebce2f14824bfbdbbe7f402bb9
2024-09-30 12:01:58,62,18248f005b7493422ea25abcce7179b6d01446ebce2f14824bfbdbbe7f402bb9
2024-09-30 12:01:58,62,18248f005b7493422ea25abcce7179b6d01446ebce2f14824bfbdbbe7f402bb9
2024-09-30 12:01:58,62,18248f005b7493422ea25abcce7179b6d01446ebce2f14824bfbdbbe7f402bb9
2024-09-30 12:01:58,62,18248f005b7493422ea25abcce7179b6d01446ebce2f14824bfbdbbe7f402bb9
2024-09-30 12:01:58,62,18248f005b7493422ea25abcce7179b6d01446ebce2f14824bfbdbbe7f402bb9
2024-09-30 12:01:58,62,18248f005b7493422ea25abcce7179b6d01446ebce2f14824bfbdbbe7f402bb9
2024-09-30 12:01:59,62,18248f005b7493422ea25abcce7179b6d01446ebce2f14824bfbdbbe7f402bb9
2024-09-30 12:01:59,62,18248f005b7493422ea25abcce7179b6d01446ebce2f14824bfbdbbe7f402bb9
2024-09-30 12:02:00,62,f214df8686dde5873f6737cdf93909d29f9b61e55a05fd900714072e85e7e2d9
2024-09-30 12:02:00,62,f214df8686dde5873f6737cdf93909d29f9b61e55a05fd900714072e85e7e2d9
2024-09-30 12:02:00,62,f214df8686dde5873f6737cdf93909d29f9b61e55a05fd900714072e85e7e2d9
2024-09-30 12:02:01,62,18248f005b7493422ea25abcce7179b6d01446ebce2f14824bfbdbbe7f402bb9
2024-09-30 12:02:02,62,18248f005b7493422ea25abcce7179b6d01446ebce2f14824bfbdbbe7f402bb9
2024-09-30 12:02:02,62,18248f005b7493422ea25abcce7179b6d01446ebce2f14824bfbdbbe7f402bb9
2024-09-30 12:02:02,62,18248f005b7493422ea25abcce7179b6d01446ebce2f14824bfbdbbe7f402bb9
2024-09-30 12:02:02,62,18248f005b7493422ea25abcce7179b6d01446ebce2f14824bfbdbbe7f402bb9
2024-09-30 12:02:03,62,18248f005b7493422ea25abcce7179b6d01446ebce2f14824bfbdbbe7f402bb9
2024-09-30 12:02:03,62,18248f005b7493422ea25abcce7179b6d01446ebce2f14824bfbdbbe7f402bb9
2024-09-30 12:02:03,62,18248f005b7493422ea25abcce7179b6d01446ebce2f14824bfbdbbe7f402bb9
2024-09-30 12:02:04,62,18248f005b7493422ea25abcce7179b6d01446ebce2f14824bfbdbbe7f402bb9
2024-09-30 12:02:04,62,18248f005b7493422ea25abcce7179b6d01446ebce2f14824bfbdbbe7f402bb9
2024-09-30 12:02:05,62,18248f005b7493422ea25abcce7179b6d01446ebce2f14824bfbdbbe7f402bb9
2024-09-30 12:02:05,62,18248f005b7493422ea25abcce7179b6d01446ebce2f14824bfbdbbe7f402bb9
2024-09-30 12:02:05,62,18248f005b7493422ea25abcce7179b6d01446ebce2f14824bfbdbbe7f402bb9
2024-09-30 12:02:05,62,18248f005b7493422ea25abcce7179b6d01446ebce2f14824bfbdbbe7f402bb9
2024-09-30 12:02:06,62,18248f005b7493422ea25abcce7179b6d01446ebce2f14824bfbdbbe7f402bb9
2024-09-30 12:02:06,62,18248f005b7493422ea25abcce7179b6d01446ebce2f14824bfbdbbe7f402bb9
2024-09-30 12:02:06,62,18248f005b7493422ea25abcce7179b6d01446ebce2f14824bfbdbbe7f402bb9
2024-09-30 12:02:06,62,01fbae127e8db09da74812bde292eb77d2a68a7897a5571bb7c33ad12264102a
2024-09-30 12:02:06,62,01fbae127e8db09da74812bde292eb77d2a68a7897a5571bb7c33ad12264102a
2024-09-30 12:02:07,62,01fbae127e8db09da74812bde292eb77d2a68a7897a5571bb7c33ad12264102a
2024-09-30 12:02:07,62,01fbae127e8db09da74812bde292eb77d2a68a7897a5571bb7c33ad12264102a
2024-09-30 12:02:08,62,18248f005b7493422ea25abcce7179b6d01446ebce2f14824bfbdbbe7f402bb9
2024-09-30 12:02:08,62,18248f005b7493422ea25abcce7179b6d01446ebce2f14824bfbdbbe7f402bb9
2024-09-30 12:02:09,62,18248f005b7493422ea25abcce7179b6d01446ebce2f14824bfbdbbe7f402bb9
2024-09-30 12:02:10,62,18248f005b7493422ea25abcce7179b6d01446ebce2f14824bfbdbbe7f402bb9
2024-09-30 12:02:13,62,18248f005b7493422ea25abcce7179b6d01446ebce2f14824bfbdbbe7f402bb9
2024-09-30 12:02:13,62,18248f005b7493422ea25abcce7179b6d01446ebce2f14824bfbdbbe7f402bb9
2024-09-30 12:02:13,62,18248f005b7493422ea25abcce7179b6d01446ebce2f14824bfbdbbe7f402bb9
2024-09-30 12:02:14,62,18248f005b7493422ea25abcce7179b6d01446ebce2f14824bfbdbbe7f402bb9
2024-09-30 12:02:14,62,18248f005b7493422ea25abcce7179b6d01446ebce2f14824bfbdbbe7f402bb9
2024-09-30 12:02:16,62,18248f005b7493422ea25abcce7179b6d01446ebce2f14824bfbdbbe7f402bb9
2024-09-30 12:02:16,62,18248f005b7493422ea25abcce7179b6d01446ebce2f14824bfbdbbe7f402bb9
2024-09-30 12:02:16,62,18248f005b7493422ea25abcce7179b6d01446ebce2f14824bfbdbbe7f402bb9
2024-09-30 12:02:16,62,18248f005b7493422ea25abcce7179b6d01446ebce2f14824bfbdbbe7f402bb9
2024-09-30 12:02:16,62,a481732aa8790e80df5e1492d659e927c77e359980607c62e1026390929be631
2024-09-30 12:02:16,62,18248f005b7493422ea25abcce7179b6d01446ebce2f14824bfbdbbe7f402bb9
2024-09-30 12:02:16,62,18248f005b7493422ea25abcce7179b6d01446ebce2f14824bfbdbbe7f402bb9
2024-09-30 12:02:16,62,18248f005b7493422ea25abcce7179b6d01446ebce2f14824bfbdbbe7f402bb9
2024-09-30 12:02:18,62,18248f005b7493422ea25abcce7179b6d01446ebce2f14824bfbdbbe7f402bb9
2024-09-30 12:02:21,62,18248f005b7493422ea25abcce7179b6d01446ebce2f14824bfbdbbe7f402bb9
2024-09-30 12:02:21,62,18248f005b7493422ea25abcce7179b6d01446ebce2f14824bfbdbbe7f402bb9
2024-09-30 12:02:23,62,18248f005b7493422ea25abcce7179b6d01446ebce2f14824bfbdbbe7f402bb9
2024-09-30 12:02:23,62,18248f005b7493422ea25abcce7179b6d01446ebce2f14824bfbdbbe7f402bb9
2024-09-30 12:02:23,62,18248f005b7493422ea25abcce7179b6d01446ebce2f14824bfbdbbe7f402bb9
2024-09-30 12:02:24,62,18248f005b7493422ea25abcce7179b6d01446ebce2f14824bfbdbbe7f402bb9
2024-09-30 12:02:24,62,18248f005b7493422ea25abcce7179b6d01446ebce2f14824bfbdbbe7f402bb9
2024-09-30 12:02:24,62,18248f005b7493422ea25abcce7179b6d01446ebce2f14824bfbdbbe7f402bb9
2024-09-30 12:02:26,62,18248f005b7493422ea25abcce7179b6d01446ebce2f14824bfbdbbe7f402bb9
2024-09-30 12:02:27,62,18248f005b7493422ea25abcce7179b6d01446ebce2f14824bfbdbbe7f402bb9
2024-09-30 12:02:27,62,18248f005b7493422ea25abcce7179b6d01446ebce2f14824bfbdbbe7f402bb9
2024-09-30 12:02:28,62,18248f005b7493422ea25abcce7179b6d01446ebce2f14824bfbdbbe7f402bb9
2024-09-30 12:02:28,62,18248f005b7493422ea25abcce7179b6d01446ebce2f14824bfbdbbe7f402bb9
2024-09-30 12:02:28,62,18248f005b7493422ea25abcce7179b6d01446ebce2f14824bfbdbbe7f402bb9
2024-09-30 12:02:30,62,18248f005b7493422ea25abcce7179b6d01446ebce2f14824bfbdbbe7f402bb9
2024-09-30 12:02:32,62,18248f005b7493422ea25abcce7179b6d01446ebce2f14824bfbdbbe7f402bb9
2024-09-30 12:02:32,62,18248f005b7493422ea25abcce7179b6d01446ebce2f14824bfbdbbe7f402bb9
2024-09-30 12:02:32,62,92dec0a03d236b1673c65fd213be5f229f5bd4074d40b53ff471c1af5b5a99bb
2024-09-30 12:02:33,62,18248f005b7493422ea25abcce7179b6d01446ebce2f14824bfbdbbe7f402bb9
2024-09-30 12:02:33,62,18248f005b7493422ea25abcce7179b6d01446ebce2f14824bfbdbbe7f402bb9
2024-09-30 12:02:33,62,18248f005b7493422ea25abcce7179b6d01446ebce2f14824bfbdbbe7f402bb9
2024-09-30 12:02:33,62,18248f005b7493422ea25abcce7179b6d01446ebce2f14824bfbdbbe7f402bb9
2024-09-30 12:02:33,62,18248f005b7493422ea25abcce7179b6d01446ebce2f14824bfbdbbe7f402bb9
2024-09-30 12:02:33,62,18248f005b7493422ea25abcce7179b6d01446ebce2f14824bfbdbbe7f402bb9
2024-09-30 12:02:40,62,18248f005b7493422ea25abcce7179b6d01446ebce2f14824bfbdbbe7f402bb9
2024-09-30 12:02:45,62,01fbae127e8db09da74812bde292eb77d2a68a7897a5571bb7c33ad12264102a
2024-09-30 12:02:45,62,01fbae127e8db09da74812bde292eb77d2a68a7897a5571bb7c33ad12264102a
2024-09-30 12:02:45,62,01fbae127e8db09da74812bde292eb77d2a68a7897a5571bb7c33ad12264102a
2024-09-30 12:02:45,62,01fbae127e8db09da74812bde292eb77d2a68a7897a5571bb7c33ad12264102a
2024-09-30 12:02:46,62,18248f005b7493422ea25abcce7179b6d01446ebce2f14824bfbdbbe7f402bb9
2024-09-30 12:02:48,62,18248f005b7493422ea25abcce7179b6d01446ebce2f14824bfbdbbe7f402bb9
2024-09-30 12:02:48,62,1afe1637b9f98883a0da64167b0f98da338c239c2ef656fc3ef95d01e9fa38ce
2024-09-30 12:02:48,62,1afe1637b9f98883a0da64167b0f98da338c239c2ef656fc3ef95d01e9fa38ce
2024-09-30 12:02:49,62,18248f005b7493422ea25abcce7179b6d01446ebce2f14824bfbdbbe7f402bb9
2024-09-30 12:02:50,62,18248f005b7493422ea25abcce7179b6d01446ebce2f14824bfbdbbe7f402bb9
2024-09-30 12:02:50,62,18248f005b7493422ea25abcce7179b6d01446ebce2f14824bfbdbbe7f402bb9
2024-09-30 12:02:50,62,18248f005b7493422ea25abcce7179b6d01446ebce2f14824bfbdbbe7f402bb9
2024-09-30 12:02:50,62,18248f005b7493422ea25abcce7179b6d01446ebce2f14824bfbdbbe7f402bb9
2024-09-30 12:02:53,62,92dec0a03d236b1673c65fd213be5f229f5bd4074d40b53ff471c1af5b5a99bb
2024-09-30 12:02:56,62,01fbae127e8db09da74812bde292eb77d2a68a7897a5571bb7c33ad12264102a
2024-09-30 12:02:56,62,18248f005b7493422ea25abcce7179b6d01446ebce2f14824bfbdbbe7f402bb9
2024-09-30 12:02:56,62,01fbae127e8db09da74812bde292eb77d2a68a7897a5571bb7c33ad12264102a
2024-09-30 12:02:56,62,01fbae127e8db09da74812bde292eb77d2a68a7897a5571bb7c33ad12264102a
2024-09-30 12:02:56,62,01fbae127e8db09da74812bde292eb77d2a68a7897a5571bb7c33ad12264102a
2024-09-30 12:02:57,62,18248f005b7493422ea25abcce7179b6d01446ebce2f14824bfbdbbe7f402bb9
2024-09-30 12:02:57,62,18248f005b7493422ea25abcce7179b6d01446ebce2f14824bfbdbbe7f402bb9
2024-09-30 12:02:57,62,18248f005b7493422ea25abcce7179b6d01446ebce2f14824bfbdbbe7f402bb9
2024-09-30 12:02:57,62,18248f005b7493422ea25abcce7179b6d01446ebce2f14824bfbdbbe7f402bb9
2024-09-30 12:02:59,62,60c4422cad386a910f9b02af24a893b0234895471867c9df5b7e166e3abb6814
2024-09-30 12:03:10,62,18248f005b7493422ea25abcce7179b6d01446ebce2f14824bfbdbbe7f402bb9
2024-09-30 12:03:10,62,18248f005b7493422ea25abcce7179b6d01446ebce2f14824bfbdbbe7f402bb9
2024-09-30 12:03:10,62,18248f005b7493422ea25abcce7179b6d01446ebce2f14824bfbdbbe7f402bb9
2024-09-30 12:03:16,62,18248f005b7493422ea25abcce7179b6d01446ebce2f14824bfbdbbe7f402bb9
2024-09-30 12:03:16,62,18248f005b7493422ea25abcce7179b6d01446ebce2f14824bfbdbbe7f402bb9
2024-09-30 12:03:21,62,18248f005b7493422ea25abcce7179b6d01446ebce2f14824bfbdbbe7f402bb9
2024-09-30 12:03:21,62,18248f005b7493422ea25abcce7179b6d01446ebce2f14824bfbdbbe7f402bb9
2024-09-30 12:03:22,62,18248f005b7493422ea25abcce7179b6d01446ebce2f14824bfbdbbe7f402bb9
2024-09-30 12:03:26,62,18248f005b7493422ea25abcce7179b6d01446ebce2f14824bfbdbbe7f402bb9
2024-09-30 12:03:26,62,18248f005b7493422ea25abcce7179b6d01446ebce2f14824bfbdbbe7f402bb9
2024-09-30 12:03:26,62,18248f005b7493422ea25abcce7179b6d01446ebce2f14824bfbdbbe7f402bb9
2024-09-30 12:03:27,62,18248f005b7493422ea25abcce7179b6d01446ebce2f14824bfbdbbe7f402bb9
2024-09-30 12:03:27,62,18248f005b7493422ea25abcce7179b6d01446ebce2f14824bfbdbbe7f402bb9
2024-09-30 12:03:29,62,18248f005b7493422ea25abcce7179b6d01446ebce2f14824bfbdbbe7f402bb9
2024-09-30 12:03:30,62,18248f005b7493422ea25abcce7179b6d01446ebce2f14824bfbdbbe7f402bb9
2024-09-30 12:03:30,62,18248f005b7493422ea25abcce7179b6d01446ebce2f14824bfbdbbe7f402bb9
2024-09-30 12:03:30,62,18248f005b7493422ea25abcce7179b6d01446ebce2f14824bfbdbbe7f402bb9
2024-09-30 12:03:38,62,18248f005b7493422ea25abcce7179b6d01446ebce2f14824bfbdbbe7f402bb9
2024-09-30 12:03:38,62,18248f005b7493422ea25abcce7179b6d01446ebce2f14824bfbdbbe7f402bb9
2024-09-30 12:03:38,62,18248f005b7493422ea25abcce7179b6d01446ebce2f14824bfbdbbe7f402bb9
2024-09-30 12:03:41,62,18248f005b7493422ea25abcce7179b6d01446ebce2f14824bfbdbbe7f402bb9
2024-09-30 12:03:41,62,18248f005b7493422ea25abcce7179b6d01446ebce2f14824bfbdbbe7f402bb9
2024-09-30 12:03:42,62,18248f005b7493422ea25abcce7179b6d01446ebce2f14824bfbdbbe7f402bb9
2024-09-30 12:03:42,62,18248f005b7493422ea25abcce7179b6d01446ebce2f14824bfbdbbe7f402bb9
2024-09-30 12:03:43,62,18248f005b7493422ea25abcce7179b6d01446ebce2f14824bfbdbbe7f402bb9
2024-09-30 12:03:43,62,18248f005b7493422ea25abcce7179b6d01446ebce2f14824bfbdbbe7f402bb9
2024-09-30 12:03:43,62,18248f005b7493422ea25abcce7179b6d01446ebce2f14824bfbdbbe7f402bb9
2024-09-30 12:03:45,62,18248f005b7493422ea25abcce7179b6d01446ebce2f14824bfbdbbe7f402bb9
2024-09-30 12:03:46,62,01fbae127e8db09da74812bde292eb77d2a68a7897a5571bb7c33ad12264102a
2024-09-30 12:03:46,62,01fbae127e8db09da74812bde292eb77d2a68a7897a5571bb7c33ad12264102a
2024-09-30 12:03:46,62,01fbae127e8db09da74812bde292eb77d2a68a7897a5571bb7c33ad12264102a
2024-09-30 12:03:46,62,01fbae127e8db09da74812bde292eb77d2a68a7897a5571bb7c33ad12264102a
2024-09-30 12:03:50,62,18248f005b7493422ea25abcce7179b6d01446ebce2f14824bfbdbbe7f402bb9
2024-09-30 12:03:51,62,18248f005b7493422ea25abcce7179b6d01446ebce2f14824bfbdbbe7f402bb9
2024-09-30 12:03:51,62,18248f005b7493422ea25abcce7179b6d01446ebce2f14824bfbdbbe7f402bb9
2024-09-30 12:03:52,62,18248f005b7493422ea25abcce7179b6d01446ebce2f14824bfbdbbe7f402bb9
2024-09-30 12:03:54,62,18248f005b7493422ea25abcce7179b6d01446ebce2f14824bfbdbbe7f402bb9
2024-09-30 12:03:55,62,18248f005b7493422ea25abcce7179b6d01446ebce2f14824bfbdbbe7f402bb9
2024-09-30 12:03:55,62,18248f005b7493422ea25abcce7179b6d01446ebce2f14824bfbdbbe7f402bb9
2024-09-30 12:04:00,62,18248f005b7493422ea25abcce7179b6d01446ebce2f14824bfbdbbe7f402bb9
2024-09-30 12:04:01,62,18248f005b7493422ea25abcce7179b6d01446ebce2f14824bfbdbbe7f402bb9
2024-09-30 12:04:01,62,18248f005b7493422ea25abcce7179b6d01446ebce2f14824bfbdbbe7f402bb9
2024-09-30 12:04:01,62,18248f005b7493422ea25abcce7179b6d01446ebce2f14824bfbdbbe7f402bb9
2024-09-30 12:04:01,62,18248f005b7493422ea25abcce7179b6d01446ebce2f14824bfbdbbe7f402bb9
2024-09-30 12:04:02,62,18248f005b7493422ea25abcce7179b6d01446ebce2f14824bfbdbbe7f402bb9
2024-09-30 12:04:02,62,18248f005b7493422ea25abcce7179b6d01446ebce2f14824bfbdbbe7f402bb9
2024-09-30 12:04:02,62,18248f005b7493422ea25abcce7179b6d01446ebce2f14824bfbdbbe7f402bb9
2024-09-30 12:04:03,62,18248f005b7493422ea25abcce7179b6d01446ebce2f14824bfbdbbe7f402bb9
2024-09-30 12:04:03,62,18248f005b7493422ea25abcce7179b6d01446ebce2f14824bfbdbbe7f402bb9
2024-09-30 12:04:03,62,18248f005b7493422ea25abcce7179b6d01446ebce2f14824bfbdbbe7f402bb9
2024-09-30 12:04:04,62,18248f005b7493422ea25abcce7179b6d01446ebce2f14824bfbdbbe7f402bb9
2024-09-30 12:04:05,62,18248f005b7493422ea25abcce7179b6d01446ebce2f14824bfbdbbe7f402bb9
2024-09-30 12:04:06,62,18248f005b7493422ea25abcce7179b6d01446ebce2f14824bfbdbbe7f402bb9
2024-09-30 12:04:06,62,18248f005b7493422ea25abcce7179b6d01446ebce2f14824bfbdbbe7f402bb9
2024-09-30 12:04:09,62,18248f005b7493422ea25abcce7179b6d01446ebce2f14824bfbdbbe7f402bb9
2024-09-30 12:04:09,62,18248f005b7493422ea25abcce7179b6d01446ebce2f14824bfbdbbe7f402bb9
2024-09-30 12:04:09,62,18248f005b7493422ea25abcce7179b6d01446ebce2f14824bfbdbbe7f402bb9
2024-09-30 12:04:09,62,18248f005b7493422ea25abcce7179b6d01446ebce2f14824bfbdbbe7f402bb9
2024-09-30 12:04:09,62,18248f005b7493422ea25abcce7179b6d01446ebce2f14824bfbdbbe7f402bb9
2024-09-30 12:04:14,62,01fbae127e8db09da74812bde292eb77d2a68a7897a5571bb7c33ad12264102a
2024-09-30 12:04:14,62,01fbae127e8db09da74812bde292eb77d2a68a7897a5571bb7c33ad12264102a
2024-09-30 12:04:14,62,01fbae127e8db09da74812bde292eb77d2a68a7897a5571bb7c33ad12264102a
2024-09-30 12:04:14,62,01fbae127e8db09da74812bde292eb77d2a68a7897a5571bb7c33ad12264102a
2024-09-30 12:04:16,62,18248f005b7493422ea25abcce7179b6d01446ebce2f14824bfbdbbe7f402bb9
2024-09-30 12:04:16,62,18248f005b7493422ea25abcce7179b6d01446ebce2f14824bfbdbbe7f402bb9
2024-09-30 12:04:16,62,18248f005b7493422ea25abcce7179b6d01446ebce2f14824bfbdbbe7f402bb9
2024-09-30 12:04:23,62,18248f005b7493422ea25abcce7179b6d01446ebce2f14824bfbdbbe7f402bb9
2024-09-30 12:04:24,62,18248f005b7493422ea25abcce7179b6d01446ebce2f14824bfbdbbe7f402bb9
2024-09-30 12:04:24,62,18248f005b7493422ea25abcce7179b6d01446ebce2f14824bfbdbbe7f402bb9
2024-09-30 12:04:30,62,18248f005b7493422ea25abcce7179b6d01446ebce2f14824bfbdbbe7f402bb9
2024-09-30 12:04:38,62,18248f005b7493422ea25abcce7179b6d01446ebce2f14824bfbdbbe7f402bb9
2024-09-30 12:04:40,62,f214df8686dde5873f6737cdf93909d29f9b61e55a05fd900714072e85e7e2d9
2024-09-30 12:04:40,62,f214df8686dde5873f6737cdf93909d29f9b61e55a05fd900714072e85e7e2d9
2024-09-30 12:04:40,62,f214df8686dde5873f6737cdf93909d29f9b61e55a05fd900714072e85e7e2d9
2024-09-30 12:04:42,62,18248f005b7493422ea25abcce7179b6d01446ebce2f14824bfbdbbe7f402bb9
2024-09-30 12:04:42,62,18248f005b7493422ea25abcce7179b6d01446ebce2f14824bfbdbbe7f402bb9
2024-09-30 12:04:43,62,18248f005b7493422ea25abcce7179b6d01446ebce2f14824bfbdbbe7f402bb9
2024-09-30 12:04:43,62,18248f005b7493422ea25abcce7179b6d01446ebce2f14824bfbdbbe7f402bb9
2024-09-30 12:04:43,62,18248f005b7493422ea25abcce7179b6d01446ebce2f14824bfbdbbe7f402bb9
2024-09-30 12:04:43,62,18248f005b7493422ea25abcce7179b6d01446ebce2f14824bfbdbbe7f402bb9
2024-09-30 12:04:43,62,18248f005b7493422ea25abcce7179b6d01446ebce2f14824bfbdbbe7f402bb9
2024-09-30 12:04:43,62,18248f005b7493422ea25abcce7179b6d01446ebce2f14824bfbdbbe7f402bb9
2024-09-30 12:04:43,62,18248f005b7493422ea25abcce7179b6d01446ebce2f14824bfbdbbe7f402bb9
2024-09-30 12:04:49,62,18248f005b7493422ea25abcce7179b6d01446ebce2f14824bfbdbbe7f402bb9
2024-09-30 12:04:49,62,18248f005b7493422ea25abcce7179b6d01446ebce2f14824bfbdbbe7f402bb9
2024-09-30 12:04:49,62,18248f005b7493422ea25abcce7179b6d01446ebce2f14824bfbdbbe7f402bb9
2024-09-30 12:04:49,62,18248f005b7493422ea25abcce7179b6d01446ebce2f14824bfbdbbe7f402bb9
2024-09-30 12:04:49,62,18248f005b7493422ea25abcce7179b6d01446ebce2f14824bfbdbbe7f402bb9
2024-09-30 12:04:52,62,18248f005b7493422ea25abcce7179b6d01446ebce2f14824bfbdbbe7f402bb9
2024-09-30 12:04:52,62,18248f005b7493422ea25abcce7179b6d01446ebce2f14824bfbdbbe7f402bb9
2024-09-30 12:04:52,62,18248f005b7493422ea25abcce7179b6d01446ebce2f14824bfbdbbe7f402bb9
2024-09-30 12:04:53,62,18248f005b7493422ea25abcce7179b6d01446ebce2f14824bfbdbbe7f402bb9
2024-09-30 12:04:53,62,18248f005b7493422ea25abcce7179b6d01446ebce2f14824bfbdbbe7f402bb9
2024-09-30 12:04:54,62,18248f005b7493422ea25abcce7179b6d01446ebce2f14824bfbdbbe7f402bb9
2024-09-30 12:04:54,62,18248f005b7493422ea25abcce7179b6d01446ebce2f14824bfbdbbe7f402bb9
2024-09-30 12:04:59,62,18248f005b7493422ea25abcce7179b6d01446ebce2f14824bfbdbbe7f402bb9
2024-09-30 12:04:59,62,18248f005b7493422ea25abcce7179b6d01446ebce2f14824bfbdbbe7f402bb9
2024-09-30 12:04:59,62,18248f005b7493422ea25abcce7179b6d01446ebce2f14824bfbdbbe7f402bb9
2024-09-30 12:04:59,62,18248f005b7493422ea25abcce7179b6d01446ebce2f14824bfbdbbe7f402bb9
2024-09-30 12:05:04,62,18248f005b7493422ea25abcce7179b6d01446ebce2f14824bfbdbbe7f402bb9
2024-09-30 12:05:08,62,18248f005b7493422ea25abcce7179b6d01446ebce2f14824bfbdbbe7f402bb9
2024-09-30 12:05:08,62,18248f005b7493422ea25abcce7179b6d01446ebce2f14824bfbdbbe7f402bb9
2024-09-30 12:05:09,62,18248f005b7493422ea25abcce7179b6d01446ebce2f14824bfbdbbe7f402bb9
2024-09-30 12:05:09,62,18248f005b7493422ea25abcce7179b6d01446ebce2f14824bfbdbbe7f402bb9
2024-09-30 12:05:09,62,18248f005b7493422ea25abcce7179b6d01446ebce2f14824bfbdbbe7f402bb9
2024-09-30 12:05:15,62,18248f005b7493422ea25abcce7179b6d01446ebce2f14824bfbdbbe7f402bb9
2024-09-30 12:05:15,62,18248f005b7493422ea25abcce7179b6d01446ebce2f14824bfbdbbe7f402bb9
2024-09-30 12:05:15,62,18248f005b7493422ea25abcce7179b6d01446ebce2f14824bfbdbbe7f402bb9
2024-09-30 12:05:16,62,18248f005b7493422ea25abcce7179b6d01446ebce2f14824bfbdbbe7f402bb9
2024-09-30 12:05:16,62,18248f005b7493422ea25abcce7179b6d01446ebce2f14824bfbdbbe7f402bb9
2024-09-30 12:05:16,62,18248f005b7493422ea25abcce7179b6d01446ebce2f14824bfbdbbe7f402bb9
2024-09-30 12:05:20,62,18248f005b7493422ea25abcce7179b6d01446ebce2f14824bfbdbbe7f402bb9
2024-09-30 12:05:25,62,18248f005b7493422ea25abcce7179b6d01446ebce2f14824bfbdbbe7f402bb9
2024-09-30 12:05:25,62,18248f005b7493422ea25abcce7179b6d01446ebce2f14824bfbdbbe7f402bb9
2024-09-30 12:05:25,62,18248f005b7493422ea25abcce7179b6d01446ebce2f14824bfbdbbe7f402bb9
2024-09-30 12:05:25,62,18248f005b7493422ea25abcce7179b6d01446ebce2f14824bfbdbbe7f402bb9
2024-09-30 12:05:25,62,3901688d33322be8e6e95730a2d46b3b729d303d6507bd4ac75095ad5a7df8e8
2024-09-30 12:05:28,62,18248f005b7493422ea25abcce7179b6d01446ebce2f14824bfbdbbe7f402bb9
2024-09-30 12:05:30,62,ac6bdf2d5686dae420b8fa528fcc9b72514a3cbbdca201fadac306c2091d9b0c
2024-09-30 12:05:30,62,ac6bdf2d5686dae420b8fa528fcc9b72514a3cbbdca201fadac306c2091d9b0c
2024-09-30 12:05:30,62,18248f005b7493422ea25abcce7179b6d01446ebce2f14824bfbdbbe7f402bb9
2024-09-30 12:05:30,62,18248f005b7493422ea25abcce7179b6d01446ebce2f14824bfbdbbe7f402bb9
2024-09-30 12:05:30,62,18248f005b7493422ea25abcce7179b6d01446ebce2f14824bfbdbbe7f402bb9
2024-09-30 12:05:31,62,18248f005b7493422ea25abcce7179b6d01446ebce2f14824bfbdbbe7f402bb9
2024-09-30 12:05:31,62,18248f005b7493422ea25abcce7179b6d01446ebce2f14824bfbdbbe7f402bb9
2024-09-30 12:05:36,62,01fbae127e8db09da74812bde292eb77d2a68a7897a5571bb7c33ad12264102a
2024-09-30 12:05:40,62,18248f005b7493422ea25abcce7179b6d01446ebce2f14824bfbdbbe7f402bb9
2024-09-30 12:05:41,62,18248f005b7493422ea25abcce7179b6d01446ebce2f14824bfbdbbe7f402bb9
2024-09-30 12:05:41,62,18248f005b7493422ea25abcce7179b6d01446ebce2f14824bfbdbbe7f402bb9
2024-09-30 12:05:44,62,01fbae127e8db09da74812bde292eb77d2a68a7897a5571bb7c33ad12264102a
2024-09-30 12:05:45,62,01fbae127e8db09da74812bde292eb77d2a68a7897a5571bb7c33ad12264102a
2024-09-30 12:05:45,62,01fbae127e8db09da74812bde292eb77d2a68a7897a5571bb7c33ad12264102a
2024-09-30 12:05:50,62,18248f005b7493422ea25abcce7179b6d01446ebce2f14824bfbdbbe7f402bb9
2024-09-30 12:05:56,62,18248f005b7493422ea25abcce7179b6d01446ebce2f14824bfbdbbe7f402bb9
2024-09-30 12:05:56,62,18248f005b7493422ea25abcce7179b6d01446ebce2f14824bfbdbbe7f402bb9
2024-09-30 12:05:57,62,18248f005b7493422ea25abcce7179b6d01446ebce2f14824bfbdbbe7f402bb9
2024-09-30 12:05:57,62,18248f005b7493422ea25abcce7179b6d01446ebce2f14824bfbdbbe7f402bb9
2024-09-30 12:05:57,62,18248f005b7493422ea25abcce7179b6d01446ebce2f14824bfbdbbe7f402bb9
2024-09-30 12:05:57,62,18248f005b7493422ea25abcce7179b6d01446ebce2f14824bfbdbbe7f402bb9
2024-09-30 12:05:57,62,18248f005b7493422ea25abcce7179b6d01446ebce2f14824bfbdbbe7f402bb9
2024-09-30 12:06:00,62,18248f005b7493422ea25abcce7179b6d01446ebce2f14824bfbdbbe7f402bb9
2024-09-30 12:06:00,62,18248f005b7493422ea25abcce7179b6d01446ebce2f14824bfbdbbe7f402bb9
2024-09-30 12:06:03,62,18248f005b7493422ea25abcce7179b6d01446ebce2f14824bfbdbbe7f402bb9
2024-09-30 12:06:03,62,18248f005b7493422ea25abcce7179b6d01446ebce2f14824bfbdbbe7f402bb9
2024-09-30 12:06:06,62,b259ad7b374273c26bec3567023bb3cef7a54a76409fb3688a4ef5ae3e07d4ba
2024-09-30 12:06:06,62,b259ad7b374273c26bec3567023bb3cef7a54a76409fb3688a4ef5ae3e07d4ba
2024-09-30 12:06:07,62,18248f005b7493422ea25abcce7179b6d01446ebce2f14824bfbdbbe7f402bb9
2024-09-30 12:06:07,62,18248f005b7493422ea25abcce7179b6d01446ebce2f14824bfbdbbe7f402bb9
2024-09-30 12:06:08,62,18248f005b7493422ea25abcce7179b6d01446ebce2f14824bfbdbbe7f402bb9
2024-09-30 12:06:08,62,18248f005b7493422ea25abcce7179b6d01446ebce2f14824bfbdbbe7f402bb9
2024-09-30 12:06:08,62,18248f005b7493422ea25abcce7179b6d01446ebce2f14824bfbdbbe7f402bb9
2024-09-30 12:06:08,62,18248f005b7493422ea25abcce7179b6d01446ebce2f14824bfbdbbe7f402bb9
2024-09-30 12:06:11,62,18248f005b7493422ea25abcce7179b6d01446ebce2f14824bfbdbbe7f402bb9
2024-09-30 12:06:11,62,18248f005b7493422ea25abcce7179b6d01446ebce2f14824bfbdbbe7f402bb9
2024-09-30 12:06:12,62,18248f005b7493422ea25abcce7179b6d01446ebce2f14824bfbdbbe7f402bb9
2024-09-30 12:06:12,62,18248f005b7493422ea25abcce7179b6d01446ebce2f14824bfbdbbe7f402bb9
2024-09-30 12:06:12,62,ac6bdf2d5686dae420b8fa528fcc9b72514a3cbbdca201fadac306c2091d9b0c
2024-09-30 12:06:12,62,ac6bdf2d5686dae420b8fa528fcc9b72514a3cbbdca201fadac306c2091d9b0c
2024-09-30 12:06:12,62,ac6bdf2d5686dae420b8fa528fcc9b72514a3cbbdca201fadac306c2091d9b0c
2024-09-30 12:06:12,62,ac6bdf2d5686dae420b8fa528fcc9b72514a3cbbdca201fadac306c2091d9b0c
2024-09-30 12:06:29,62,18248f005b7493422ea25abcce7179b6d01446ebce2f14824bfbdbbe7f402bb9
2024-09-30 12:06:31,62,18248f005b7493422ea25abcce7179b6d01446ebce2f14824bfbdbbe7f402bb9
2024-09-30 12:06:31,62,18248f005b7493422ea25abcce7179b6d01446ebce2f14824bfbdbbe7f402bb9
2024-09-30 12:06:45,62,18248f005b7493422ea25abcce7179b6d01446ebce2f14824bfbdbbe7f402bb9
2024-09-30 12:06:45,62,18248f005b7493422ea25abcce7179b6d01446ebce2f14824bfbdbbe7f402bb9
2024-09-30 12:06:45,62,18248f005b7493422ea25abcce7179b6d01446ebce2f14824bfbdbbe7f402bb9
2024-09-30 12:06:49,62,18248f005b7493422ea25abcce7179b6d01446ebce2f14824bfbdbbe7f402bb9
2024-09-30 12:06:52,62,18248f005b7493422ea25abcce7179b6d01446ebce2f14824bfbdbbe7f402bb9
2024-09-30 12:06:52,62,01fbae127e8db09da74812bde292eb77d2a68a7897a5571bb7c33ad12264102a
2024-09-30 12:06:52,62,01fbae127e8db09da74812bde292eb77d2a68a7897a5571bb7c33ad12264102a
2024-09-30 12:06:53,62,18248f005b7493422ea25abcce7179b6d01446ebce2f14824bfbdbbe7f402bb9
2024-09-30 12:06:53,62,01fbae127e8db09da74812bde292eb77d2a68a7897a5571bb7c33ad12264102a
2024-09-30 12:06:53,62,01fbae127e8db09da74812bde292eb77d2a68a7897a5571bb7c33ad12264102a
2024-09-30 12:06:53,62,01fbae127e8db09da74812bde292eb77d2a68a7897a5571bb7c33ad12264102a
2024-09-30 12:06:57,62,18248f005b7493422ea25abcce7179b6d01446ebce2f14824bfbdbbe7f402bb9
2024-09-30 12:06:57,62,18248f005b7493422ea25abcce7179b6d01446ebce2f14824bfbdbbe7f402bb9
2024-09-30 12:06:57,62,18248f005b7493422ea25abcce7179b6d01446ebce2f14824bfbdbbe7f402bb9
2024-09-30 12:06:57,62,18248f005b7493422ea25abcce7179b6d01446ebce2f14824bfbdbbe7f402bb9
2024-09-30 12:06:57,62,18248f005b7493422ea25abcce7179b6d01446ebce2f14824bfbdbbe7f402bb9
2024-09-30 12:06:57,62,18248f005b7493422ea25abcce7179b6d01446ebce2f14824bfbdbbe7f402bb9
2024-09-30 12:07:03,62,18248f005b7493422ea25abcce7179b6d01446ebce2f14824bfbdbbe7f402bb9
2024-09-30 12:07:03,62,18248f005b7493422ea25abcce7179b6d01446ebce2f14824bfbdbbe7f402bb9
2024-09-30 12:07:04,62,18248f005b7493422ea25abcce7179b6d01446ebce2f14824bfbdbbe7f402bb9
2024-09-30 12:07:04,62,18248f005b7493422ea25abcce7179b6d01446ebce2f14824bfbdbbe7f402bb9
2024-09-30 12:07:04,62,18248f005b7493422ea25abcce7179b6d01446ebce2f14824bfbdbbe7f402bb9
2024-09-30 12:07:04,62,18248f005b7493422ea25abcce7179b6d01446ebce2f14824bfbdbbe7f402bb9
2024-09-30 12:07:04,62,18248f005b7493422ea25abcce7179b6d01446ebce2f14824bfbdbbe7f402bb9
2024-09-30 12:07:06,62,18248f005b7493422ea25abcce7179b6d01446ebce2f14824bfbdbbe7f402bb9
2024-09-30 12:07:06,62,18248f005b7493422ea25abcce7179b6d01446ebce2f14824bfbdbbe7f402bb9
2024-09-30 12:07:08,62,18248f005b7493422ea25abcce7179b6d01446ebce2f14824bfbdbbe7f402bb9
2024-09-30 12:07:12,62,18248f005b7493422ea25abcce7179b6d01446ebce2f14824bfbdbbe7f402bb9
2024-09-30 12:07:12,62,18248f005b7493422ea25abcce7179b6d01446ebce2f14824bfbdbbe7f402bb9
2024-09-30 12:07:12,62,18248f005b7493422ea25abcce7179b6d01446ebce2f14824bfbdbbe7f402bb9
2024-09-30 12:07:16,62,18248f005b7493422ea25abcce7179b6d01446ebce2f14824bfbdbbe7f402bb9
2024-09-30 12:07:20,62,f214df8686dde5873f6737cdf93909d29f9b61e55a05fd900714072e85e7e2d9
2024-09-30 12:07:20,62,18248f005b7493422ea25abcce7179b6d01446ebce2f14824bfbdbbe7f402bb9
2024-09-30 12:07:22,62,18248f005b7493422ea25abcce7179b6d01446ebce2f14824bfbdbbe7f402bb9
2024-09-30 12:07:22,62,18248f005b7493422ea25abcce7179b6d01446ebce2f14824bfbdbbe7f402bb9
2024-09-30 12:07:24,62,b259ad7b374273c26bec3567023bb3cef7a54a76409fb3688a4ef5ae3e07d4ba
2024-09-30 12:07:32,62,18248f005b7493422ea25abcce7179b6d01446ebce2f14824bfbdbbe7f402bb9
2024-09-30 12:07:32,62,18248f005b7493422ea25abcce7179b6d01446ebce2f14824bfbdbbe7f402bb9
2024-09-30 12:07:35,62,18248f005b7493422ea25abcce7179b6d01446ebce2f14824bfbdbbe7f402bb9
2024-09-30 12:07:39,62,18248f005b7493422ea25abcce7179b6d01446ebce2f14824bfbdbbe7f402bb9
2024-09-30 12:07:39,62,18248f005b7493422ea25abcce7179b6d01446ebce2f14824bfbdbbe7f402bb9
2024-09-30 12:07:39,62,18248f005b7493422ea25abcce7179b6d01446ebce2f14824bfbdbbe7f402bb9
2024-09-30 12:07:39,62,18248f005b7493422ea25abcce7179b6d01446ebce2f14824bfbdbbe7f402bb9
2024-09-30 12:07:39,62,18248f005b7493422ea25abcce7179b6d01446ebce2f14824bfbdbbe7f402bb9
2024-09-30 12:07:40,62,01fbae127e8db09da74812bde292eb77d2a68a7897a5571bb7c33ad12264102a
2024-09-30 12:07:40,62,01fbae127e8db09da74812bde292eb77d2a68a7897a5571bb7c33ad12264102a
2024-09-30 12:07:45,62,18248f005b7493422ea25abcce7179b6d01446ebce2f14824bfbdbbe7f402bb9
2024-09-30 12:07:45,62,18248f005b7493422ea25abcce7179b6d01446ebce2f14824bfbdbbe7f402bb9
2024-09-30 12:07:46,62,18248f005b7493422ea25abcce7179b6d01446ebce2f14824bfbdbbe7f402bb9
2024-09-30 12:07:48,62,18248f005b7493422ea25abcce7179b6d01446ebce2f14824bfbdbbe7f402bb9
2024-09-30 12:07:48,62,18248f005b7493422ea25abcce7179b6d01446ebce2f14824bfbdbbe7f402bb9
2024-09-30 12:07:48,62,18248f005b7493422ea25abcce7179b6d01446ebce2f14824bfbdbbe7f402bb9
2024-09-30 12:07:49,62,18248f005b7493422ea25abcce7179b6d01446ebce2f14824bfbdbbe7f402bb9
2024-09-30 12:07:49,62,18248f005b7493422ea25abcce7179b6d01446ebce2f14824bfbdbbe7f402bb9
2024-09-30 12:07:49,62,18248f005b7493422ea25abcce7179b6d01446ebce2f14824bfbdbbe7f402bb9
2024-09-30 12:07:57,62,18248f005b7493422ea25abcce7179b6d01446ebce2f14824bfbdbbe7f402bb9
2024-09-30 12:07:57,62,18248f005b7493422ea25abcce7179b6d01446ebce2f14824bfbdbbe7f402bb9
2024-09-30 12:07:58,62,60c4422cad386a910f9b02af24a893b0234895471867c9df5b7e166e3abb6814
2024-09-30 12:07:58,62,60c4422cad386a910f9b02af24a893b0234895471867c9df5b7e166e3abb6814
2024-09-30 12:07:58,62,60c4422cad386a910f9b02af24a893b0234895471867c9df5b7e166e3abb6814
2024-09-30 12:08:04,62,01fbae127e8db09da74812bde292eb77d2a68a7897a5571bb7c33ad12264102a
2024-09-30 12:08:04,62,01fbae127e8db09da74812bde292eb77d2a68a7897a5571bb7c33ad12264102a
2024-09-30 12:08:04,62,01fbae127e8db09da74812bde292eb77d2a68a7897a5571bb7c33ad12264102a
2024-09-30 12:08:04,62,01fbae127e8db09da74812bde292eb77d2a68a7897a5571bb7c33ad12264102a
2024-09-30 12:08:08,62,18248f005b7493422ea25abcce7179b6d01446ebce2f14824bfbdbbe7f402bb9
2024-09-30 12:08:08,62,18248f005b7493422ea25abcce7179b6d01446ebce2f14824bfbdbbe7f402bb9
2024-09-30 12:08:08,62,18248f005b7493422ea25abcce7179b6d01446ebce2f14824bfbdbbe7f402bb9
2024-09-30 12:08:12,62,18248f005b7493422ea25abcce7179b6d01446ebce2f14824bfbdbbe7f402bb9
2024-09-30 12:08:12,62,18248f005b7493422ea25abcce7179b6d01446ebce2f14824bfbdbbe7f402bb9
2024-09-30 12:08:12,62,18248f005b7493422ea25abcce7179b6d01446ebce2f14824bfbdbbe7f402bb9
2024-09-30 12:08:13,62,18248f005b7493422ea25abcce7179b6d01446ebce2f14824bfbdbbe7f402bb9
2024-09-30 12:08:13,62,18248f005b7493422ea25abcce7179b6d01446ebce2f14824bfbdbbe7f402bb9
2024-09-30 12:08:13,62,18248f005b7493422ea25abcce7179b6d01446ebce2f14824bfbdbbe7f402bb9
2024-09-30 12:08:18,62,18248f005b7493422ea25abcce7179b6d01446ebce2f14824bfbdbbe7f402bb9
2024-09-30 12:08:18,62,18248f005b7493422ea25abcce7179b6d01446ebce2f14824bfbdbbe7f402bb9
2024-09-30 12:08:18,62,18248f005b7493422ea25abcce7179b6d01446ebce2f14824bfbdbbe7f402bb9
2024-09-30 12:08:19,62,18248f005b7493422ea25abcce7179b6d01446ebce2f14824bfbdbbe7f402bb9
2024-09-30 12:08:19,62,18248f005b7493422ea25abcce7179b6d01446ebce2f14824bfbdbbe7f402bb9
2024-09-30 12:08:19,62,18248f005b7493422ea25abcce7179b6d01446ebce2f14824bfbdbbe7f402bb9
2024-09-30 12:08:19,62,18248f005b7493422ea25abcce7179b6d01446ebce2f14824bfbdbbe7f402bb9
2024-09-30 12:08:20,62,18248f005b7493422ea25abcce7179b6d01446ebce2f14824bfbdbbe7f402bb9
2024-09-30 12:08:20,62,18248f005b7493422ea25abcce7179b6d01446ebce2f14824bfbdbbe7f402bb9
2024-09-30 12:08:20,62,18248f005b7493422ea25abcce7179b6d01446ebce2f14824bfbdbbe7f402bb9
2024-09-30 12:08:21,62,18248f005b7493422ea25abcce7179b6d01446ebce2f14824bfbdbbe7f402bb9
2024-09-30 12:08:22,62,18248f005b7493422ea25abcce7179b6d01446ebce2f14824bfbdbbe7f402bb9
2024-09-30 12:08:25,62,18248f005b7493422ea25abcce7179b6d01446ebce2f14824bfbdbbe7f402bb9
2024-09-30 12:08:25,62,18248f005b7493422ea25abcce7179b6d01446ebce2f14824bfbdbbe7f402bb9
2024-09-30 12:08:25,62,18248f005b7493422ea25abcce7179b6d01446ebce2f14824bfbdbbe7f402bb9
2024-09-30 12:08:25,62,18248f005b7493422ea25abcce7179b6d01446ebce2f14824bfbdbbe7f402bb9
2024-09-30 12:08:25,62,18248f005b7493422ea25abcce7179b6d01446ebce2f14824bfbdbbe7f402bb9
2024-09-30 12:08:30,62,ac6bdf2d5686dae420b8fa528fcc9b72514a3cbbdca201fadac306c2091d9b0c
2024-09-30 12:08:30,62,18248f005b7493422ea25abcce7179b6d01446ebce2f14824bfbdbbe7f402bb9
2024-09-30 12:08:30,62,01fbae127e8db09da74812bde292eb77d2a68a7897a5571bb7c33ad12264102a
2024-09-30 12:08:30,62,01fbae127e8db09da74812bde292eb77d2a68a7897a5571bb7c33ad12264102a
2024-09-30 12:08:31,62,01fbae127e8db09da74812bde292eb77d2a68a7897a5571bb7c33ad12264102a
2024-09-30 12:08:31,62,01fbae127e8db09da74812bde292eb77d2a68a7897a5571bb7c33ad12264102a
2024-09-30 12:08:35,62,18248f005b7493422ea25abcce7179b6d01446ebce2f14824bfbdbbe7f402bb9
2024-09-30 12:08:36,62,18248f005b7493422ea25abcce7179b6d01446ebce2f14824bfbdbbe7f402bb9
2024-09-30 12:08:36,62,18248f005b7493422ea25abcce7179b6d01446ebce2f14824bfbdbbe7f402bb9
2024-09-30 12:08:37,62,18248f005b7493422ea25abcce7179b6d01446ebce2f14824bfbdbbe7f402bb9
2024-09-30 12:08:37,62,18248f005b7493422ea25abcce7179b6d01446ebce2f14824bfbdbbe7f402bb9
2024-09-30 12:08:37,62,18248f005b7493422ea25abcce7179b6d01446ebce2f14824bfbdbbe7f402bb9
2024-09-30 12:08:39,62,18248f005b7493422ea25abcce7179b6d01446ebce2f14824bfbdbbe7f402bb9
2024-09-30 12:08:39,62,18248f005b7493422ea25abcce7179b6d01446ebce2f14824bfbdbbe7f402bb9
2024-09-30 12:08:41,62,18248f005b7493422ea25abcce7179b6d01446ebce2f14824bfbdbbe7f402bb9
2024-09-30 12:08:41,62,18248f005b7493422ea25abcce7179b6d01446ebce2f14824bfbdbbe7f402bb9
2024-09-30 12:08:41,62,18248f005b7493422ea25abcce7179b6d01446ebce2f14824bfbdbbe7f402bb9
2024-09-30 12:08:41,62,18248f005b7493422ea25abcce7179b6d01446ebce2f14824bfbdbbe7f402bb9
2024-09-30 12:08:41,62,18248f005b7493422ea25abcce7179b6d01446ebce2f14824bfbdbbe7f402bb9
2024-09-30 12:08:43,62,18248f005b7493422ea25abcce7179b6d01446ebce2f14824bfbdbbe7f402bb9
2024-09-30 12:08:43,62,18248f005b7493422ea25abcce7179b6d01446ebce2f14824bfbdbbe7f402bb9
2024-09-30 12:08:43,62,18248f005b7493422ea25abcce7179b6d01446ebce2f14824bfbdbbe7f402bb9
2024-09-30 12:08:43,62,18248f005b7493422ea25abcce7179b6d01446ebce2f14824bfbdbbe7f402bb9
2024-09-30 12:08:45,62,18248f005b7493422ea25abcce7179b6d01446ebce2f14824bfbdbbe7f402bb9
2024-09-30 12:08:45,62,18248f005b7493422ea25abcce7179b6d01446ebce2f14824bfbdbbe7f402bb9
2024-09-30 12:08:45,62,18248f005b7493422ea25abcce7179b6d01446ebce2f14824bfbdbbe7f402bb9
2024-09-30 12:08:45,62,18248f005b7493422ea25abcce7179b6d01446ebce2f14824bfbdbbe7f402bb9
2024-09-30 12:08:45,62,18248f005b7493422ea25abcce7179b6d01446ebce2f14824bfbdbbe7f402bb9
2024-09-30 12:08:45,62,18248f005b7493422ea25abcce7179b6d01446ebce2f14824bfbdbbe7f402bb9
2024-09-30 12:08:45,62,18248f005b7493422ea25abcce7179b6d01446ebce2f14824bfbdbbe7f402bb9
2024-09-30 12:08:48,62,18248f005b7493422ea25abcce7179b6d01446ebce2f14824bfbdbbe7f402bb9
2024-09-30 12:08:48,62,18248f005b7493422ea25abcce7179b6d01446ebce2f14824bfbdbbe7f402bb9
2024-09-30 12:08:49,62,18248f005b7493422ea25abcce7179b6d01446ebce2f14824bfbdbbe7f402bb9
2024-09-30 12:08:49,62,18248f005b7493422ea25abcce7179b6d01446ebce2f14824bfbdbbe7f402bb9
2024-09-30 12:08:50,62,18248f005b7493422ea25abcce7179b6d01446ebce2f14824bfbdbbe7f402bb9
2024-09-30 12:08:50,62,18248f005b7493422ea25abcce7179b6d01446ebce2f14824bfbdbbe7f402bb9
2024-09-30 12:08:50,62,18248f005b7493422ea25abcce7179b6d01446ebce2f14824bfbdbbe7f402bb9
2024-09-30 12:08:51,62,18248f005b7493422ea25abcce7179b6d01446ebce2f14824bfbdbbe7f402bb9
2024-09-30 12:08:51,62,18248f005b7493422ea25abcce7179b6d01446ebce2f14824bfbdbbe7f402bb9
2024-09-30 12:08:51,62,18248f005b7493422ea25abcce7179b6d01446ebce2f14824bfbdbbe7f402bb9
2024-09-30 12:08:51,62,18248f005b7493422ea25abcce7179b6d01446ebce2f14824bfbdbbe7f402bb9
2024-09-30 12:08:51,62,18248f005b7493422ea25abcce7179b6d01446ebce2f14824bfbdbbe7f402bb9
2024-09-30 12:08:58,62,18248f005b7493422ea25abcce7179b6d01446ebce2f14824bfbdbbe7f402bb9
2024-09-30 12:08:58,62,18248f005b7493422ea25abcce7179b6d01446ebce2f14824bfbdbbe7f402bb9
2024-09-30 12:09:03,62,18248f005b7493422ea25abcce7179b6d01446ebce2f14824bfbdbbe7f402bb9
2024-09-30 12:09:08,62,18248f005b7493422ea25abcce7179b6d01446ebce2f14824bfbdbbe7f402bb9
2024-09-30 12:09:17,62,18248f005b7493422ea25abcce7179b6d01446ebce2f14824bfbdbbe7f402bb9
2024-09-30 12:09:17,62,18248f005b7493422ea25abcce7179b6d01446ebce2f14824bfbdbbe7f402bb9
2024-09-30 12:09:17,62,18248f005b7493422ea25abcce7179b6d01446ebce2f14824bfbdbbe7f402bb9
2024-09-30 12:09:17,62,18248f005b7493422ea25abcce7179b6d01446ebce2f14824bfbdbbe7f402bb9
2024-09-30 12:09:21,62,18248f005b7493422ea25abcce7179b6d01446ebce2f14824bfbdbbe7f402bb9
2024-09-30 12:09:21,62,18248f005b7493422ea25abcce7179b6d01446ebce2f14824bfbdbbe7f402bb9
2024-09-30 12:09:26,62,18248f005b7493422ea25abcce7179b6d01446ebce2f14824bfbdbbe7f402bb9
2024-09-30 12:09:34,62,b259ad7b374273c26bec3567023bb3cef7a54a76409fb3688a4ef5ae3e07d4ba
2024-09-30 12:09:34,62,b259ad7b374273c26bec3567023bb3cef7a54a76409fb3688a4ef5ae3e07d4ba
2024-09-30 12:09:34,62,b259ad7b374273c26bec3567023bb3cef7a54a76409fb3688a4ef5ae3e07d4ba
2024-09-30 12:09:34,62,b259ad7b374273c26bec3567023bb3cef7a54a76409fb3688a4ef5ae3e07d4ba
2024-09-30 12:09:43,62,b259ad7b374273c26bec3567023bb3cef7a54a76409fb3688a4ef5ae3e07d4ba
2024-09-30 12:09:43,62,18248f005b7493422ea25abcce7179b6d01446ebce2f14824bfbdbbe7f402bb9
2024-09-30 12:09:43,62,18248f005b7493422ea25abcce7179b6d01446ebce2f14824bfbdbbe7f402bb9
2024-09-30 12:09:43,62,18248f005b7493422ea25abcce7179b6d01446ebce2f14824bfbdbbe7f402bb9
2024-09-30 12:09:43,62,18248f005b7493422ea25abcce7179b6d01446ebce2f14824bfbdbbe7f402bb9
2024-09-30 12:09:43,62,18248f005b7493422ea25abcce7179b6d01446ebce2f14824bfbdbbe7f402bb9
2024-09-30 12:09:43,62,b259ad7b374273c26bec3567023bb3cef7a54a76409fb3688a4ef5ae3e07d4ba
2024-09-30 12:09:52,62,18248f005b7493422ea25abcce7179b6d01446ebce2f14824bfbdbbe7f402bb9
2024-09-30 12:09:52,62,18248f005b7493422ea25abcce7179b6d01446ebce2f14824bfbdbbe7f402bb9
2024-09-30 12:09:52,62,18248f005b7493422ea25abcce7179b6d01446ebce2f14824bfbdbbe7f402bb9
2024-09-30 12:09:54,62,18248f005b7493422ea25abcce7179b6d01446ebce2f14824bfbdbbe7f402bb9
2024-09-30 12:09:54,62,18248f005b7493422ea25abcce7179b6d01446ebce2f14824bfbdbbe7f402bb9
2024-09-30 12:09:56,62,3901688d33322be8e6e95730a2d46b3b729d303d6507bd4ac75095ad5a7df8e8
2024-09-30 12:10:02,62,18248f005b7493422ea25abcce7179b6d01446ebce2f14824bfbdbbe7f402bb9
2024-09-30 12:10:02,62,18248f005b7493422ea25abcce7179b6d01446ebce2f14824bfbdbbe7f402bb9
2024-09-30 12:10:11,62,18248f005b7493422ea25abcce7179b6d01446ebce2f14824bfbdbbe7f402bb9
2024-09-30 12:10:13,62,18248f005b7493422ea25abcce7179b6d01446ebce2f14824bfbdbbe7f402bb9
2024-09-30 12:10:17,62,49a8a774ce5021709aee890d1a6c508a9ac344d9604c9fd7f649292aa58ab50b
2024-09-30 12:10:17,62,b259ad7b374273c26bec3567023bb3cef7a54a76409fb3688a4ef5ae3e07d4ba
2024-09-30 12:10:18,62,b259ad7b374273c26bec3567023bb3cef7a54a76409fb3688a4ef5ae3e07d4ba
2024-09-30 12:10:20,62,01fbae127e8db09da74812bde292eb77d2a68a7897a5571bb7c33ad12264102a
2024-09-30 12:10:20,62,01fbae127e8db09da74812bde292eb77d2a68a7897a5571bb7c33ad12264102a
2024-09-30 12:10:20,62,01fbae127e8db09da74812bde292eb77d2a68a7897a5571bb7c33ad12264102a
2024-09-30 12:10:20,62,01fbae127e8db09da74812bde292eb77d2a68a7897a5571bb7c33ad12264102a
2024-09-30 12:10:20,62,92dec0a03d236b1673c65fd213be5f229f5bd4074d40b53ff471c1af5b5a99bb
2024-09-30 12:10:20,62,18248f005b7493422ea25abcce7179b6d01446ebce2f14824bfbdbbe7f402bb9
2024-09-30 12:10:20,62,18248f005b7493422ea25abcce7179b6d01446ebce2f14824bfbdbbe7f402bb9
2024-09-30 12:10:26,62,18248f005b7493422ea25abcce7179b6d01446ebce2f14824bfbdbbe7f402bb9
2024-09-30 12:10:26,62,18248f005b7493422ea25abcce7179b6d01446ebce2f14824bfbdbbe7f402bb9
2024-09-30 12:10:29,62,18248f005b7493422ea25abcce7179b6d01446ebce2f14824bfbdbbe7f402bb9
2024-09-30 12:10:29,62,18248f005b7493422ea25abcce7179b6d01446ebce2f14824bfbdbbe7f402bb9
2024-09-30 12:10:32,62,18248f005b7493422ea25abcce7179b6d01446ebce2f14824bfbdbbe7f402bb9
2024-09-30 12:10:33,62,b259ad7b374273c26bec3567023bb3cef7a54a76409fb3688a4ef5ae3e07d4ba
2024-09-30 12:10:33,62,b259ad7b374273c26bec3567023bb3cef7a54a76409fb3688a4ef5ae3e07d4ba
2024-09-30 12:10:34,62,b259ad7b374273c26bec3567023bb3cef7a54a76409fb3688a4ef5ae3e07d4ba
2024-09-30 12:10:34,62,b259ad7b374273c26bec3567023bb3cef7a54a76409fb3688a4ef5ae3e07d4ba
2024-09-30 12:10:34,62,b259ad7b374273c26bec3567023bb3cef7a54a76409fb3688a4ef5ae3e07d4ba
2024-09-30 12:10:36,62,18248f005b7493422ea25abcce7179b6d01446ebce2f14824bfbdbbe7f402bb9
2024-09-30 12:10:39,62,18248f005b7493422ea25abcce7179b6d01446ebce2f14824bfbdbbe7f402bb9
2024-09-30 12:10:39,62,18248f005b7493422ea25abcce7179b6d01446ebce2f14824bfbdbbe7f402bb9
2024-09-30 12:10:39,62,18248f005b7493422ea25abcce7179b6d01446ebce2f14824bfbdbbe7f402bb9
2024-09-30 12:10:39,62,18248f005b7493422ea25abcce7179b6d01446ebce2f14824bfbdbbe7f402bb9
2024-09-30 12:10:40,62,18248f005b7493422ea25abcce7179b6d01446ebce2f14824bfbdbbe7f402bb9
2024-09-30 12:10:43,62,18248f005b7493422ea25abcce7179b6d01446ebce2f14824bfbdbbe7f402bb9
2024-09-30 12:10:43,62,18248f005b7493422ea25abcce7179b6d01446ebce2f14824bfbdbbe7f402bb9
2024-09-30 12:10:45,62,18248f005b7493422ea25abcce7179b6d01446ebce2f14824bfbdbbe7f402bb9
2024-09-30 12:10:45,62,18248f005b7493422ea25abcce7179b6d01446ebce2f14824bfbdbbe7f402bb9
2024-09-30 12:10:52,62,b259ad7b374273c26bec3567023bb3cef7a54a76409fb3688a4ef5ae3e07d4ba
2024-09-30 12:10:52,62,b259ad7b374273c26bec3567023bb3cef7a54a76409fb3688a4ef5ae3e07d4ba
2024-09-30 12:10:54,62,18248f005b7493422ea25abcce7179b6d01446ebce2f14824bfbdbbe7f402bb9
2024-09-30 12:10:54,62,18248f005b7493422ea25abcce7179b6d01446ebce2f14824bfbdbbe7f402bb9
2024-09-30 12:10:54,62,18248f005b7493422ea25abcce7179b6d01446ebce2f14824bfbdbbe7f402bb9
2024-09-30 12:10:54,62,18248f005b7493422ea25abcce7179b6d01446ebce2f14824bfbdbbe7f402bb9
2024-09-30 12:10:54,62,18248f005b7493422ea25abcce7179b6d01446ebce2f14824bfbdbbe7f402bb9
2024-09-30 12:10:54,62,18248f005b7493422ea25abcce7179b6d01446ebce2f14824bfbdbbe7f402bb9
2024-09-30 12:11:02,62,b259ad7b374273c26bec3567023bb3cef7a54a76409fb3688a4ef5ae3e07d4ba
2024-09-30 12:11:02,62,18248f005b7493422ea25abcce7179b6d01446ebce2f14824bfbdbbe7f402bb9
2024-09-30 12:11:06,62,18248f005b7493422ea25abcce7179b6d01446ebce2f14824bfbdbbe7f402bb9
2024-09-30 12:11:07,62,18248f005b7493422ea25abcce7179b6d01446ebce2f14824bfbdbbe7f402bb9
2024-09-30 12:11:07,62,18248f005b7493422ea25abcce7179b6d01446ebce2f14824bfbdbbe7f402bb9
2024-09-30 12:11:07,62,01fbae127e8db09da74812bde292eb77d2a68a7897a5571bb7c33ad12264102a
2024-09-30 12:11:07,62,01fbae127e8db09da74812bde292eb77d2a68a7897a5571bb7c33ad12264102a
2024-09-30 12:11:07,62,01fbae127e8db09da74812bde292eb77d2a68a7897a5571bb7c33ad12264102a
2024-09-30 12:11:07,62,01fbae127e8db09da74812bde292eb77d2a68a7897a5571bb7c33ad12264102a
2024-09-30 12:11:09,62,18248f005b7493422ea25abcce7179b6d01446ebce2f14824bfbdbbe7f402bb9
2024-09-30 12:11:11,62,18248f005b7493422ea25abcce7179b6d01446ebce2f14824bfbdbbe7f402bb9
2024-09-30 12:11:16,62,b259ad7b374273c26bec3567023bb3cef7a54a76409fb3688a4ef5ae3e07d4ba
2024-09-30 12:11:16,62,b259ad7b374273c26bec3567023bb3cef7a54a76409fb3688a4ef5ae3e07d4ba
2024-09-30 12:11:16,62,b259ad7b374273c26bec3567023bb3cef7a54a76409fb3688a4ef5ae3e07d4ba
2024-09-30 12:11:18,62,18248f005b7493422ea25abcce7179b6d01446ebce2f14824bfbdbbe7f402bb9
2024-09-30 12:11:20,62,18248f005b7493422ea25abcce7179b6d01446ebce2f14824bfbdbbe7f402bb9
2024-09-30 12:11:20,62,18248f005b7493422ea25abcce7179b6d01446ebce2f14824bfbdbbe7f402bb9
2024-09-30 12:11:30,62,f214df8686dde5873f6737cdf93909d29f9b61e55a05fd900714072e85e7e2d9
2024-09-30 12:11:30,62,f214df8686dde5873f6737cdf93909d29f9b61e55a05fd900714072e85e7e2d9
2024-09-30 12:11:30,62,f214df8686dde5873f6737cdf93909d29f9b61e55a05fd900714072e85e7e2d9
2024-09-30 12:11:33,62,01fbae127e8db09da74812bde292eb77d2a68a7897a5571bb7c33ad12264102a
2024-09-30 12:11:33,62,01fbae127e8db09da74812bde292eb77d2a68a7897a5571bb7c33ad12264102a
2024-09-30 12:11:33,62,01fbae127e8db09da74812bde292eb77d2a68a7897a5571bb7c33ad12264102a
2024-09-30 12:11:33,62,01fbae127e8db09da74812bde292eb77d2a68a7897a5571bb7c33ad12264102a
2024-09-30 12:11:33,62,01fbae127e8db09da74812bde292eb77d2a68a7897a5571bb7c33ad12264102a
2024-09-30 12:11:33,62,01fbae127e8db09da74812bde292eb77d2a68a7897a5571bb7c33ad12264102a
2024-09-30 12:11:33,62,01fbae127e8db09da74812bde292eb77d2a68a7897a5571bb7c33ad12264102a
2024-09-30 12:11:33,62,01fbae127e8db09da74812bde292eb77d2a68a7897a5571bb7c33ad12264102a
2024-09-30 12:11:39,62,bf2c2f0f075485f729148b9a032c5aad4314def9953c37f89024b63d1968dd38
2024-09-30 12:11:39,62,ac6bdf2d5686dae420b8fa528fcc9b72514a3cbbdca201fadac306c2091d9b0c
2024-09-30 12:11:39,62,ac6bdf2d5686dae420b8fa528fcc9b72514a3cbbdca201fadac306c2091d9b0c
2024-09-30 12:11:39,62,ac6bdf2d5686dae420b8fa528fcc9b72514a3cbbdca201fadac306c2091d9b0c
2024-09-30 12:11:42,62,18248f005b7493422ea25abcce7179b6d01446ebce2f14824bfbdbbe7f402bb9
2024-09-30 12:11:42,62,18248f005b7493422ea25abcce7179b6d01446ebce2f14824bfbdbbe7f402bb9
2024-09-30 12:11:43,62,b259ad7b374273c26bec3567023bb3cef7a54a76409fb3688a4ef5ae3e07d4ba
2024-09-30 12:11:43,62,b259ad7b374273c26bec3567023bb3cef7a54a76409fb3688a4ef5ae3e07d4ba
2024-09-30 12:11:44,62,bf2c2f0f075485f729148b9a032c5aad4314def9953c37f89024b63d1968dd38
2024-09-30 12:11:48,62,bf2c2f0f075485f729148b9a032c5aad4314def9953c37f89024b63d1968dd38
2024-09-30 12:11:49,62,18248f005b7493422ea25abcce7179b6d01446ebce2f14824bfbdbbe7f402bb9
2024-09-30 12:11:49,62,18248f005b7493422ea25abcce7179b6d01446ebce2f14824bfbdbbe7f402bb9
2024-09-30 12:11:55,62,01fbae127e8db09da74812bde292eb77d2a68a7897a5571bb7c33ad12264102a
2024-09-30 12:11:55,62,01fbae127e8db09da74812bde292eb77d2a68a7897a5571bb7c33ad12264102a
2024-09-30 12:11:55,62,01fbae127e8db09da74812bde292eb77d2a68a7897a5571bb7c33ad12264102a
2024-09-30 12:12:02,62,18248f005b7493422ea25abcce7179b6d01446ebce2f14824bfbdbbe7f402bb9
2024-09-30 12:12:02,62,18248f005b7493422ea25abcce7179b6d01446ebce2f14824bfbdbbe7f402bb9
2024-09-30 12:12:07,62,18248f005b7493422ea25abcce7179b6d01446ebce2f14824bfbdbbe7f402bb9
2024-09-30 12:12:07,62,18248f005b7493422ea25abcce7179b6d01446ebce2f14824bfbdbbe7f402bb9
2024-09-30 12:12:08,62,49a8a774ce5021709aee890d1a6c508a9ac344d9604c9fd7f649292aa58ab50b
2024-09-30 12:12:10,62,18248f005b7493422ea25abcce7179b6d01446ebce2f14824bfbdbbe7f402bb9
2024-09-30 12:12:16,62,18248f005b7493422ea25abcce7179b6d01446ebce2f14824bfbdbbe7f402bb9
2024-09-30 12:12:16,62,18248f005b7493422ea25abcce7179b6d01446ebce2f14824bfbdbbe7f402bb9
2024-09-30 12:12:16,62,18248f005b7493422ea25abcce7179b6d01446ebce2f14824bfbdbbe7f402bb9
2024-09-30 12:12:16,62,18248f005b7493422ea25abcce7179b6d01446ebce2f14824bfbdbbe7f402bb9
2024-09-30 12:12:19,62,49a8a774ce5021709aee890d1a6c508a9ac344d9604c9fd7f649292aa58ab50b
2024-09-30 12:12:19,62,49a8a774ce5021709aee890d1a6c508a9ac344d9604c9fd7f649292aa58ab50b
2024-09-30 12:12:19,62,49a8a774ce5021709aee890d1a6c508a9ac344d9604c9fd7f649292aa58ab50b
2024-09-30 12:12:19,62,49a8a774ce5021709aee890d1a6c508a9ac344d9604c9fd7f649292aa58ab50b
2024-09-30 12:12:19,62,49a8a774ce5021709aee890d1a6c508a9ac344d9604c9fd7f649292aa58ab50b
2024-09-30 12:12:19,62,49a8a774ce5021709aee890d1a6c508a9ac344d9604c9fd7f649292aa58ab50b
2024-09-30 12:12:19,62,49a8a774ce5021709aee890d1a6c508a9ac344d9604c9fd7f649292aa58ab50b
2024-09-30 12:12:22,62,b259ad7b374273c26bec3567023bb3cef7a54a76409fb3688a4ef5ae3e07d4ba
2024-09-30 12:12:22,62,b259ad7b374273c26bec3567023bb3cef7a54a76409fb3688a4ef5ae3e07d4ba
2024-09-30 12:12:22,62,b259ad7b374273c26bec3567023bb3cef7a54a76409fb3688a4ef5ae3e07d4ba
2024-09-30 12:12:23,62,18248f005b7493422ea25abcce7179b6d01446ebce2f14824bfbdbbe7f402bb9
2024-09-30 12:12:23,62,18248f005b7493422ea25abcce7179b6d01446ebce2f14824bfbdbbe7f402bb9
2024-09-30 12:12:23,62,18248f005b7493422ea25abcce7179b6d01446ebce2f14824bfbdbbe7f402bb9
2024-09-30 12:12:23,62,18248f005b7493422ea25abcce7179b6d01446ebce2f14824bfbdbbe7f402bb9
2024-09-30 12:12:23,62,18248f005b7493422ea25abcce7179b6d01446ebce2f14824bfbdbbe7f402bb9
2024-09-30 12:12:25,62,b259ad7b374273c26bec3567023bb3cef7a54a76409fb3688a4ef5ae3e07d4ba
2024-09-30 12:12:25,62,b259ad7b374273c26bec3567023bb3cef7a54a76409fb3688a4ef5ae3e07d4ba
2024-09-30 12:12:28,62,18248f005b7493422ea25abcce7179b6d01446ebce2f14824bfbdbbe7f402bb9
2024-09-30 12:12:28,62,18248f005b7493422ea25abcce7179b6d01446ebce2f14824bfbdbbe7f402bb9
2024-09-30 12:12:28,62,18248f005b7493422ea25abcce7179b6d01446ebce2f14824bfbdbbe7f402bb9
2024-09-30 12:12:28,62,b259ad7b374273c26bec3567023bb3cef7a54a76409fb3688a4ef5ae3e07d4ba
2024-09-30 12:12:30,62,18248f005b7493422ea25abcce7179b6d01446ebce2f14824bfbdbbe7f402bb9
2024-09-30 12:12:30,62,18248f005b7493422ea25abcce7179b6d01446ebce2f14824bfbdbbe7f402bb9
2024-09-30 12:12:31,62,18248f005b7493422ea25abcce7179b6d01446ebce2f14824bfbdbbe7f402bb9
2024-09-30 12:12:31,62,18248f005b7493422ea25abcce7179b6d01446ebce2f14824bfbdbbe7f402bb9
2024-09-30 12:12:31,62,18248f005b7493422ea25abcce7179b6d01446ebce2f14824bfbdbbe7f402bb9
2024-09-30 12:12:31,62,18248f005b7493422ea25abcce7179b6d01446ebce2f14824bfbdbbe7f402bb9
2024-09-30 12:12:33,62,18248f005b7493422ea25abcce7179b6d01446ebce2f14824bfbdbbe7f402bb9
2024-09-30 12:12:34,62,18248f005b7493422ea25abcce7179b6d01446ebce2f14824bfbdbbe7f402bb9
2024-09-30 12:12:34,62,18248f005b7493422ea25abcce7179b6d01446ebce2f14824bfbdbbe7f402bb9
2024-09-30 12:12:34,62,18248f005b7493422ea25abcce7179b6d01446ebce2f14824bfbdbbe7f402bb9
2024-09-30 12:12:34,62,18248f005b7493422ea25abcce7179b6d01446ebce2f14824bfbdbbe7f402bb9
2024-09-30 12:12:34,62,18248f005b7493422ea25abcce7179b6d01446ebce2f14824bfbdbbe7f402bb9
2024-09-30 12:12:34,62,18248f005b7493422ea25abcce7179b6d01446ebce2f14824bfbdbbe7f402bb9
2024-09-30 12:12:35,62,18248f005b7493422ea25abcce7179b6d01446ebce2f14824bfbdbbe7f402bb9
2024-09-30 12:12:37,62,18248f005b7493422ea25abcce7179b6d01446ebce2f14824bfbdbbe7f402bb9
2024-09-30 12:12:37,62,18248f005b7493422ea25abcce7179b6d01446ebce2f14824bfbdbbe7f402bb9
2024-09-30 12:12:39,62,49a8a774ce5021709aee890d1a6c508a9ac344d9604c9fd7f649292aa58ab50b
2024-09-30 12:12:39,62,49a8a774ce5021709aee890d1a6c508a9ac344d9604c9fd7f649292aa58ab50b
2024-09-30 12:12:39,62,49a8a774ce5021709aee890d1a6c508a9ac344d9604c9fd7f649292aa58ab50b
2024-09-30 12:12:39,62,49a8a774ce5021709aee890d1a6c508a9ac344d9604c9fd7f649292aa58ab50b
2024-09-30 12:12:39,62,ac6bdf2d5686dae420b8fa528fcc9b72514a3cbbdca201fadac306c2091d9b0c
2024-09-30 12:12:39,62,01fbae127e8db09da74812bde292eb77d2a68a7897a5571bb7c33ad12264102a
2024-09-30 12:12:41,62,18248f005b7493422ea25abcce7179b6d01446ebce2f14824bfbdbbe7f402bb9
2024-09-30 12:12:41,62,18248f005b7493422ea25abcce7179b6d01446ebce2f14824bfbdbbe7f402bb9
2024-09-30 12:12:43,62,ac6bdf2d5686dae420b8fa528fcc9b72514a3cbbdca201fadac306c2091d9b0c
2024-09-30 12:12:43,62,ac6bdf2d5686dae420b8fa528fcc9b72514a3cbbdca201fadac306c2091d9b0c
2024-09-30 12:12:43,62,ac6bdf2d5686dae420b8fa528fcc9b72514a3cbbdca201fadac306c2091d9b0c
2024-09-30 12:12:44,62,ac6bdf2d5686dae420b8fa528fcc9b72514a3cbbdca201fadac306c2091d9b0c
2024-09-30 12:12:44,62,18248f005b7493422ea25abcce7179b6d01446ebce2f14824bfbdbbe7f402bb9
2024-09-30 12:12:49,62,18248f005b7493422ea25abcce7179b6d01446ebce2f14824bfbdbbe7f402bb9
2024-09-30 12:12:52,62,18248f005b7493422ea25abcce7179b6d01446ebce2f14824bfbdbbe7f402bb9
2024-09-30 12:12:52,62,18248f005b7493422ea25abcce7179b6d01446ebce2f14824bfbdbbe7f402bb9
2024-09-30 12:12:52,62,18248f005b7493422ea25abcce7179b6d01446ebce2f14824bfbdbbe7f402bb9
2024-09-30 12:12:52,62,18248f005b7493422ea25abcce7179b6d01446ebce2f14824bfbdbbe7f402bb9
2024-09-30 12:12:53,62,18248f005b7493422ea25abcce7179b6d01446ebce2f14824bfbdbbe7f402bb9
2024-09-30 12:12:53,62,18248f005b7493422ea25abcce7179b6d01446ebce2f14824bfbdbbe7f402bb9
2024-09-30 12:12:53,62,ac6bdf2d5686dae420b8fa528fcc9b72514a3cbbdca201fadac306c2091d9b0c
2024-09-30 12:12:53,62,ac6bdf2d5686dae420b8fa528fcc9b72514a3cbbdca201fadac306c2091d9b0c
2024-09-30 12:12:53,62,ac6bdf2d5686dae420b8fa528fcc9b72514a3cbbdca201fadac306c2091d9b0c
2024-09-30 12:12:53,62,ac6bdf2d5686dae420b8fa528fcc9b72514a3cbbdca201fadac306c2091d9b0c
2024-09-30 12:12:53,62,18248f005b7493422ea25abcce7179b6d01446ebce2f14824bfbdbbe7f402bb9
2024-09-30 12:13:03,62,18248f005b7493422ea25abcce7179b6d01446ebce2f14824bfbdbbe7f402bb9
2024-09-30 12:13:04,62,01fbae127e8db09da74812bde292eb77d2a68a7897a5571bb7c33ad12264102a
2024-09-30 12:13:04,62,01fbae127e8db09da74812bde292eb77d2a68a7897a5571bb7c33ad12264102a
2024-09-30 12:13:04,62,01fbae127e8db09da74812bde292eb77d2a68a7897a5571bb7c33ad12264102a
2024-09-30 12:13:04,62,01fbae127e8db09da74812bde292eb77d2a68a7897a5571bb7c33ad12264102a
2024-09-30 12:13:04,62,18248f005b7493422ea25abcce7179b6d01446ebce2f14824bfbdbbe7f402bb9
2024-09-30 12:13:04,62,01fbae127e8db09da74812bde292eb77d2a68a7897a5571bb7c33ad12264102a
2024-09-30 12:13:07,62,b259ad7b374273c26bec3567023bb3cef7a54a76409fb3688a4ef5ae3e07d4ba
2024-09-30 12:13:07,62,b259ad7b374273c26bec3567023bb3cef7a54a76409fb3688a4ef5ae3e07d4ba
2024-09-30 12:13:07,62,b259ad7b374273c26bec3567023bb3cef7a54a76409fb3688a4ef5ae3e07d4ba
2024-09-30 12:13:07,62,18248f005b7493422ea25abcce7179b6d01446ebce2f14824bfbdbbe7f402bb9
2024-09-30 12:13:07,62,18248f005b7493422ea25abcce7179b6d01446ebce2f14824bfbdbbe7f402bb9
2024-09-30 12:13:07,62,18248f005b7493422ea25abcce7179b6d01446ebce2f14824bfbdbbe7f402bb9
2024-09-30 12:13:09,62,ac6bdf2d5686dae420b8fa528fcc9b72514a3cbbdca201fadac306c2091d9b0c
2024-09-30 12:13:09,62,ac6bdf2d5686dae420b8fa528fcc9b72514a3cbbdca201fadac306c2091d9b0c
2024-09-30 12:13:09,62,ac6bdf2d5686dae420b8fa528fcc9b72514a3cbbdca201fadac306c2091d9b0c
2024-09-30 12:13:10,62,18248f005b7493422ea25abcce7179b6d01446ebce2f14824bfbdbbe7f402bb9
2024-09-30 12:13:12,62,18248f005b7493422ea25abcce7179b6d01446ebce2f14824bfbdbbe7f402bb9
2024-09-30 12:13:12,62,18248f005b7493422ea25abcce7179b6d01446ebce2f14824bfbdbbe7f402bb9
2024-09-30 12:13:12,62,18248f005b7493422ea25abcce7179b6d01446ebce2f14824bfbdbbe7f402bb9
2024-09-30 12:13:12,62,18248f005b7493422ea25abcce7179b6d01446ebce2f14824bfbdbbe7f402bb9
2024-09-30 12:13:12,62,18248f005b7493422ea25abcce7179b6d01446ebce2f14824bfbdbbe7f402bb9
2024-09-30 12:13:12,62,18248f005b7493422ea25abcce7179b6d01446ebce2f14824bfbdbbe7f402bb9
2024-09-30 12:13:12,62,18248f005b7493422ea25abcce7179b6d01446ebce2f14824bfbdbbe7f402bb9
2024-09-30 12:13:12,62,18248f005b7493422ea25abcce7179b6d01446ebce2f14824bfbdbbe7f402bb9
2024-09-30 12:13:12,62,18248f005b7493422ea25abcce7179b6d01446ebce2f14824bfbdbbe7f402bb9
2024-09-30 12:13:12,62,18248f005b7493422ea25abcce7179b6d01446ebce2f14824bfbdbbe7f402bb9
2024-09-30 12:13:13,62,18248f005b7493422ea25abcce7179b6d01446ebce2f14824bfbdbbe7f402bb9
2024-09-30 12:13:15,62,18248f005b7493422ea25abcce7179b6d01446ebce2f14824bfbdbbe7f402bb9
2024-09-30 12:13:17,62,92dec0a03d236b1673c65fd213be5f229f5bd4074d40b53ff471c1af5b5a99bb
2024-09-30 12:13:17,62,01fbae127e8db09da74812bde292eb77d2a68a7897a5571bb7c33ad12264102a
2024-09-30 12:13:18,62,49a8a774ce5021709aee890d1a6c508a9ac344d9604c9fd7f649292aa58ab50b
2024-09-30 12:13:18,62,49a8a774ce5021709aee890d1a6c508a9ac344d9604c9fd7f649292aa58ab50b
2024-09-30 12:13:18,62,49a8a774ce5021709aee890d1a6c508a9ac344d9604c9fd7f649292aa58ab50b
2024-09-30 12:13:20,62,01fbae127e8db09da74812bde292eb77d2a68a7897a5571bb7c33ad12264102a
2024-09-30 12:13:20,62,18248f005b7493422ea25abcce7179b6d01446ebce2f14824bfbdbbe7f402bb9
2024-09-30 12:13:20,62,18248f005b7493422ea25abcce7179b6d01446ebce2f14824bfbdbbe7f402bb9
2024-09-30 12:13:20,62,01fbae127e8db09da74812bde292eb77d2a68a7897a5571bb7c33ad12264102a
2024-09-30 12:13:20,62,01fbae127e8db09da74812bde292eb77d2a68a7897a5571bb7c33ad12264102a
2024-09-30 12:13:21,62,18248f005b7493422ea25abcce7179b6d01446ebce2f14824bfbdbbe7f402bb9
2024-09-30 12:13:21,62,18248f005b7493422ea25abcce7179b6d01446ebce2f14824bfbdbbe7f402bb9
2024-09-30 12:13:21,62,18248f005b7493422ea25abcce7179b6d01446ebce2f14824bfbdbbe7f402bb9
2024-09-30 12:13:21,62,18248f005b7493422ea25abcce7179b6d01446ebce2f14824bfbdbbe7f402bb9
2024-09-30 12:13:21,62,18248f005b7493422ea25abcce7179b6d01446ebce2f14824bfbdbbe7f402bb9
2024-09-30 12:13:23,62,ac6bdf2d5686dae420b8fa528fcc9b72514a3cbbdca201fadac306c2091d9b0c
2024-09-30 12:13:23,62,ac6bdf2d5686dae420b8fa528fcc9b72514a3cbbdca201fadac306c2091d9b0c
2024-09-30 12:13:23,62,ac6bdf2d5686dae420b8fa528fcc9b72514a3cbbdca201fadac306c2091d9b0c
2024-09-30 12:13:29,62,18248f005b7493422ea25abcce7179b6d01446ebce2f14824bfbdbbe7f402bb9
2024-09-30 12:13:29,62,18248f005b7493422ea25abcce7179b6d01446ebce2f14824bfbdbbe7f402bb9
2024-09-30 12:13:34,62,b259ad7b374273c26bec3567023bb3cef7a54a76409fb3688a4ef5ae3e07d4ba
2024-09-30 12:13:34,62,b259ad7b374273c26bec3567023bb3cef7a54a76409fb3688a4ef5ae3e07d4ba
2024-09-30 12:13:35,62,b259ad7b374273c26bec3567023bb3cef7a54a76409fb3688a4ef5ae3e07d4ba
2024-09-30 12:13:35,62,49a8a774ce5021709aee890d1a6c508a9ac344d9604c9fd7f649292aa58ab50b
2024-09-30 12:13:35,62,49a8a774ce5021709aee890d1a6c508a9ac344d9604c9fd7f649292aa58ab50b
2024-09-30 12:13:35,62,49a8a774ce5021709aee890d1a6c508a9ac344d9604c9fd7f649292aa58ab50b
2024-09-30 12:13:36,62,18248f005b7493422ea25abcce7179b6d01446ebce2f14824bfbdbbe7f402bb9
2024-09-30 12:13:36,62,18248f005b7493422ea25abcce7179b6d01446ebce2f14824bfbdbbe7f402bb9
2024-09-30 12:13:37,62,18248f005b7493422ea25abcce7179b6d01446ebce2f14824bfbdbbe7f402bb9
2024-09-30 12:13:37,62,18248f005b7493422ea25abcce7179b6d01446ebce2f14824bfbdbbe7f402bb9
2024-09-30 12:13:37,62,18248f005b7493422ea25abcce7179b6d01446ebce2f14824bfbdbbe7f402bb9
2024-09-30 12:13:38,62,18248f005b7493422ea25abcce7179b6d01446ebce2f14824bfbdbbe7f402bb9
2024-09-30 12:13:38,62,18248f005b7493422ea25abcce7179b6d01446ebce2f14824bfbdbbe7f402bb9
2024-09-30 12:13:38,62,18248f005b7493422ea25abcce7179b6d01446ebce2f14824bfbdbbe7f402bb9
2024-09-30 12:13:38,62,18248f005b7493422ea25abcce7179b6d01446ebce2f14824bfbdbbe7f402bb9
2024-09-30 12:13:38,62,18248f005b7493422ea25abcce7179b6d01446ebce2f14824bfbdbbe7f402bb9
2024-09-30 12:13:39,62,18248f005b7493422ea25abcce7179b6d01446ebce2f14824bfbdbbe7f402bb9
2024-09-30 12:13:39,62,18248f005b7493422ea25abcce7179b6d01446ebce2f14824bfbdbbe7f402bb9
2024-09-30 12:13:39,62,49a8a774ce5021709aee890d1a6c508a9ac344d9604c9fd7f649292aa58ab50b
2024-09-30 12:13:39,62,49a8a774ce5021709aee890d1a6c508a9ac344d9604c9fd7f649292aa58ab50b
2024-09-30 12:13:40,62,49a8a774ce5021709aee890d1a6c508a9ac344d9604c9fd7f649292aa58ab50b
2024-09-30 12:13:42,62,18248f005b7493422ea25abcce7179b6d01446ebce2f14824bfbdbbe7f402bb9
2024-09-30 12:13:42,62,18248f005b7493422ea25abcce7179b6d01446ebce2f14824bfbdbbe7f402bb9
2024-09-30 12:13:43,62,18248f005b7493422ea25abcce7179b6d01446ebce2f14824bfbdbbe7f402bb9
2024-09-30 12:13:44,62,18248f005b7493422ea25abcce7179b6d01446ebce2f14824bfbdbbe7f402bb9
2024-09-30 12:13:44,62,18248f005b7493422ea25abcce7179b6d01446ebce2f14824bfbdbbe7f402bb9
2024-09-30 12:13:45,62,18248f005b7493422ea25abcce7179b6d01446ebce2f14824bfbdbbe7f402bb9
2024-09-30 12:13:45,62,18248f005b7493422ea25abcce7179b6d01446ebce2f14824bfbdbbe7f402bb9
2024-09-30 12:13:47,62,18248f005b7493422ea25abcce7179b6d01446ebce2f14824bfbdbbe7f402bb9
2024-09-30 12:13:50,62,49a8a774ce5021709aee890d1a6c508a9ac344d9604c9fd7f649292aa58ab50b
2024-09-30 12:13:50,62,49a8a774ce5021709aee890d1a6c508a9ac344d9604c9fd7f649292aa58ab50b
2024-09-30 12:13:50,62,49a8a774ce5021709aee890d1a6c508a9ac344d9604c9fd7f649292aa58ab50b
2024-09-30 12:13:55,62,49a8a774ce5021709aee890d1a6c508a9ac344d9604c9fd7f649292aa58ab50b
2024-09-30 12:13:55,62,18248f005b7493422ea25abcce7179b6d01446ebce2f14824bfbdbbe7f402bb9
2024-09-30 12:13:57,62,b259ad7b374273c26bec3567023bb3cef7a54a76409fb3688a4ef5ae3e07d4ba
2024-09-30 12:13:57,62,b259ad7b374273c26bec3567023bb3cef7a54a76409fb3688a4ef5ae3e07d4ba
2024-09-30 12:14:00,62,b259ad7b374273c26bec3567023bb3cef7a54a76409fb3688a4ef5ae3e07d4ba
2024-09-30 12:14:00,62,b259ad7b374273c26bec3567023bb3cef7a54a76409fb3688a4ef5ae3e07d4ba
2024-09-30 12:14:00,62,b259ad7b374273c26bec3567023bb3cef7a54a76409fb3688a4ef5ae3e07d4ba
2024-09-30 12:14:00,62,18248f005b7493422ea25abcce7179b6d01446ebce2f14824bfbdbbe7f402bb9
2024-09-30 12:14:00,62,18248f005b7493422ea25abcce7179b6d01446ebce2f14824bfbdbbe7f402bb9
2024-09-30 12:14:01,62,18248f005b7493422ea25abcce7179b6d01446ebce2f14824bfbdbbe7f402bb9
2024-09-30 12:14:01,62,18248f005b7493422ea25abcce7179b6d01446ebce2f14824bfbdbbe7f402bb9
2024-09-30 12:14:01,62,18248f005b7493422ea25abcce7179b6d01446ebce2f14824bfbdbbe7f402bb9
2024-09-30 12:14:01,62,18248f005b7493422ea25abcce7179b6d01446ebce2f14824bfbdbbe7f402bb9
2024-09-30 12:14:03,62,18248f005b7493422ea25abcce7179b6d01446ebce2f14824bfbdbbe7f402bb9
2024-09-30 12:14:04,62,18248f005b7493422ea25abcce7179b6d01446ebce2f14824bfbdbbe7f402bb9
2024-09-30 12:14:05,62,18248f005b7493422ea25abcce7179b6d01446ebce2f14824bfbdbbe7f402bb9
2024-09-30 12:14:05,62,18248f005b7493422ea25abcce7179b6d01446ebce2f14824bfbdbbe7f402bb9
2024-09-30 12:14:08,62,18248f005b7493422ea25abcce7179b6d01446ebce2f14824bfbdbbe7f402bb9
2024-09-30 12:14:08,62,18248f005b7493422ea25abcce7179b6d01446ebce2f14824bfbdbbe7f402bb9
2024-09-30 12:14:08,62,18248f005b7493422ea25abcce7179b6d01446ebce2f14824bfbdbbe7f402bb9
2024-09-30 12:14:09,62,18248f005b7493422ea25abcce7179b6d01446ebce2f14824bfbdbbe7f402bb9
2024-09-30 12:14:09,62,18248f005b7493422ea25abcce7179b6d01446ebce2f14824bfbdbbe7f402bb9
2024-09-30 12:14:09,62,18248f005b7493422ea25abcce7179b6d01446ebce2f14824bfbdbbe7f402bb9
2024-09-30 12:14:09,62,18248f005b7493422ea25abcce7179b6d01446ebce2f14824bfbdbbe7f402bb9
2024-09-30 12:14:09,62,18248f005b7493422ea25abcce7179b6d01446ebce2f14824bfbdbbe7f402bb9
2024-09-30 12:14:09,62,18248f005b7493422ea25abcce7179b6d01446ebce2f14824bfbdbbe7f402bb9
2024-09-30 12:14:09,62,18248f005b7493422ea25abcce7179b6d01446ebce2f14824bfbdbbe7f402bb9
2024-09-30 12:14:09,62,18248f005b7493422ea25abcce7179b6d01446ebce2f14824bfbdbbe7f402bb9
2024-09-30 12:14:09,62,18248f005b7493422ea25abcce7179b6d01446ebce2f14824bfbdbbe7f402bb9
2024-09-30 12:14:10,62,18248f005b7493422ea25abcce7179b6d01446ebce2f14824bfbdbbe7f402bb9
2024-09-30 12:14:10,62,18248f005b7493422ea25abcce7179b6d01446ebce2f14824bfbdbbe7f402bb9
2024-09-30 12:14:10,62,18248f005b7493422ea25abcce7179b6d01446ebce2f14824bfbdbbe7f402bb9
2024-09-30 12:14:10,62,18248f005b7493422ea25abcce7179b6d01446ebce2f14824bfbdbbe7f402bb9
2024-09-30 12:14:10,62,18248f005b7493422ea25abcce7179b6d01446ebce2f14824bfbdbbe7f402bb9
2024-09-30 12:14:10,62,18248f005b7493422ea25abcce7179b6d01446ebce2f14824bfbdbbe7f402bb9
2024-09-30 12:14:10,62,18248f005b7493422ea25abcce7179b6d01446ebce2f14824bfbdbbe7f402bb9
2024-09-30 12:14:10,62,18248f005b7493422ea25abcce7179b6d01446ebce2f14824bfbdbbe7f402bb9
2024-09-30 12:14:10,62,18248f005b7493422ea25abcce7179b6d01446ebce2f14824bfbdbbe7f402bb9
2024-09-30 12:14:10,62,18248f005b7493422ea25abcce7179b6d01446ebce2f14824bfbdbbe7f402bb9
2024-09-30 12:14:10,62,18248f005b7493422ea25abcce7179b6d01446ebce2f14824bfbdbbe7f402bb9
2024-09-30 12:14:10,62,f214df8686dde5873f6737cdf93909d29f9b61e55a05fd900714072e85e7e2d9
2024-09-30 12:14:10,62,f214df8686dde5873f6737cdf93909d29f9b61e55a05fd900714072e85e7e2d9
2024-09-30 12:14:11,62,f214df8686dde5873f6737cdf93909d29f9b61e55a05fd900714072e85e7e2d9
2024-09-30 12:14:11,62,18248f005b7493422ea25abcce7179b6d01446ebce2f14824bfbdbbe7f402bb9
2024-09-30 12:14:11,62,18248f005b7493422ea25abcce7179b6d01446ebce2f14824bfbdbbe7f402bb9
2024-09-30 12:14:11,62,18248f005b7493422ea25abcce7179b6d01446ebce2f14824bfbdbbe7f402bb9
2024-09-30 12:14:12,62,18248f005b7493422ea25abcce7179b6d01446ebce2f14824bfbdbbe7f402bb9
2024-09-30 12:14:12,62,18248f005b7493422ea25abcce7179b6d01446ebce2f14824bfbdbbe7f402bb9
2024-09-30 12:14:13,62,18248f005b7493422ea25abcce7179b6d01446ebce2f14824bfbdbbe7f402bb9
2024-09-30 12:14:13,62,18248f005b7493422ea25abcce7179b6d01446ebce2f14824bfbdbbe7f402bb9
2024-09-30 12:14:14,62,18248f005b7493422ea25abcce7179b6d01446ebce2f14824bfbdbbe7f402bb9
2024-09-30 12:14:15,62,18248f005b7493422ea25abcce7179b6d01446ebce2f14824bfbdbbe7f402bb9
2024-09-30 12:14:15,62,18248f005b7493422ea25abcce7179b6d01446ebce2f14824bfbdbbe7f402bb9
2024-09-30 12:14:16,62,18248f005b7493422ea25abcce7179b6d01446ebce2f14824bfbdbbe7f402bb9
2024-09-30 12:14:16,62,18248f005b7493422ea25abcce7179b6d01446ebce2f14824bfbdbbe7f402bb9
2024-09-30 12:14:16,62,18248f005b7493422ea25abcce7179b6d01446ebce2f14824bfbdbbe7f402bb9
2024-09-30 12:14:16,62,18248f005b7493422ea25abcce7179b6d01446ebce2f14824bfbdbbe7f402bb9
2024-09-30 12:14:16,62,18248f005b7493422ea25abcce7179b6d01446ebce2f14824bfbdbbe7f402bb9
2024-09-30 12:14:16,62,18248f005b7493422ea25abcce7179b6d01446ebce2f14824bfbdbbe7f402bb9
2024-09-30 12:14:17,62,18248f005b7493422ea25abcce7179b6d01446ebce2f14824bfbdbbe7f402bb9
2024-09-30 12:14:17,62,18248f005b7493422ea25abcce7179b6d01446ebce2f14824bfbdbbe7f402bb9
2024-09-30 12:14:17,62,18248f005b7493422ea25abcce7179b6d01446ebce2f14824bfbdbbe7f402bb9
2024-09-30 12:14:19,62,ac6bdf2d5686dae420b8fa528fcc9b72514a3cbbdca201fadac306c2091d9b0c
2024-09-30 12:14:19,62,ac6bdf2d5686dae420b8fa528fcc9b72514a3cbbdca201fadac306c2091d9b0c
2024-09-30 12:14:20,62,18248f005b7493422ea25abcce7179b6d01446ebce2f14824bfbdbbe7f402bb9
2024-09-30 12:14:20,62,18248f005b7493422ea25abcce7179b6d01446ebce2f14824bfbdbbe7f402bb9
2024-09-30 12:14:21,62,18248f005b7493422ea25abcce7179b6d01446ebce2f14824bfbdbbe7f402bb9
2024-09-30 12:14:21,62,18248f005b7493422ea25abcce7179b6d01446ebce2f14824bfbdbbe7f402bb9
2024-09-30 12:14:23,62,18248f005b7493422ea25abcce7179b6d01446ebce2f14824bfbdbbe7f402bb9
2024-09-30 12:14:30,62,ac6bdf2d5686dae420b8fa528fcc9b72514a3cbbdca201fadac306c2091d9b0c
2024-09-30 12:14:32,62,18248f005b7493422ea25abcce7179b6d01446ebce2f14824bfbdbbe7f402bb9
2024-09-30 12:14:32,62,18248f005b7493422ea25abcce7179b6d01446ebce2f14824bfbdbbe7f402bb9
2024-09-30 12:14:37,62,18248f005b7493422ea25abcce7179b6d01446ebce2f14824bfbdbbe7f402bb9
2024-09-30 12:14:38,62,18248f005b7493422ea25abcce7179b6d01446ebce2f14824bfbdbbe7f402bb9
2024-09-30 12:14:39,62,18248f005b7493422ea25abcce7179b6d01446ebce2f14824bfbdbbe7f402bb9
2024-09-30 12:14:44,62,18248f005b7493422ea25abcce7179b6d01446ebce2f14824bfbdbbe7f402bb9
2024-09-30 12:14:44,62,18248f005b7493422ea25abcce7179b6d01446ebce2f14824bfbdbbe7f402bb9
2024-09-30 12:14:49,62,18248f005b7493422ea25abcce7179b6d01446ebce2f14824bfbdbbe7f402bb9
2024-09-30 12:14:49,62,18248f005b7493422ea25abcce7179b6d01446ebce2f14824bfbdbbe7f402bb9
2024-09-30 12:14:49,62,18248f005b7493422ea25abcce7179b6d01446ebce2f14824bfbdbbe7f402bb9
2024-09-30 12:14:52,62,b259ad7b374273c26bec3567023bb3cef7a54a76409fb3688a4ef5ae3e07d4ba
2024-09-30 12:14:52,62,18248f005b7493422ea25abcce7179b6d01446ebce2f14824bfbdbbe7f402bb9
2024-09-30 12:14:52,62,18248f005b7493422ea25abcce7179b6d01446ebce2f14824bfbdbbe7f402bb9
2024-09-30 12:14:52,62,18248f005b7493422ea25abcce7179b6d01446ebce2f14824bfbdbbe7f402bb9
2024-09-30 12:14:52,62,18248f005b7493422ea25abcce7179b6d01446ebce2f14824bfbdbbe7f402bb9
2024-09-30 12:14:52,62,b259ad7b374273c26bec3567023bb3cef7a54a76409fb3688a4ef5ae3e07d4ba
2024-09-30 12:14:54,62,18248f005b7493422ea25abcce7179b6d01446ebce2f14824bfbdbbe7f402bb9
2024-09-30 12:14:54,62,18248f005b7493422ea25abcce7179b6d01446ebce2f14824bfbdbbe7f402bb9
2024-09-30 12:14:54,62,18248f005b7493422ea25abcce7179b6d01446ebce2f14824bfbdbbe7f402bb9
2024-09-30 12:14:55,62,18248f005b7493422ea25abcce7179b6d01446ebce2f14824bfbdbbe7f402bb9
2024-09-30 12:14:55,62,18248f005b7493422ea25abcce7179b6d01446ebce2f14824bfbdbbe7f402bb9
2024-09-30 12:14:55,62,18248f005b7493422ea25abcce7179b6d01446ebce2f14824bfbdbbe7f402bb9
2024-09-30 12:14:56,62,18248f005b7493422ea25abcce7179b6d01446ebce2f14824bfbdbbe7f402bb9
2024-09-30 12:14:56,62,18248f005b7493422ea25abcce7179b6d01446ebce2f14824bfbdbbe7f402bb9
2024-09-30 12:14:57,62,18248f005b7493422ea25abcce7179b6d01446ebce2f14824bfbdbbe7f402bb9
2024-09-30 12:14:57,62,18248f005b7493422ea25abcce7179b6d01446ebce2f14824bfbdbbe7f402bb9
2024-09-30 12:14:58,62,18248f005b7493422ea25abcce7179b6d01446ebce2f14824bfbdbbe7f402bb9
2024-09-30 12:14:58,62,18248f005b7493422ea25abcce7179b6d01446ebce2f14824bfbdbbe7f402bb9
2024-09-30 12:14:58,62,18248f005b7493422ea25abcce7179b6d01446ebce2f14824bfbdbbe7f402bb9
2024-09-30 12:14:58,62,18248f005b7493422ea25abcce7179b6d01446ebce2f14824bfbdbbe7f402bb9
2024-09-30 12:14:58,62,18248f005b7493422ea25abcce7179b6d01446ebce2f14824bfbdbbe7f402bb9
2024-09-30 12:14:58,62,18248f005b7493422ea25abcce7179b6d01446ebce2f14824bfbdbbe7f402bb9
2024-09-30 12:14:58,62,18248f005b7493422ea25abcce7179b6d01446ebce2f14824bfbdbbe7f402bb9
2024-09-30 12:14:58,62,18248f005b7493422ea25abcce7179b6d01446ebce2f14824bfbdbbe7f402bb9
2024-09-30 12:14:59,62,18248f005b7493422ea25abcce7179b6d01446ebce2f14824bfbdbbe7f402bb9
2024-09-30 12:14:59,62,18248f005b7493422ea25abcce7179b6d01446ebce2f14824bfbdbbe7f402bb9
2024-09-30 12:14:59,62,18248f005b7493422ea25abcce7179b6d01446ebce2f14824bfbdbbe7f402bb9
2024-09-30 12:14:59,62,18248f005b7493422ea25abcce7179b6d01446ebce2f14824bfbdbbe7f402bb9
2024-09-30 12:15:03,62,18248f005b7493422ea25abcce7179b6d01446ebce2f14824bfbdbbe7f402bb9
2024-09-30 12:15:03,62,18248f005b7493422ea25abcce7179b6d01446ebce2f14824bfbdbbe7f402bb9
2024-09-30 12:15:03,62,18248f005b7493422ea25abcce7179b6d01446ebce2f14824bfbdbbe7f402bb9
2024-09-30 12:15:03,62,18248f005b7493422ea25abcce7179b6d01446ebce2f14824bfbdbbe7f402bb9
2024-09-30 12:15:03,62,1afe1637b9f98883a0da64167b0f98da338c239c2ef656fc3ef95d01e9fa38ce
2024-09-30 12:15:03,62,1afe1637b9f98883a0da64167b0f98da338c239c2ef656fc3ef95d01e9fa38ce
2024-09-30 12:15:03,62,18248f005b7493422ea25abcce7179b6d01446ebce2f14824bfbdbbe7f402bb9
2024-09-30 12:15:04,62,18248f005b7493422ea25abcce7179b6d01446ebce2f14824bfbdbbe7f402bb9
2024-09-30 12:15:04,62,18248f005b7493422ea25abcce7179b6d01446ebce2f14824bfbdbbe7f402bb9
2024-09-30 12:15:04,62,18248f005b7493422ea25abcce7179b6d01446ebce2f14824bfbdbbe7f402bb9
2024-09-30 12:15:04,62,18248f005b7493422ea25abcce7179b6d01446ebce2f14824bfbdbbe7f402bb9
2024-09-30 12:15:07,62,18248f005b7493422ea25abcce7179b6d01446ebce2f14824bfbdbbe7f402bb9
2024-09-30 12:15:17,62,18248f005b7493422ea25abcce7179b6d01446ebce2f14824bfbdbbe7f402bb9
2024-09-30 12:15:17,62,048a29722e6fa520c9d9148408ae3d1e35ec325e17bbe30d2cd29d5e837c1112
2024-09-30 12:15:17,62,048a29722e6fa520c9d9148408ae3d1e35ec325e17bbe30d2cd29d5e837c1112
2024-09-30 12:15:18,62,18248f005b7493422ea25abcce7179b6d01446ebce2f14824bfbdbbe7f402bb9
2024-09-30 12:15:26,62,18248f005b7493422ea25abcce7179b6d01446ebce2f14824bfbdbbe7f402bb9
2024-09-30 12:15:26,62,18248f005b7493422ea25abcce7179b6d01446ebce2f14824bfbdbbe7f402bb9
2024-09-30 12:15:26,62,18248f005b7493422ea25abcce7179b6d01446ebce2f14824bfbdbbe7f402bb9
2024-09-30 12:15:27,62,18248f005b7493422ea25abcce7179b6d01446ebce2f14824bfbdbbe7f402bb9
2024-09-30 12:15:27,62,18248f005b7493422ea25abcce7179b6d01446ebce2f14824bfbdbbe7f402bb9
2024-09-30 12:15:27,62,18248f005b7493422ea25abcce7179b6d01446ebce2f14824bfbdbbe7f402bb9
2024-09-30 12:15:27,62,18248f005b7493422ea25abcce7179b6d01446ebce2f14824bfbdbbe7f402bb9
2024-09-30 12:15:27,62,18248f005b7493422ea25abcce7179b6d01446ebce2f14824bfbdbbe7f402bb9
2024-09-30 12:15:27,62,18248f005b7493422ea25abcce7179b6d01446ebce2f14824bfbdbbe7f402bb9
2024-09-30 12:15:27,62,18248f005b7493422ea25abcce7179b6d01446ebce2f14824bfbdbbe7f402bb9
2024-09-30 12:15:27,62,18248f005b7493422ea25abcce7179b6d01446ebce2f14824bfbdbbe7f402bb9
2024-09-30 12:15:28,62,18248f005b7493422ea25abcce7179b6d01446ebce2f14824bfbdbbe7f402bb9
2024-09-30 12:15:29,62,18248f005b7493422ea25abcce7179b6d01446ebce2f14824bfbdbbe7f402bb9
2024-09-30 12:15:29,62,18248f005b7493422ea25abcce7179b6d01446ebce2f14824bfbdbbe7f402bb9
2024-09-30 12:15:30,62,18248f005b7493422ea25abcce7179b6d01446ebce2f14824bfbdbbe7f402bb9
2024-09-30 12:15:30,62,18248f005b7493422ea25abcce7179b6d01446ebce2f14824bfbdbbe7f402bb9
2024-09-30 12:15:30,62,18248f005b7493422ea25abcce7179b6d01446ebce2f14824bfbdbbe7f402bb9
2024-09-30 12:15:30,62,18248f005b7493422ea25abcce7179b6d01446ebce2f14824bfbdbbe7f402bb9
2024-09-30 12:15:31,62,18248f005b7493422ea25abcce7179b6d01446ebce2f14824bfbdbbe7f402bb9
2024-09-30 12:15:31,62,18248f005b7493422ea25abcce7179b6d01446ebce2f14824bfbdbbe7f402bb9
2024-09-30 12:15:32,62,18248f005b7493422ea25abcce7179b6d01446ebce2f14824bfbdbbe7f402bb9
2024-09-30 12:15:32,62,18248f005b7493422ea25abcce7179b6d01446ebce2f14824bfbdbbe7f402bb9
2024-09-30 12:15:36,62,01fbae127e8db09da74812bde292eb77d2a68a7897a5571bb7c33ad12264102a
2024-09-30 12:15:36,62,01fbae127e8db09da74812bde292eb77d2a68a7897a5571bb7c33ad12264102a
2024-09-30 12:15:37,62,01fbae127e8db09da74812bde292eb77d2a68a7897a5571bb7c33ad12264102a
2024-09-30 12:15:37,62,01fbae127e8db09da74812bde292eb77d2a68a7897a5571bb7c33ad12264102a
2024-09-30 12:15:38,62,18248f005b7493422ea25abcce7179b6d01446ebce2f14824bfbdbbe7f402bb9
2024-09-30 12:15:38,62,18248f005b7493422ea25abcce7179b6d01446ebce2f14824bfbdbbe7f402bb9
2024-09-30 12:15:38,62,18248f005b7493422ea25abcce7179b6d01446ebce2f14824bfbdbbe7f402bb9
2024-09-30 12:15:38,62,18248f005b7493422ea25abcce7179b6d01446ebce2f14824bfbdbbe7f402bb9
2024-09-30 12:15:39,62,ac6bdf2d5686dae420b8fa528fcc9b72514a3cbbdca201fadac306c2091d9b0c
2024-09-30 12:15:39,62,ac6bdf2d5686dae420b8fa528fcc9b72514a3cbbdca201fadac306c2091d9b0c
2024-09-30 12:15:39,62,ac6bdf2d5686dae420b8fa528fcc9b72514a3cbbdca201fadac306c2091d9b0c
2024-09-30 12:15:39,62,18248f005b7493422ea25abcce7179b6d01446ebce2f14824bfbdbbe7f402bb9
2024-09-30 12:15:39,62,18248f005b7493422ea25abcce7179b6d01446ebce2f14824bfbdbbe7f402bb9
2024-09-30 12:15:39,62,18248f005b7493422ea25abcce7179b6d01446ebce2f14824bfbdbbe7f402bb9
2024-09-30 12:15:44,62,18248f005b7493422ea25abcce7179b6d01446ebce2f14824bfbdbbe7f402bb9
2024-09-30 12:15:46,62,18248f005b7493422ea25abcce7179b6d01446ebce2f14824bfbdbbe7f402bb9
2024-09-30 12:15:46,62,18248f005b7493422ea25abcce7179b6d01446ebce2f14824bfbdbbe7f402bb9
2024-09-30 12:15:46,62,18248f005b7493422ea25abcce7179b6d01446ebce2f14824bfbdbbe7f402bb9
2024-09-30 12:15:46,62,18248f005b7493422ea25abcce7179b6d01446ebce2f14824bfbdbbe7f402bb9
2024-09-30 12:15:46,62,18248f005b7493422ea25abcce7179b6d01446ebce2f14824bfbdbbe7f402bb9
2024-09-30 12:15:46,62,18248f005b7493422ea25abcce7179b6d01446ebce2f14824bfbdbbe7f402bb9
2024-09-30 12:15:49,62,18248f005b7493422ea25abcce7179b6d01446ebce2f14824bfbdbbe7f402bb9
2024-09-30 12:15:49,62,18248f005b7493422ea25abcce7179b6d01446ebce2f14824bfbdbbe7f402bb9
2024-09-30 12:15:49,62,18248f005b7493422ea25abcce7179b6d01446ebce2f14824bfbdbbe7f402bb9
2024-09-30 12:15:49,62,18248f005b7493422ea25abcce7179b6d01446ebce2f14824bfbdbbe7f402bb9
2024-09-30 12:15:52,62,49a8a774ce5021709aee890d1a6c508a9ac344d9604c9fd7f649292aa58ab50b
2024-09-30 12:15:52,62,49a8a774ce5021709aee890d1a6c508a9ac344d9604c9fd7f649292aa58ab50b
2024-09-30 12:15:52,62,49a8a774ce5021709aee890d1a6c508a9ac344d9604c9fd7f649292aa58ab50b
2024-09-30 12:15:52,62,49a8a774ce5021709aee890d1a6c508a9ac344d9604c9fd7f649292aa58ab50b
2024-09-30 12:15:52,62,49a8a774ce5021709aee890d1a6c508a9ac344d9604c9fd7f649292aa58ab50b
2024-09-30 12:15:52,62,49a8a774ce5021709aee890d1a6c508a9ac344d9604c9fd7f649292aa58ab50b
2024-09-30 12:15:54,62,18248f005b7493422ea25abcce7179b6d01446ebce2f14824bfbdbbe7f402bb9
2024-09-30 12:15:54,62,18248f005b7493422ea25abcce7179b6d01446ebce2f14824bfbdbbe7f402bb9
2024-09-30 12:15:54,62,18248f005b7493422ea25abcce7179b6d01446ebce2f14824bfbdbbe7f402bb9
2024-09-30 12:15:54,62,18248f005b7493422ea25abcce7179b6d01446ebce2f14824bfbdbbe7f402bb9
2024-09-30 12:15:56,62,18248f005b7493422ea25abcce7179b6d01446ebce2f14824bfbdbbe7f402bb9
2024-09-30 12:15:56,62,18248f005b7493422ea25abcce7179b6d01446ebce2f14824bfbdbbe7f402bb9
2024-09-30 12:15:57,62,18248f005b7493422ea25abcce7179b6d01446ebce2f14824bfbdbbe7f402bb9
2024-09-30 12:15:59,62,18248f005b7493422ea25abcce7179b6d01446ebce2f14824bfbdbbe7f402bb9
2024-09-30 12:15:59,62,18248f005b7493422ea25abcce7179b6d01446ebce2f14824bfbdbbe7f402bb9
2024-09-30 12:15:59,62,18248f005b7493422ea25abcce7179b6d01446ebce2f14824bfbdbbe7f402bb9
2024-09-30 12:15:59,62,18248f005b7493422ea25abcce7179b6d01446ebce2f14824bfbdbbe7f402bb9
2024-09-30 12:15:59,62,18248f005b7493422ea25abcce7179b6d01446ebce2f14824bfbdbbe7f402bb9
2024-09-30 12:15:59,62,18248f005b7493422ea25abcce7179b6d01446ebce2f14824bfbdbbe7f402bb9
2024-09-30 12:15:59,62,18248f005b7493422ea25abcce7179b6d01446ebce2f14824bfbdbbe7f402bb9
2024-09-30 12:16:00,62,18248f005b7493422ea25abcce7179b6d01446ebce2f14824bfbdbbe7f402bb9
2024-09-30 12:16:00,62,18248f005b7493422ea25abcce7179b6d01446ebce2f14824bfbdbbe7f402bb9
2024-09-30 12:16:00,62,18248f005b7493422ea25abcce7179b6d01446ebce2f14824bfbdbbe7f402bb9
2024-09-30 12:16:00,62,18248f005b7493422ea25abcce7179b6d01446ebce2f14824bfbdbbe7f402bb9
2024-09-30 12:16:00,62,18248f005b7493422ea25abcce7179b6d01446ebce2f14824bfbdbbe7f402bb9
2024-09-30 12:16:02,62,18248f005b7493422ea25abcce7179b6d01446ebce2f14824bfbdbbe7f402bb9
2024-09-30 12:16:03,62,49a8a774ce5021709aee890d1a6c508a9ac344d9604c9fd7f649292aa58ab50b
2024-09-30 12:16:04,62,ac6bdf2d5686dae420b8fa528fcc9b72514a3cbbdca201fadac306c2091d9b0c
2024-09-30 12:16:04,62,ac6bdf2d5686dae420b8fa528fcc9b72514a3cbbdca201fadac306c2091d9b0c
2024-09-30 12:16:04,62,ac6bdf2d5686dae420b8fa528fcc9b72514a3cbbdca201fadac306c2091d9b0c
2024-09-30 12:16:04,62,18248f005b7493422ea25abcce7179b6d01446ebce2f14824bfbdbbe7f402bb9
2024-09-30 12:16:04,62,18248f005b7493422ea25abcce7179b6d01446ebce2f14824bfbdbbe7f402bb9
2024-09-30 12:16:04,62,18248f005b7493422ea25abcce7179b6d01446ebce2f14824bfbdbbe7f402bb9
2024-09-30 12:16:04,62,18248f005b7493422ea25abcce7179b6d01446ebce2f14824bfbdbbe7f402bb9
2024-09-30 12:16:11,62,18248f005b7493422ea25abcce7179b6d01446ebce2f14824bfbdbbe7f402bb9
2024-09-30 12:16:11,62,18248f005b7493422ea25abcce7179b6d01446ebce2f14824bfbdbbe7f402bb9
2024-09-30 12:16:11,62,18248f005b7493422ea25abcce7179b6d01446ebce2f14824bfbdbbe7f402bb9
2024-09-30 12:16:20,62,18248f005b7493422ea25abcce7179b6d01446ebce2f14824bfbdbbe7f402bb9
2024-09-30 12:16:21,62,18248f005b7493422ea25abcce7179b6d01446ebce2f14824bfbdbbe7f402bb9
2024-09-30 12:16:21,62,18248f005b7493422ea25abcce7179b6d01446ebce2f14824bfbdbbe7f402bb9
2024-09-30 12:16:21,62,18248f005b7493422ea25abcce7179b6d01446ebce2f14824bfbdbbe7f402bb9
2024-09-30 12:16:21,62,18248f005b7493422ea25abcce7179b6d01446ebce2f14824bfbdbbe7f402bb9
2024-09-30 12:16:21,62,18248f005b7493422ea25abcce7179b6d01446ebce2f14824bfbdbbe7f402bb9
2024-09-30 12:16:21,62,18248f005b7493422ea25abcce7179b6d01446ebce2f14824bfbdbbe7f402bb9
2024-09-30 12:16:21,62,18248f005b7493422ea25abcce7179b6d01446ebce2f14824bfbdbbe7f402bb9
2024-09-30 12:16:22,62,18248f005b7493422ea25abcce7179b6d01446ebce2f14824bfbdbbe7f402bb9
2024-09-30 12:16:22,62,18248f005b7493422ea25abcce7179b6d01446ebce2f14824bfbdbbe7f402bb9
2024-09-30 12:16:23,62,b259ad7b374273c26bec3567023bb3cef7a54a76409fb3688a4ef5ae3e07d4ba
2024-09-30 12:16:28,62,18248f005b7493422ea25abcce7179b6d01446ebce2f14824bfbdbbe7f402bb9
2024-09-30 12:16:28,62,18248f005b7493422ea25abcce7179b6d01446ebce2f14824bfbdbbe7f402bb9
2024-09-30 12:16:29,62,18248f005b7493422ea25abcce7179b6d01446ebce2f14824bfbdbbe7f402bb9
2024-09-30 12:16:32,62,01fbae127e8db09da74812bde292eb77d2a68a7897a5571bb7c33ad12264102a
2024-09-30 12:16:32,62,01fbae127e8db09da74812bde292eb77d2a68a7897a5571bb7c33ad12264102a
2024-09-30 12:16:33,62,01fbae127e8db09da74812bde292eb77d2a68a7897a5571bb7c33ad12264102a
2024-09-30 12:16:34,62,18248f005b7493422ea25abcce7179b6d01446ebce2f14824bfbdbbe7f402bb9
2024-09-30 12:16:34,62,18248f005b7493422ea25abcce7179b6d01446ebce2f14824bfbdbbe7f402bb9
2024-09-30 12:16:39,62,18248f005b7493422ea25abcce7179b6d01446ebce2f14824bfbdbbe7f402bb9
2024-09-30 12:16:44,62,18248f005b7493422ea25abcce7179b6d01446ebce2f14824bfbdbbe7f402bb9
2024-09-30 12:16:50,62,f214df8686dde5873f6737cdf93909d29f9b61e55a05fd900714072e85e7e2d9
2024-09-30 12:16:50,62,f214df8686dde5873f6737cdf93909d29f9b61e55a05fd900714072e85e7e2d9
2024-09-30 12:16:50,62,f214df8686dde5873f6737cdf93909d29f9b61e55a05fd900714072e85e7e2d9
2024-09-30 12:16:52,62,b259ad7b374273c26bec3567023bb3cef7a54a76409fb3688a4ef5ae3e07d4ba
2024-09-30 12:16:52,62,b259ad7b374273c26bec3567023bb3cef7a54a76409fb3688a4ef5ae3e07d4ba
2024-09-30 12:16:55,62,18248f005b7493422ea25abcce7179b6d01446ebce2f14824bfbdbbe7f402bb9
2024-09-30 12:16:55,62,18248f005b7493422ea25abcce7179b6d01446ebce2f14824bfbdbbe7f402bb9
2024-09-30 12:16:55,62,18248f005b7493422ea25abcce7179b6d01446ebce2f14824bfbdbbe7f402bb9
2024-09-30 12:16:55,62,18248f005b7493422ea25abcce7179b6d01446ebce2f14824bfbdbbe7f402bb9
2024-09-30 12:16:55,62,18248f005b7493422ea25abcce7179b6d01446ebce2f14824bfbdbbe7f402bb9
2024-09-30 12:16:56,62,18248f005b7493422ea25abcce7179b6d01446ebce2f14824bfbdbbe7f402bb9
2024-09-30 12:16:56,62,18248f005b7493422ea25abcce7179b6d01446ebce2f14824bfbdbbe7f402bb9
2024-09-30 12:16:57,62,18248f005b7493422ea25abcce7179b6d01446ebce2f14824bfbdbbe7f402bb9
2024-09-30 12:16:58,62,18248f005b7493422ea25abcce7179b6d01446ebce2f14824bfbdbbe7f402bb9
2024-09-30 12:16:58,62,18248f005b7493422ea25abcce7179b6d01446ebce2f14824bfbdbbe7f402bb9
2024-09-30 12:16:58,62,18248f005b7493422ea25abcce7179b6d01446ebce2f14824bfbdbbe7f402bb9
2024-09-30 12:16:58,62,18248f005b7493422ea25abcce7179b6d01446ebce2f14824bfbdbbe7f402bb9
2024-09-30 12:17:02,62,18248f005b7493422ea25abcce7179b6d01446ebce2f14824bfbdbbe7f402bb9
2024-09-30 12:17:02,62,18248f005b7493422ea25abcce7179b6d01446ebce2f14824bfbdbbe7f402bb9
2024-09-30 12:17:03,62,18248f005b7493422ea25abcce7179b6d01446ebce2f14824bfbdbbe7f402bb9
2024-09-30 12:17:07,62,18248f005b7493422ea25abcce7179b6d01446ebce2f14824bfbdbbe7f402bb9
2024-09-30 12:17:11,62,18248f005b7493422ea25abcce7179b6d01446ebce2f14824bfbdbbe7f402bb9
2024-09-30 12:17:11,62,18248f005b7493422ea25abcce7179b6d01446ebce2f14824bfbdbbe7f402bb9
2024-09-30 12:17:12,62,18248f005b7493422ea25abcce7179b6d01446ebce2f14824bfbdbbe7f402bb9
2024-09-30 12:17:12,62,18248f005b7493422ea25abcce7179b6d01446ebce2f14824bfbdbbe7f402bb9
2024-09-30 12:17:12,62,18248f005b7493422ea25abcce7179b6d01446ebce2f14824bfbdbbe7f402bb9
2024-09-30 12:17:16,62,18248f005b7493422ea25abcce7179b6d01446ebce2f14824bfbdbbe7f402bb9
2024-09-30 12:17:24,62,18248f005b7493422ea25abcce7179b6d01446ebce2f14824bfbdbbe7f402bb9
2024-09-30 12:17:24,62,18248f005b7493422ea25abcce7179b6d01446ebce2f14824bfbdbbe7f402bb9
2024-09-30 12:17:25,62,b259ad7b374273c26bec3567023bb3cef7a54a76409fb3688a4ef5ae3e07d4ba
2024-09-30 12:17:28,62,b259ad7b374273c26bec3567023bb3cef7a54a76409fb3688a4ef5ae3e07d4ba
2024-09-30 12:17:29,62,01fbae127e8db09da74812bde292eb77d2a68a7897a5571bb7c33ad12264102a
2024-09-30 12:17:30,62,ac6bdf2d5686dae420b8fa528fcc9b72514a3cbbdca201fadac306c2091d9b0c
2024-09-30 12:17:32,62,92dec0a03d236b1673c65fd213be5f229f5bd4074d40b53ff471c1af5b5a99bb
2024-09-30 12:17:33,62,18248f005b7493422ea25abcce7179b6d01446ebce2f14824bfbdbbe7f402bb9
2024-09-30 12:17:33,62,18248f005b7493422ea25abcce7179b6d01446ebce2f14824bfbdbbe7f402bb9
2024-09-30 12:17:38,62,18248f005b7493422ea25abcce7179b6d01446ebce2f14824bfbdbbe7f402bb9
2024-09-30 12:17:38,62,18248f005b7493422ea25abcce7179b6d01446ebce2f14824bfbdbbe7f402bb9
2024-09-30 12:17:38,62,01fbae127e8db09da74812bde292eb77d2a68a7897a5571bb7c33ad12264102a
2024-09-30 12:17:39,62,01fbae127e8db09da74812bde292eb77d2a68a7897a5571bb7c33ad12264102a
2024-09-30 12:17:39,62,01fbae127e8db09da74812bde292eb77d2a68a7897a5571bb7c33ad12264102a
2024-09-30 12:17:39,62,01fbae127e8db09da74812bde292eb77d2a68a7897a5571bb7c33ad12264102a
2024-09-30 12:17:40,62,ac6bdf2d5686dae420b8fa528fcc9b72514a3cbbdca201fadac306c2091d9b0c
2024-09-30 12:17:41,62,18248f005b7493422ea25abcce7179b6d01446ebce2f14824bfbdbbe7f402bb9
2024-09-30 12:17:46,62,18248f005b7493422ea25abcce7179b6d01446ebce2f14824bfbdbbe7f402bb9
2024-09-30 12:17:53,62,18248f005b7493422ea25abcce7179b6d01446ebce2f14824bfbdbbe7f402bb9
2024-09-30 12:17:59,62,49a8a774ce5021709aee890d1a6c508a9ac344d9604c9fd7f649292aa58ab50b
2024-09-30 12:17:59,62,18248f005b7493422ea25abcce7179b6d01446ebce2f14824bfbdbbe7f402bb9
2024-09-30 12:17:59,62,18248f005b7493422ea25abcce7179b6d01446ebce2f14824bfbdbbe7f402bb9
2024-09-30 12:18:08,62,92dec0a03d236b1673c65fd213be5f229f5bd4074d40b53ff471c1af5b5a99bb
2024-09-30 12:18:09,62,18248f005b7493422ea25abcce7179b6d01446ebce2f14824bfbdbbe7f402bb9
2024-09-30 12:18:09,62,18248f005b7493422ea25abcce7179b6d01446ebce2f14824bfbdbbe7f402bb9
2024-09-30 12:18:24,62,18248f005b7493422ea25abcce7179b6d01446ebce2f14824bfbdbbe7f402bb9
2024-09-30 12:18:26,62,18248f005b7493422ea25abcce7179b6d01446ebce2f14824bfbdbbe7f402bb9
2024-09-30 12:18:26,62,18248f005b7493422ea25abcce7179b6d01446ebce2f14824bfbdbbe7f402bb9
2024-09-30 12:18:31,62,18248f005b7493422ea25abcce7179b6d01446ebce2f14824bfbdbbe7f402bb9
2024-09-30 12:18:36,62,3901688d33322be8e6e95730a2d46b3b729d303d6507bd4ac75095ad5a7df8e8
2024-09-30 12:18:38,62,18248f005b7493422ea25abcce7179b6d01446ebce2f14824bfbdbbe7f402bb9
2024-09-30 12:18:38,62,18248f005b7493422ea25abcce7179b6d01446ebce2f14824bfbdbbe7f402bb9
2024-09-30 12:18:40,62,584fadc5481423104c26d11f7df9e9a427b3f316657647a1d8514982e6f86329
2024-09-30 12:18:40,62,584fadc5481423104c26d11f7df9e9a427b3f316657647a1d8514982e6f86329
2024-09-30 12:18:40,62,584fadc5481423104c26d11f7df9e9a427b3f316657647a1d8514982e6f86329
2024-09-30 12:18:47,62,18248f005b7493422ea25abcce7179b6d01446ebce2f14824bfbdbbe7f402bb9
2024-09-30 12:18:58,62,18248f005b7493422ea25abcce7179b6d01446ebce2f14824bfbdbbe7f402bb9
2024-09-30 12:19:00,62,584fadc5481423104c26d11f7df9e9a427b3f316657647a1d8514982e6f86329
2024-09-30 12:19:00,62,584fadc5481423104c26d11f7df9e9a427b3f316657647a1d8514982e6f86329
2024-09-30 12:19:00,62,584fadc5481423104c26d11f7df9e9a427b3f316657647a1d8514982e6f86329
2024-09-30 12:19:01,62,18248f005b7493422ea25abcce7179b6d01446ebce2f14824bfbdbbe7f402bb9
2024-09-30 12:19:04,62,18248f005b7493422ea25abcce7179b6d01446ebce2f14824bfbdbbe7f402bb9
2024-09-30 12:19:04,62,18248f005b7493422ea25abcce7179b6d01446ebce2f14824bfbdbbe7f402bb9
2024-09-30 12:19:04,62,18248f005b7493422ea25abcce7179b6d01446ebce2f14824bfbdbbe7f402bb9
2024-09-30 12:19:05,62,18248f005b7493422ea25abcce7179b6d01446ebce2f14824bfbdbbe7f402bb9
2024-09-30 12:19:06,62,584fadc5481423104c26d11f7df9e9a427b3f316657647a1d8514982e6f86329
2024-09-30 12:19:06,62,584fadc5481423104c26d11f7df9e9a427b3f316657647a1d8514982e6f86329
2024-09-30 12:19:06,62,584fadc5481423104c26d11f7df9e9a427b3f316657647a1d8514982e6f86329
2024-09-30 12:19:06,62,584fadc5481423104c26d11f7df9e9a427b3f316657647a1d8514982e6f86329
2024-09-30 12:19:12,62,584fadc5481423104c26d11f7df9e9a427b3f316657647a1d8514982e6f86329
2024-09-30 12:19:12,62,584fadc5481423104c26d11f7df9e9a427b3f316657647a1d8514982e6f86329
2024-09-30 12:19:12,62,584fadc5481423104c26d11f7df9e9a427b3f316657647a1d8514982e6f86329
2024-09-30 12:19:12,62,584fadc5481423104c26d11f7df9e9a427b3f316657647a1d8514982e6f86329
2024-09-30 12:19:12,62,584fadc5481423104c26d11f7df9e9a427b3f316657647a1d8514982e6f86329
2024-09-30 12:19:12,62,584fadc5481423104c26d11f7df9e9a427b3f316657647a1d8514982e6f86329
2024-09-30 12:19:12,62,584fadc5481423104c26d11f7df9e9a427b3f316657647a1d8514982e6f86329
2024-09-30 12:19:12,62,584fadc5481423104c26d11f7df9e9a427b3f316657647a1d8514982e6f86329
2024-09-30 12:19:12,62,584fadc5481423104c26d11f7df9e9a427b3f316657647a1d8514982e6f86329
2024-09-30 12:19:13,62,18248f005b7493422ea25abcce7179b6d01446ebce2f14824bfbdbbe7f402bb9
2024-09-30 12:19:13,62,18248f005b7493422ea25abcce7179b6d01446ebce2f14824bfbdbbe7f402bb9
2024-09-30 12:19:13,62,18248f005b7493422ea25abcce7179b6d01446ebce2f14824bfbdbbe7f402bb9
2024-09-30 12:19:15,62,18248f005b7493422ea25abcce7179b6d01446ebce2f14824bfbdbbe7f402bb9
2024-09-30 12:19:15,62,18248f005b7493422ea25abcce7179b6d01446ebce2f14824bfbdbbe7f402bb9
2024-09-30 12:19:18,62,584fadc5481423104c26d11f7df9e9a427b3f316657647a1d8514982e6f86329
2024-09-30 12:19:18,62,584fadc5481423104c26d11f7df9e9a427b3f316657647a1d8514982e6f86329
2024-09-30 12:19:18,62,584fadc5481423104c26d11f7df9e9a427b3f316657647a1d8514982e6f86329
2024-09-30 12:19:18,62,584fadc5481423104c26d11f7df9e9a427b3f316657647a1d8514982e6f86329
2024-09-30 12:19:18,62,584fadc5481423104c26d11f7df9e9a427b3f316657647a1d8514982e6f86329
2024-09-30 12:19:18,62,584fadc5481423104c26d11f7df9e9a427b3f316657647a1d8514982e6f86329
2024-09-30 12:19:18,62,584fadc5481423104c26d11f7df9e9a427b3f316657647a1d8514982e6f86329
2024-09-30 12:19:18,62,584fadc5481423104c26d11f7df9e9a427b3f316657647a1d8514982e6f86329
2024-09-30 12:19:18,62,584fadc5481423104c26d11f7df9e9a427b3f316657647a1d8514982e6f86329
2024-09-30 12:19:18,62,584fadc5481423104c26d11f7df9e9a427b3f316657647a1d8514982e6f86329
2024-09-30 12:19:18,62,584fadc5481423104c26d11f7df9e9a427b3f316657647a1d8514982e6f86329
2024-09-30 12:19:24,62,584fadc5481423104c26d11f7df9e9a427b3f316657647a1d8514982e6f86329
2024-09-30 12:19:24,62,584fadc5481423104c26d11f7df9e9a427b3f316657647a1d8514982e6f86329
2024-09-30 12:19:24,62,584fadc5481423104c26d11f7df9e9a427b3f316657647a1d8514982e6f86329
2024-09-30 12:19:24,62,584fadc5481423104c26d11f7df9e9a427b3f316657647a1d8514982e6f86329
2024-09-30 12:19:24,62,584fadc5481423104c26d11f7df9e9a427b3f316657647a1d8514982e6f86329
2024-09-30 12:19:24,62,584fadc5481423104c26d11f7df9e9a427b3f316657647a1d8514982e6f86329
2024-09-30 12:19:24,62,584fadc5481423104c26d11f7df9e9a427b3f316657647a1d8514982e6f86329
2024-09-30 12:19:24,62,584fadc5481423104c26d11f7df9e9a427b3f316657647a1d8514982e6f86329
2024-09-30 12:19:24,62,584fadc5481423104c26d11f7df9e9a427b3f316657647a1d8514982e6f86329
2024-09-30 12:19:24,62,584fadc5481423104c26d11f7df9e9a427b3f316657647a1d8514982e6f86329
2024-09-30 12:19:30,62,f214df8686dde5873f6737cdf93909d29f9b61e55a05fd900714072e85e7e2d9
2024-09-30 12:19:30,62,584fadc5481423104c26d11f7df9e9a427b3f316657647a1d8514982e6f86329
2024-09-30 12:19:30,62,584fadc5481423104c26d11f7df9e9a427b3f316657647a1d8514982e6f86329
2024-09-30 12:19:30,62,584fadc5481423104c26d11f7df9e9a427b3f316657647a1d8514982e6f86329
2024-09-30 12:19:31,62,584fadc5481423104c26d11f7df9e9a427b3f316657647a1d8514982e6f86329
2024-09-30 12:19:31,62,584fadc5481423104c26d11f7df9e9a427b3f316657647a1d8514982e6f86329
2024-09-30 12:19:31,62,584fadc5481423104c26d11f7df9e9a427b3f316657647a1d8514982e6f86329
2024-09-30 12:19:37,62,584fadc5481423104c26d11f7df9e9a427b3f316657647a1d8514982e6f86329
2024-09-30 12:19:37,62,584fadc5481423104c26d11f7df9e9a427b3f316657647a1d8514982e6f86329
2024-09-30 12:19:37,62,584fadc5481423104c26d11f7df9e9a427b3f316657647a1d8514982e6f86329
2024-09-30 12:19:39,62,18248f005b7493422ea25abcce7179b6d01446ebce2f14824bfbdbbe7f402bb9
2024-09-30 12:19:40,62,18248f005b7493422ea25abcce7179b6d01446ebce2f14824bfbdbbe7f402bb9
2024-09-30 12:19:40,62,18248f005b7493422ea25abcce7179b6d01446ebce2f14824bfbdbbe7f402bb9
2024-09-30 12:19:41,62,18248f005b7493422ea25abcce7179b6d01446ebce2f14824bfbdbbe7f402bb9
2024-09-30 12:19:41,62,18248f005b7493422ea25abcce7179b6d01446ebce2f14824bfbdbbe7f402bb9
2024-09-30 12:19:43,62,584fadc5481423104c26d11f7df9e9a427b3f316657647a1d8514982e6f86329
2024-09-30 12:19:49,62,18248f005b7493422ea25abcce7179b6d01446ebce2f14824bfbdbbe7f402bb9
2024-09-30 12:19:49,62,18248f005b7493422ea25abcce7179b6d01446ebce2f14824bfbdbbe7f402bb9
2024-09-30 12:19:49,62,01fbae127e8db09da74812bde292eb77d2a68a7897a5571bb7c33ad12264102a
2024-09-30 12:19:56,62,584fadc5481423104c26d11f7df9e9a427b3f316657647a1d8514982e6f86329
2024-09-30 12:19:56,62,584fadc5481423104c26d11f7df9e9a427b3f316657647a1d8514982e6f86329
2024-09-30 12:19:56,62,584fadc5481423104c26d11f7df9e9a427b3f316657647a1d8514982e6f86329
2024-09-30 12:19:56,62,584fadc5481423104c26d11f7df9e9a427b3f316657647a1d8514982e6f86329
2024-09-30 12:19:56,62,584fadc5481423104c26d11f7df9e9a427b3f316657647a1d8514982e6f86329
2024-09-30 12:19:56,62,584fadc5481423104c26d11f7df9e9a427b3f316657647a1d8514982e6f86329
2024-09-30 12:20:02,62,584fadc5481423104c26d11f7df9e9a427b3f316657647a1d8514982e6f86329
2024-09-30 12:20:02,62,584fadc5481423104c26d11f7df9e9a427b3f316657647a1d8514982e6f86329
2024-09-30 12:20:02,62,584fadc5481423104c26d11f7df9e9a427b3f316657647a1d8514982e6f86329
2024-09-30 12:20:02,62,584fadc5481423104c26d11f7df9e9a427b3f316657647a1d8514982e6f86329
2024-09-30 12:20:02,62,584fadc5481423104c26d11f7df9e9a427b3f316657647a1d8514982e6f86329
2024-09-30 12:20:02,62,584fadc5481423104c26d11f7df9e9a427b3f316657647a1d8514982e6f86329
2024-09-30 12:20:02,62,584fadc5481423104c26d11f7df9e9a427b3f316657647a1d8514982e6f86329
2024-09-30 12:20:02,62,584fadc5481423104c26d11f7df9e9a427b3f316657647a1d8514982e6f86329
2024-09-30 12:20:03,62,584fadc5481423104c26d11f7df9e9a427b3f316657647a1d8514982e6f86329
2024-09-30 12:20:03,62,584fadc5481423104c26d11f7df9e9a427b3f316657647a1d8514982e6f86329
2024-09-30 12:20:08,62,584fadc5481423104c26d11f7df9e9a427b3f316657647a1d8514982e6f86329
2024-09-30 12:20:08,62,584fadc5481423104c26d11f7df9e9a427b3f316657647a1d8514982e6f86329
2024-09-30 12:20:08,62,584fadc5481423104c26d11f7df9e9a427b3f316657647a1d8514982e6f86329
2024-09-30 12:20:08,62,584fadc5481423104c26d11f7df9e9a427b3f316657647a1d8514982e6f86329
2024-09-30 12:20:09,62,584fadc5481423104c26d11f7df9e9a427b3f316657647a1d8514982e6f86329
2024-09-30 12:20:09,62,584fadc5481423104c26d11f7df9e9a427b3f316657647a1d8514982e6f86329
2024-09-30 12:20:09,62,584fadc5481423104c26d11f7df9e9a427b3f316657647a1d8514982e6f86329
2024-09-30 12:20:09,62,584fadc5481423104c26d11f7df9e9a427b3f316657647a1d8514982e6f86329
2024-09-30 12:20:09,62,584fadc5481423104c26d11f7df9e9a427b3f316657647a1d8514982e6f86329
2024-09-30 12:20:09,62,584fadc5481423104c26d11f7df9e9a427b3f316657647a1d8514982e6f86329
2024-09-30 12:20:09,62,584fadc5481423104c26d11f7df9e9a427b3f316657647a1d8514982e6f86329
2024-09-30 12:20:15,62,584fadc5481423104c26d11f7df9e9a427b3f316657647a1d8514982e6f86329
2024-09-30 12:20:15,62,584fadc5481423104c26d11f7df9e9a427b3f316657647a1d8514982e6f86329
2024-09-30 12:20:15,62,584fadc5481423104c26d11f7df9e9a427b3f316657647a1d8514982e6f86329
2024-09-30 12:20:15,62,584fadc5481423104c26d11f7df9e9a427b3f316657647a1d8514982e6f86329
2024-09-30 12:20:15,62,584fadc5481423104c26d11f7df9e9a427b3f316657647a1d8514982e6f86329
2024-09-30 12:20:15,62,584fadc5481423104c26d11f7df9e9a427b3f316657647a1d8514982e6f86329
2024-09-30 12:20:15,62,584fadc5481423104c26d11f7df9e9a427b3f316657647a1d8514982e6f86329
2024-09-30 12:20:15,62,584fadc5481423104c26d11f7df9e9a427b3f316657647a1d8514982e6f86329
2024-09-30 12:20:15,62,584fadc5481423104c26d11f7df9e9a427b3f316657647a1d8514982e6f86329
2024-09-30 12:20:15,62,584fadc5481423104c26d11f7df9e9a427b3f316657647a1d8514982e6f86329
2024-09-30 12:20:16,62,01fbae127e8db09da74812bde292eb77d2a68a7897a5571bb7c33ad12264102a
2024-09-30 12:20:16,62,01fbae127e8db09da74812bde292eb77d2a68a7897a5571bb7c33ad12264102a
2024-09-30 12:20:19,62,18248f005b7493422ea25abcce7179b6d01446ebce2f14824bfbdbbe7f402bb9
2024-09-30 12:20:19,62,18248f005b7493422ea25abcce7179b6d01446ebce2f14824bfbdbbe7f402bb9
2024-09-30 12:20:21,62,584fadc5481423104c26d11f7df9e9a427b3f316657647a1d8514982e6f86329
2024-09-30 12:20:21,62,584fadc5481423104c26d11f7df9e9a427b3f316657647a1d8514982e6f86329
2024-09-30 12:20:21,62,584fadc5481423104c26d11f7df9e9a427b3f316657647a1d8514982e6f86329
2024-09-30 12:20:21,62,584fadc5481423104c26d11f7df9e9a427b3f316657647a1d8514982e6f86329
2024-09-30 12:20:21,62,584fadc5481423104c26d11f7df9e9a427b3f316657647a1d8514982e6f86329
2024-09-30 12:20:21,62,584fadc5481423104c26d11f7df9e9a427b3f316657647a1d8514982e6f86329
2024-09-30 12:20:21,62,584fadc5481423104c26d11f7df9e9a427b3f316657647a1d8514982e6f86329
2024-09-30 12:20:21,62,584fadc5481423104c26d11f7df9e9a427b3f316657647a1d8514982e6f86329
2024-09-30 12:20:25,62,0da0408cf172cf652980c296e04f6da88b4cd082b95640e05b763cd9c6b21fa6
2024-09-30 12:20:25,62,0da0408cf172cf652980c296e04f6da88b4cd082b95640e05b763cd9c6b21fa6
2024-09-30 12:20:25,62,0da0408cf172cf652980c296e04f6da88b4cd082b95640e05b763cd9c6b21fa6
2024-09-30 12:20:25,62,0da0408cf172cf652980c296e04f6da88b4cd082b95640e05b763cd9c6b21fa6
2024-09-30 12:20:25,62,0da0408cf172cf652980c296e04f6da88b4cd082b95640e05b763cd9c6b21fa6
2024-09-30 12:20:25,62,01fbae127e8db09da74812bde292eb77d2a68a7897a5571bb7c33ad12264102a
2024-09-30 12:20:25,62,01fbae127e8db09da74812bde292eb77d2a68a7897a5571bb7c33ad12264102a
2024-09-30 12:20:25,62,01fbae127e8db09da74812bde292eb77d2a68a7897a5571bb7c33ad12264102a
2024-09-30 12:20:26,62,18248f005b7493422ea25abcce7179b6d01446ebce2f14824bfbdbbe7f402bb9
2024-09-30 12:20:26,62,18248f005b7493422ea25abcce7179b6d01446ebce2f14824bfbdbbe7f402bb9
2024-09-30 12:20:26,62,18248f005b7493422ea25abcce7179b6d01446ebce2f14824bfbdbbe7f402bb9
2024-09-30 12:20:27,62,584fadc5481423104c26d11f7df9e9a427b3f316657647a1d8514982e6f86329
2024-09-30 12:20:27,62,584fadc5481423104c26d11f7df9e9a427b3f316657647a1d8514982e6f86329
2024-09-30 12:20:27,62,584fadc5481423104c26d11f7df9e9a427b3f316657647a1d8514982e6f86329
2024-09-30 12:20:27,62,584fadc5481423104c26d11f7df9e9a427b3f316657647a1d8514982e6f86329
2024-09-30 12:20:27,62,584fadc5481423104c26d11f7df9e9a427b3f316657647a1d8514982e6f86329
2024-09-30 12:20:27,62,584fadc5481423104c26d11f7df9e9a427b3f316657647a1d8514982e6f86329
2024-09-30 12:20:27,62,584fadc5481423104c26d11f7df9e9a427b3f316657647a1d8514982e6f86329
2024-09-30 12:20:27,62,584fadc5481423104c26d11f7df9e9a427b3f316657647a1d8514982e6f86329
2024-09-30 12:20:27,62,584fadc5481423104c26d11f7df9e9a427b3f316657647a1d8514982e6f86329
2024-09-30 12:20:27,62,584fadc5481423104c26d11f7df9e9a427b3f316657647a1d8514982e6f86329
2024-09-30 12:20:33,62,584fadc5481423104c26d11f7df9e9a427b3f316657647a1d8514982e6f86329
2024-09-30 12:20:33,62,584fadc5481423104c26d11f7df9e9a427b3f316657647a1d8514982e6f86329
2024-09-30 12:20:33,62,584fadc5481423104c26d11f7df9e9a427b3f316657647a1d8514982e6f86329
2024-09-30 12:20:33,62,584fadc5481423104c26d11f7df9e9a427b3f316657647a1d8514982e6f86329
2024-09-30 12:20:33,62,584fadc5481423104c26d11f7df9e9a427b3f316657647a1d8514982e6f86329
2024-09-30 12:20:33,62,584fadc5481423104c26d11f7df9e9a427b3f316657647a1d8514982e6f86329
2024-09-30 12:20:33,62,584fadc5481423104c26d11f7df9e9a427b3f316657647a1d8514982e6f86329
2024-09-30 12:20:33,62,584fadc5481423104c26d11f7df9e9a427b3f316657647a1d8514982e6f86329
2024-09-30 12:20:39,62,584fadc5481423104c26d11f7df9e9a427b3f316657647a1d8514982e6f86329
2024-09-30 12:20:39,62,584fadc5481423104c26d11f7df9e9a427b3f316657647a1d8514982e6f86329
2024-09-30 12:20:39,62,584fadc5481423104c26d11f7df9e9a427b3f316657647a1d8514982e6f86329
2024-09-30 12:20:39,62,584fadc5481423104c26d11f7df9e9a427b3f316657647a1d8514982e6f86329
2024-09-30 12:20:39,62,584fadc5481423104c26d11f7df9e9a427b3f316657647a1d8514982e6f86329
2024-09-30 12:20:41,62,18248f005b7493422ea25abcce7179b6d01446ebce2f14824bfbdbbe7f402bb9
2024-09-30 12:20:41,62,01fbae127e8db09da74812bde292eb77d2a68a7897a5571bb7c33ad12264102a
2024-09-30 12:20:41,62,01fbae127e8db09da74812bde292eb77d2a68a7897a5571bb7c33ad12264102a
2024-09-30 12:20:41,62,01fbae127e8db09da74812bde292eb77d2a68a7897a5571bb7c33ad12264102a
2024-09-30 12:20:41,62,01fbae127e8db09da74812bde292eb77d2a68a7897a5571bb7c33ad12264102a
2024-09-30 12:20:41,62,01fbae127e8db09da74812bde292eb77d2a68a7897a5571bb7c33ad12264102a
2024-09-30 12:20:46,62,18248f005b7493422ea25abcce7179b6d01446ebce2f14824bfbdbbe7f402bb9
2024-09-30 12:20:59,62,584fadc5481423104c26d11f7df9e9a427b3f316657647a1d8514982e6f86329
2024-09-30 12:21:09,62,01fbae127e8db09da74812bde292eb77d2a68a7897a5571bb7c33ad12264102a
2024-09-30 12:21:09,62,01fbae127e8db09da74812bde292eb77d2a68a7897a5571bb7c33ad12264102a
2024-09-30 12:21:09,62,01fbae127e8db09da74812bde292eb77d2a68a7897a5571bb7c33ad12264102a
2024-09-30 12:21:11,62,18248f005b7493422ea25abcce7179b6d01446ebce2f14824bfbdbbe7f402bb9
2024-09-30 12:21:11,62,584fadc5481423104c26d11f7df9e9a427b3f316657647a1d8514982e6f86329
2024-09-30 12:21:12,62,18248f005b7493422ea25abcce7179b6d01446ebce2f14824bfbdbbe7f402bb9
2024-09-30 12:21:12,62,18248f005b7493422ea25abcce7179b6d01446ebce2f14824bfbdbbe7f402bb9
2024-09-30 12:21:17,62,01fbae127e8db09da74812bde292eb77d2a68a7897a5571bb7c33ad12264102a
2024-09-30 12:21:17,62,01fbae127e8db09da74812bde292eb77d2a68a7897a5571bb7c33ad12264102a
2024-09-30 12:21:17,62,01fbae127e8db09da74812bde292eb77d2a68a7897a5571bb7c33ad12264102a
2024-09-30 12:21:17,62,01fbae127e8db09da74812bde292eb77d2a68a7897a5571bb7c33ad12264102a
2024-09-30 12:21:17,62,01fbae127e8db09da74812bde292eb77d2a68a7897a5571bb7c33ad12264102a
2024-09-30 12:21:18,62,01fbae127e8db09da74812bde292eb77d2a68a7897a5571bb7c33ad12264102a
2024-09-30 12:21:18,62,01fbae127e8db09da74812bde292eb77d2a68a7897a5571bb7c33ad12264102a
2024-09-30 12:21:19,62,18248f005b7493422ea25abcce7179b6d01446ebce2f14824bfbdbbe7f402bb9
2024-09-30 12:21:19,62,18248f005b7493422ea25abcce7179b6d01446ebce2f14824bfbdbbe7f402bb9
2024-09-30 12:21:19,62,18248f005b7493422ea25abcce7179b6d01446ebce2f14824bfbdbbe7f402bb9
2024-09-30 12:21:19,62,18248f005b7493422ea25abcce7179b6d01446ebce2f14824bfbdbbe7f402bb9
2024-09-30 12:21:24,62,18248f005b7493422ea25abcce7179b6d01446ebce2f14824bfbdbbe7f402bb9
2024-09-30 12:21:29,62,01fbae127e8db09da74812bde292eb77d2a68a7897a5571bb7c33ad12264102a
2024-09-30 12:21:29,62,584fadc5481423104c26d11f7df9e9a427b3f316657647a1d8514982e6f86329
2024-09-30 12:21:30,62,01fbae127e8db09da74812bde292eb77d2a68a7897a5571bb7c33ad12264102a
2024-09-30 12:21:31,62,18248f005b7493422ea25abcce7179b6d01446ebce2f14824bfbdbbe7f402bb9
2024-09-30 12:21:31,62,18248f005b7493422ea25abcce7179b6d01446ebce2f14824bfbdbbe7f402bb9
2024-09-30 12:21:32,62,18248f005b7493422ea25abcce7179b6d01446ebce2f14824bfbdbbe7f402bb9
2024-09-30 12:21:32,62,18248f005b7493422ea25abcce7179b6d01446ebce2f14824bfbdbbe7f402bb9
2024-09-30 12:21:32,62,18248f005b7493422ea25abcce7179b6d01446ebce2f14824bfbdbbe7f402bb9
2024-09-30 12:21:32,62,18248f005b7493422ea25abcce7179b6d01446ebce2f14824bfbdbbe7f402bb9
2024-09-30 12:21:33,62,18248f005b7493422ea25abcce7179b6d01446ebce2f14824bfbdbbe7f402bb9
2024-09-30 12:21:33,62,18248f005b7493422ea25abcce7179b6d01446ebce2f14824bfbdbbe7f402bb9
2024-09-30 12:21:36,62,18248f005b7493422ea25abcce7179b6d01446ebce2f14824bfbdbbe7f402bb9
2024-09-30 12:21:36,62,18248f005b7493422ea25abcce7179b6d01446ebce2f14824bfbdbbe7f402bb9
2024-09-30 12:21:38,62,18248f005b7493422ea25abcce7179b6d01446ebce2f14824bfbdbbe7f402bb9
2024-09-30 12:21:38,62,18248f005b7493422ea25abcce7179b6d01446ebce2f14824bfbdbbe7f402bb9
2024-09-30 12:21:38,62,18248f005b7493422ea25abcce7179b6d01446ebce2f14824bfbdbbe7f402bb9
2024-09-30 12:21:40,62,01fbae127e8db09da74812bde292eb77d2a68a7897a5571bb7c33ad12264102a
2024-09-30 12:21:40,62,01fbae127e8db09da74812bde292eb77d2a68a7897a5571bb7c33ad12264102a
2024-09-30 12:21:40,62,01fbae127e8db09da74812bde292eb77d2a68a7897a5571bb7c33ad12264102a
2024-09-30 12:21:45,62,18248f005b7493422ea25abcce7179b6d01446ebce2f14824bfbdbbe7f402bb9
2024-09-30 12:21:53,62,01fbae127e8db09da74812bde292eb77d2a68a7897a5571bb7c33ad12264102a
2024-09-30 12:21:53,62,01fbae127e8db09da74812bde292eb77d2a68a7897a5571bb7c33ad12264102a
2024-09-30 12:21:54,62,01fbae127e8db09da74812bde292eb77d2a68a7897a5571bb7c33ad12264102a
2024-09-30 12:21:54,62,01fbae127e8db09da74812bde292eb77d2a68a7897a5571bb7c33ad12264102a
2024-09-30 12:21:54,62,01fbae127e8db09da74812bde292eb77d2a68a7897a5571bb7c33ad12264102a
2024-09-30 12:21:59,62,18248f005b7493422ea25abcce7179b6d01446ebce2f14824bfbdbbe7f402bb9
2024-09-30 12:21:59,62,18248f005b7493422ea25abcce7179b6d01446ebce2f14824bfbdbbe7f402bb9
2024-09-30 12:21:59,62,18248f005b7493422ea25abcce7179b6d01446ebce2f14824bfbdbbe7f402bb9
2024-09-30 12:21:59,62,18248f005b7493422ea25abcce7179b6d01446ebce2f14824bfbdbbe7f402bb9
2024-09-30 12:22:10,62,f214df8686dde5873f6737cdf93909d29f9b61e55a05fd900714072e85e7e2d9
2024-09-30 12:22:12,62,18248f005b7493422ea25abcce7179b6d01446ebce2f14824bfbdbbe7f402bb9
2024-09-30 12:22:16,62,01fbae127e8db09da74812bde292eb77d2a68a7897a5571bb7c33ad12264102a
2024-09-30 12:22:16,62,01fbae127e8db09da74812bde292eb77d2a68a7897a5571bb7c33ad12264102a
2024-09-30 12:22:16,62,01fbae127e8db09da74812bde292eb77d2a68a7897a5571bb7c33ad12264102a
2024-09-30 12:22:38,62,92dec0a03d236b1673c65fd213be5f229f5bd4074d40b53ff471c1af5b5a99bb
2024-09-30 12:22:41,62,b259ad7b374273c26bec3567023bb3cef7a54a76409fb3688a4ef5ae3e07d4ba
2024-09-30 12:22:41,62,b259ad7b374273c26bec3567023bb3cef7a54a76409fb3688a4ef5ae3e07d4ba
2024-09-30 12:22:42,62,b259ad7b374273c26bec3567023bb3cef7a54a76409fb3688a4ef5ae3e07d4ba
2024-09-30 12:22:42,62,b259ad7b374273c26bec3567023bb3cef7a54a76409fb3688a4ef5ae3e07d4ba
2024-09-30 12:22:42,62,b259ad7b374273c26bec3567023bb3cef7a54a76409fb3688a4ef5ae3e07d4ba
2024-09-30 12:22:42,62,b259ad7b374273c26bec3567023bb3cef7a54a76409fb3688a4ef5ae3e07d4ba
2024-09-30 12:22:42,62,b259ad7b374273c26bec3567023bb3cef7a54a76409fb3688a4ef5ae3e07d4ba
2024-09-30 12:22:42,62,b259ad7b374273c26bec3567023bb3cef7a54a76409fb3688a4ef5ae3e07d4ba
2024-09-30 12:22:52,62,c81372ca9529ddeb87790ff76f6745ec6870bc09bcdd705d8da7bfde78aed086
2024-09-30 12:22:52,62,c81372ca9529ddeb87790ff76f6745ec6870bc09bcdd705d8da7bfde78aed086
2024-09-30 12:22:52,62,c81372ca9529ddeb87790ff76f6745ec6870bc09bcdd705d8da7bfde78aed086
2024-09-30 12:22:52,62,c81372ca9529ddeb87790ff76f6745ec6870bc09bcdd705d8da7bfde78aed086
2024-09-30 12:22:52,62,c81372ca9529ddeb87790ff76f6745ec6870bc09bcdd705d8da7bfde78aed086
2024-09-30 12:22:52,62,c81372ca9529ddeb87790ff76f6745ec6870bc09bcdd705d8da7bfde78aed086
2024-09-30 12:22:52,62,c81372ca9529ddeb87790ff76f6745ec6870bc09bcdd705d8da7bfde78aed086
2024-09-30 12:22:52,62,c81372ca9529ddeb87790ff76f6745ec6870bc09bcdd705d8da7bfde78aed086
2024-09-30 12:22:52,62,c81372ca9529ddeb87790ff76f6745ec6870bc09bcdd705d8da7bfde78aed086
2024-09-30 12:22:52,62,c81372ca9529ddeb87790ff76f6745ec6870bc09bcdd705d8da7bfde78aed086
2024-09-30 12:22:57,62,18248f005b7493422ea25abcce7179b6d01446ebce2f14824bfbdbbe7f402bb9
2024-09-30 12:22:57,62,18248f005b7493422ea25abcce7179b6d01446ebce2f14824bfbdbbe7f402bb9
2024-09-30 12:22:59,62,92dec0a03d236b1673c65fd213be5f229f5bd4074d40b53ff471c1af5b5a99bb
2024-09-30 12:23:00,62,18248f005b7493422ea25abcce7179b6d01446ebce2f14824bfbdbbe7f402bb9
2024-09-30 12:23:02,62,18248f005b7493422ea25abcce7179b6d01446ebce2f14824bfbdbbe7f402bb9
2024-09-30 12:23:02,62,18248f005b7493422ea25abcce7179b6d01446ebce2f14824bfbdbbe7f402bb9
2024-09-30 12:23:02,62,18248f005b7493422ea25abcce7179b6d01446ebce2f14824bfbdbbe7f402bb9
2024-09-30 12:23:04,62,18248f005b7493422ea25abcce7179b6d01446ebce2f14824bfbdbbe7f402bb9
2024-09-30 12:23:04,62,18248f005b7493422ea25abcce7179b6d01446ebce2f14824bfbdbbe7f402bb9
2024-09-30 12:23:04,62,18248f005b7493422ea25abcce7179b6d01446ebce2f14824bfbdbbe7f402bb9
2024-09-30 12:23:04,62,18248f005b7493422ea25abcce7179b6d01446ebce2f14824bfbdbbe7f402bb9
2024-09-30 12:23:04,62,18248f005b7493422ea25abcce7179b6d01446ebce2f14824bfbdbbe7f402bb9
2024-09-30 12:23:05,62,18248f005b7493422ea25abcce7179b6d01446ebce2f14824bfbdbbe7f402bb9
2024-09-30 12:23:15,62,18248f005b7493422ea25abcce7179b6d01446ebce2f14824bfbdbbe7f402bb9
2024-09-30 12:23:15,62,18248f005b7493422ea25abcce7179b6d01446ebce2f14824bfbdbbe7f402bb9
2024-09-30 12:23:25,62,18248f005b7493422ea25abcce7179b6d01446ebce2f14824bfbdbbe7f402bb9
2024-09-30 12:23:25,62,18248f005b7493422ea25abcce7179b6d01446ebce2f14824bfbdbbe7f402bb9
2024-09-30 12:23:25,62,18248f005b7493422ea25abcce7179b6d01446ebce2f14824bfbdbbe7f402bb9
2024-09-30 12:23:28,62,18248f005b7493422ea25abcce7179b6d01446ebce2f14824bfbdbbe7f402bb9
2024-09-30 12:23:28,62,01fbae127e8db09da74812bde292eb77d2a68a7897a5571bb7c33ad12264102a
2024-09-30 12:23:28,62,01fbae127e8db09da74812bde292eb77d2a68a7897a5571bb7c33ad12264102a
2024-09-30 12:23:28,62,01fbae127e8db09da74812bde292eb77d2a68a7897a5571bb7c33ad12264102a
2024-09-30 12:23:28,62,01fbae127e8db09da74812bde292eb77d2a68a7897a5571bb7c33ad12264102a
2024-09-30 12:23:28,62,01fbae127e8db09da74812bde292eb77d2a68a7897a5571bb7c33ad12264102a
2024-09-30 12:23:30,62,ac6bdf2d5686dae420b8fa528fcc9b72514a3cbbdca201fadac306c2091d9b0c
2024-09-30 12:23:30,62,ac6bdf2d5686dae420b8fa528fcc9b72514a3cbbdca201fadac306c2091d9b0c
2024-09-30 12:23:31,62,c81372ca9529ddeb87790ff76f6745ec6870bc09bcdd705d8da7bfde78aed086
2024-09-30 12:23:31,62,c81372ca9529ddeb87790ff76f6745ec6870bc09bcdd705d8da7bfde78aed086
2024-09-30 12:23:31,62,c81372ca9529ddeb87790ff76f6745ec6870bc09bcdd705d8da7bfde78aed086
2024-09-30 12:23:31,62,c81372ca9529ddeb87790ff76f6745ec6870bc09bcdd705d8da7bfde78aed086
2024-09-30 12:23:31,62,c81372ca9529ddeb87790ff76f6745ec6870bc09bcdd705d8da7bfde78aed086
2024-09-30 12:23:31,62,c81372ca9529ddeb87790ff76f6745ec6870bc09bcdd705d8da7bfde78aed086
2024-09-30 12:23:31,62,c81372ca9529ddeb87790ff76f6745ec6870bc09bcdd705d8da7bfde78aed086
2024-09-30 12:23:32,62,c81372ca9529ddeb87790ff76f6745ec6870bc09bcdd705d8da7bfde78aed086
2024-09-30 12:23:32,62,c81372ca9529ddeb87790ff76f6745ec6870bc09bcdd705d8da7bfde78aed086
2024-09-30 12:23:32,62,c81372ca9529ddeb87790ff76f6745ec6870bc09bcdd705d8da7bfde78aed086
2024-09-30 12:23:32,62,c81372ca9529ddeb87790ff76f6745ec6870bc09bcdd705d8da7bfde78aed086
2024-09-30 12:23:32,62,c81372ca9529ddeb87790ff76f6745ec6870bc09bcdd705d8da7bfde78aed086
2024-09-30 12:23:32,62,c81372ca9529ddeb87790ff76f6745ec6870bc09bcdd705d8da7bfde78aed086
2024-09-30 12:23:32,62,c81372ca9529ddeb87790ff76f6745ec6870bc09bcdd705d8da7bfde78aed086
2024-09-30 12:23:32,62,c81372ca9529ddeb87790ff76f6745ec6870bc09bcdd705d8da7bfde78aed086
2024-09-30 12:23:32,62,c81372ca9529ddeb87790ff76f6745ec6870bc09bcdd705d8da7bfde78aed086
2024-09-30 12:23:32,62,c81372ca9529ddeb87790ff76f6745ec6870bc09bcdd705d8da7bfde78aed086
2024-09-30 12:23:32,62,c81372ca9529ddeb87790ff76f6745ec6870bc09bcdd705d8da7bfde78aed086
2024-09-30 12:23:40,62,92dec0a03d236b1673c65fd213be5f229f5bd4074d40b53ff471c1af5b5a99bb
2024-09-30 12:23:43,62,01fbae127e8db09da74812bde292eb77d2a68a7897a5571bb7c33ad12264102a
2024-09-30 12:23:43,62,01fbae127e8db09da74812bde292eb77d2a68a7897a5571bb7c33ad12264102a
2024-09-30 12:23:44,62,18248f005b7493422ea25abcce7179b6d01446ebce2f14824bfbdbbe7f402bb9
2024-09-30 12:23:45,62,18248f005b7493422ea25abcce7179b6d01446ebce2f14824bfbdbbe7f402bb9
2024-09-30 12:23:57,62,18248f005b7493422ea25abcce7179b6d01446ebce2f14824bfbdbbe7f402bb9
2024-09-30 12:23:57,62,18248f005b7493422ea25abcce7179b6d01446ebce2f14824bfbdbbe7f402bb9
2024-09-30 12:24:07,62,18248f005b7493422ea25abcce7179b6d01446ebce2f14824bfbdbbe7f402bb9
2024-09-30 12:24:07,62,18248f005b7493422ea25abcce7179b6d01446ebce2f14824bfbdbbe7f402bb9
2024-09-30 12:24:21,62,18248f005b7493422ea25abcce7179b6d01446ebce2f14824bfbdbbe7f402bb9
2024-09-30 12:24:23,62,18248f005b7493422ea25abcce7179b6d01446ebce2f14824bfbdbbe7f402bb9
2024-09-30 12:24:24,62,18248f005b7493422ea25abcce7179b6d01446ebce2f14824bfbdbbe7f402bb9
2024-09-30 12:24:40,62,18248f005b7493422ea25abcce7179b6d01446ebce2f14824bfbdbbe7f402bb9
2024-09-30 12:24:43,62,18248f005b7493422ea25abcce7179b6d01446ebce2f14824bfbdbbe7f402bb9
2024-09-30 12:24:50,62,92dec0a03d236b1673c65fd213be5f229f5bd4074d40b53ff471c1af5b5a99bb
2024-09-30 12:24:53,62,18248f005b7493422ea25abcce7179b6d01446ebce2f14824bfbdbbe7f402bb9
2024-09-30 12:24:59,62,92dec0a03d236b1673c65fd213be5f229f5bd4074d40b53ff471c1af5b5a99bb
2024-09-30 12:25:03,62,18248f005b7493422ea25abcce7179b6d01446ebce2f14824bfbdbbe7f402bb9
2024-09-30 12:25:04,62,18248f005b7493422ea25abcce7179b6d01446ebce2f14824bfbdbbe7f402bb9
2024-09-30 12:25:04,62,18248f005b7493422ea25abcce7179b6d01446ebce2f14824bfbdbbe7f402bb9
2024-09-30 12:25:08,62,18248f005b7493422ea25abcce7179b6d01446ebce2f14824bfbdbbe7f402bb9
2024-09-30 12:25:08,62,18248f005b7493422ea25abcce7179b6d01446ebce2f14824bfbdbbe7f402bb9
2024-09-30 12:25:15,62,18248f005b7493422ea25abcce7179b6d01446ebce2f14824bfbdbbe7f402bb9
2024-09-30 12:25:16,62,49a8a774ce5021709aee890d1a6c508a9ac344d9604c9fd7f649292aa58ab50b
2024-09-30 12:25:29,62,18248f005b7493422ea25abcce7179b6d01446ebce2f14824bfbdbbe7f402bb9
2024-09-30 12:25:32,62,b259ad7b374273c26bec3567023bb3cef7a54a76409fb3688a4ef5ae3e07d4ba
2024-09-30 12:25:34,62,18248f005b7493422ea25abcce7179b6d01446ebce2f14824bfbdbbe7f402bb9
2024-09-30 12:25:34,62,18248f005b7493422ea25abcce7179b6d01446ebce2f14824bfbdbbe7f402bb9
2024-09-30 12:25:35,62,18248f005b7493422ea25abcce7179b6d01446ebce2f14824bfbdbbe7f402bb9
2024-09-30 12:25:35,62,18248f005b7493422ea25abcce7179b6d01446ebce2f14824bfbdbbe7f402bb9
2024-09-30 12:25:37,62,18248f005b7493422ea25abcce7179b6d01446ebce2f14824bfbdbbe7f402bb9
2024-09-30 12:25:37,62,18248f005b7493422ea25abcce7179b6d01446ebce2f14824bfbdbbe7f402bb9
2024-09-30 12:25:37,62,18248f005b7493422ea25abcce7179b6d01446ebce2f14824bfbdbbe7f402bb9
2024-09-30 12:25:37,62,18248f005b7493422ea25abcce7179b6d01446ebce2f14824bfbdbbe7f402bb9
2024-09-30 12:25:41,62,92dec0a03d236b1673c65fd213be5f229f5bd4074d40b53ff471c1af5b5a99bb
2024-09-30 12:25:46,62,18248f005b7493422ea25abcce7179b6d01446ebce2f14824bfbdbbe7f402bb9
2024-09-30 12:25:46,62,18248f005b7493422ea25abcce7179b6d01446ebce2f14824bfbdbbe7f402bb9
2024-09-30 12:25:46,62,18248f005b7493422ea25abcce7179b6d01446ebce2f14824bfbdbbe7f402bb9
2024-09-30 12:25:46,62,18248f005b7493422ea25abcce7179b6d01446ebce2f14824bfbdbbe7f402bb9
2024-09-30 12:25:50,62,18248f005b7493422ea25abcce7179b6d01446ebce2f14824bfbdbbe7f402bb9
2024-09-30 12:25:50,62,18248f005b7493422ea25abcce7179b6d01446ebce2f14824bfbdbbe7f402bb9
2024-09-30 12:25:50,62,18248f005b7493422ea25abcce7179b6d01446ebce2f14824bfbdbbe7f402bb9
2024-09-30 12:25:55,62,18248f005b7493422ea25abcce7179b6d01446ebce2f14824bfbdbbe7f402bb9
2024-09-30 12:25:56,62,18248f005b7493422ea25abcce7179b6d01446ebce2f14824bfbdbbe7f402bb9
2024-09-30 12:25:56,62,18248f005b7493422ea25abcce7179b6d01446ebce2f14824bfbdbbe7f402bb9
2024-09-30 12:25:58,62,18248f005b7493422ea25abcce7179b6d01446ebce2f14824bfbdbbe7f402bb9
2024-09-30 12:26:02,62,18248f005b7493422ea25abcce7179b6d01446ebce2f14824bfbdbbe7f402bb9
2024-09-30 12:26:02,62,18248f005b7493422ea25abcce7179b6d01446ebce2f14824bfbdbbe7f402bb9
2024-09-30 12:26:02,62,18248f005b7493422ea25abcce7179b6d01446ebce2f14824bfbdbbe7f402bb9
2024-09-30 12:26:02,62,18248f005b7493422ea25abcce7179b6d01446ebce2f14824bfbdbbe7f402bb9
2024-09-30 12:26:02,62,18248f005b7493422ea25abcce7179b6d01446ebce2f14824bfbdbbe7f402bb9
2024-09-30 12:26:02,62,18248f005b7493422ea25abcce7179b6d01446ebce2f14824bfbdbbe7f402bb9
2024-09-30 12:26:03,62,18248f005b7493422ea25abcce7179b6d01446ebce2f14824bfbdbbe7f402bb9
2024-09-30 12:26:03,62,18248f005b7493422ea25abcce7179b6d01446ebce2f14824bfbdbbe7f402bb9
2024-09-30 12:26:07,62,18248f005b7493422ea25abcce7179b6d01446ebce2f14824bfbdbbe7f402bb9
2024-09-30 12:26:09,62,18248f005b7493422ea25abcce7179b6d01446ebce2f14824bfbdbbe7f402bb9
2024-09-30 12:26:09,62,18248f005b7493422ea25abcce7179b6d01446ebce2f14824bfbdbbe7f402bb9
2024-09-30 12:26:09,62,18248f005b7493422ea25abcce7179b6d01446ebce2f14824bfbdbbe7f402bb9
2024-09-30 12:26:09,62,18248f005b7493422ea25abcce7179b6d01446ebce2f14824bfbdbbe7f402bb9
2024-09-30 12:26:09,62,18248f005b7493422ea25abcce7179b6d01446ebce2f14824bfbdbbe7f402bb9
2024-09-30 12:26:12,62,18248f005b7493422ea25abcce7179b6d01446ebce2f14824bfbdbbe7f402bb9
2024-09-30 12:26:12,62,18248f005b7493422ea25abcce7179b6d01446ebce2f14824bfbdbbe7f402bb9
2024-09-30 12:26:12,62,18248f005b7493422ea25abcce7179b6d01446ebce2f14824bfbdbbe7f402bb9
2024-09-30 12:26:17,62,18248f005b7493422ea25abcce7179b6d01446ebce2f14824bfbdbbe7f402bb9
2024-09-30 12:26:17,62,18248f005b7493422ea25abcce7179b6d01446ebce2f14824bfbdbbe7f402bb9
2024-09-30 12:26:18,62,18248f005b7493422ea25abcce7179b6d01446ebce2f14824bfbdbbe7f402bb9
2024-09-30 12:26:18,62,18248f005b7493422ea25abcce7179b6d01446ebce2f14824bfbdbbe7f402bb9
2024-09-30 12:26:21,62,92dec0a03d236b1673c65fd213be5f229f5bd4074d40b53ff471c1af5b5a99bb
2024-09-30 12:26:26,62,49a8a774ce5021709aee890d1a6c508a9ac344d9604c9fd7f649292aa58ab50b
2024-09-30 12:26:26,62,49a8a774ce5021709aee890d1a6c508a9ac344d9604c9fd7f649292aa58ab50b
2024-09-30 12:26:26,62,49a8a774ce5021709aee890d1a6c508a9ac344d9604c9fd7f649292aa58ab50b
2024-09-30 12:26:26,62,49a8a774ce5021709aee890d1a6c508a9ac344d9604c9fd7f649292aa58ab50b
2024-09-30 12:26:27,62,18248f005b7493422ea25abcce7179b6d01446ebce2f14824bfbdbbe7f402bb9
2024-09-30 12:26:27,62,18248f005b7493422ea25abcce7179b6d01446ebce2f14824bfbdbbe7f402bb9
2024-09-30 12:26:27,62,18248f005b7493422ea25abcce7179b6d01446ebce2f14824bfbdbbe7f402bb9
2024-09-30 12:26:30,62,ac6bdf2d5686dae420b8fa528fcc9b72514a3cbbdca201fadac306c2091d9b0c
2024-09-30 12:26:37,62,18248f005b7493422ea25abcce7179b6d01446ebce2f14824bfbdbbe7f402bb9
2024-09-30 12:26:37,62,18248f005b7493422ea25abcce7179b6d01446ebce2f14824bfbdbbe7f402bb9
2024-09-30 12:26:37,62,18248f005b7493422ea25abcce7179b6d01446ebce2f14824bfbdbbe7f402bb9
2024-09-30 12:26:39,62,18248f005b7493422ea25abcce7179b6d01446ebce2f14824bfbdbbe7f402bb9
2024-09-30 12:26:39,62,18248f005b7493422ea25abcce7179b6d01446ebce2f14824bfbdbbe7f402bb9
2024-09-30 12:26:44,62,18248f005b7493422ea25abcce7179b6d01446ebce2f14824bfbdbbe7f402bb9
2024-09-30 12:26:44,62,18248f005b7493422ea25abcce7179b6d01446ebce2f14824bfbdbbe7f402bb9
2024-09-30 12:26:44,62,18248f005b7493422ea25abcce7179b6d01446ebce2f14824bfbdbbe7f402bb9
2024-09-30 12:26:47,62,18248f005b7493422ea25abcce7179b6d01446ebce2f14824bfbdbbe7f402bb9
2024-09-30 12:26:55,62,18248f005b7493422ea25abcce7179b6d01446ebce2f14824bfbdbbe7f402bb9
2024-09-30 12:26:57,62,18248f005b7493422ea25abcce7179b6d01446ebce2f14824bfbdbbe7f402bb9
2024-09-30 12:27:08,62,18248f005b7493422ea25abcce7179b6d01446ebce2f14824bfbdbbe7f402bb9
2024-09-30 12:27:08,62,18248f005b7493422ea25abcce7179b6d01446ebce2f14824bfbdbbe7f402bb9
2024-09-30 12:27:08,62,18248f005b7493422ea25abcce7179b6d01446ebce2f14824bfbdbbe7f402bb9
2024-09-30 12:27:08,62,18248f005b7493422ea25abcce7179b6d01446ebce2f14824bfbdbbe7f402bb9
2024-09-30 12:27:08,62,18248f005b7493422ea25abcce7179b6d01446ebce2f14824bfbdbbe7f402bb9
2024-09-30 12:27:08,62,18248f005b7493422ea25abcce7179b6d01446ebce2f14824bfbdbbe7f402bb9
2024-09-30 12:27:08,62,18248f005b7493422ea25abcce7179b6d01446ebce2f14824bfbdbbe7f402bb9
2024-09-30 12:27:16,62,18248f005b7493422ea25abcce7179b6d01446ebce2f14824bfbdbbe7f402bb9
2024-09-30 12:27:16,62,01fbae127e8db09da74812bde292eb77d2a68a7897a5571bb7c33ad12264102a
2024-09-30 12:27:16,62,01fbae127e8db09da74812bde292eb77d2a68a7897a5571bb7c33ad12264102a
2024-09-30 12:27:16,62,01fbae127e8db09da74812bde292eb77d2a68a7897a5571bb7c33ad12264102a
2024-09-30 12:27:16,62,01fbae127e8db09da74812bde292eb77d2a68a7897a5571bb7c33ad12264102a
2024-09-30 12:27:22,62,b259ad7b374273c26bec3567023bb3cef7a54a76409fb3688a4ef5ae3e07d4ba
2024-09-30 12:27:22,62,b259ad7b374273c26bec3567023bb3cef7a54a76409fb3688a4ef5ae3e07d4ba
2024-09-30 12:27:23,62,01fbae127e8db09da74812bde292eb77d2a68a7897a5571bb7c33ad12264102a
2024-09-30 12:27:23,62,01fbae127e8db09da74812bde292eb77d2a68a7897a5571bb7c33ad12264102a
2024-09-30 12:27:23,62,01fbae127e8db09da74812bde292eb77d2a68a7897a5571bb7c33ad12264102a
2024-09-30 12:27:23,62,01fbae127e8db09da74812bde292eb77d2a68a7897a5571bb7c33ad12264102a
2024-09-30 12:27:23,62,01fbae127e8db09da74812bde292eb77d2a68a7897a5571bb7c33ad12264102a
2024-09-30 12:27:23,62,01fbae127e8db09da74812bde292eb77d2a68a7897a5571bb7c33ad12264102a
2024-09-30 12:27:26,62,18248f005b7493422ea25abcce7179b6d01446ebce2f14824bfbdbbe7f402bb9
2024-09-30 12:27:30,62,f214df8686dde5873f6737cdf93909d29f9b61e55a05fd900714072e85e7e2d9
2024-09-30 12:27:31,62,f214df8686dde5873f6737cdf93909d29f9b61e55a05fd900714072e85e7e2d9
2024-09-30 12:27:31,62,f214df8686dde5873f6737cdf93909d29f9b61e55a05fd900714072e85e7e2d9
2024-09-30 12:27:31,62,f214df8686dde5873f6737cdf93909d29f9b61e55a05fd900714072e85e7e2d9
2024-09-30 12:27:32,62,c81372ca9529ddeb87790ff76f6745ec6870bc09bcdd705d8da7bfde78aed086
2024-09-30 12:27:32,62,c81372ca9529ddeb87790ff76f6745ec6870bc09bcdd705d8da7bfde78aed086
2024-09-30 12:27:32,62,c81372ca9529ddeb87790ff76f6745ec6870bc09bcdd705d8da7bfde78aed086
2024-09-30 12:27:32,62,c81372ca9529ddeb87790ff76f6745ec6870bc09bcdd705d8da7bfde78aed086
2024-09-30 12:27:32,62,c81372ca9529ddeb87790ff76f6745ec6870bc09bcdd705d8da7bfde78aed086
2024-09-30 12:27:32,62,c81372ca9529ddeb87790ff76f6745ec6870bc09bcdd705d8da7bfde78aed086
2024-09-30 12:27:32,62,c81372ca9529ddeb87790ff76f6745ec6870bc09bcdd705d8da7bfde78aed086
2024-09-30 12:27:32,62,c81372ca9529ddeb87790ff76f6745ec6870bc09bcdd705d8da7bfde78aed086
2024-09-30 12:27:32,62,c81372ca9529ddeb87790ff76f6745ec6870bc09bcdd705d8da7bfde78aed086
2024-09-30 12:27:32,62,c81372ca9529ddeb87790ff76f6745ec6870bc09bcdd705d8da7bfde78aed086
2024-09-30 12:27:32,62,01fbae127e8db09da74812bde292eb77d2a68a7897a5571bb7c33ad12264102a
2024-09-30 12:27:32,62,c81372ca9529ddeb87790ff76f6745ec6870bc09bcdd705d8da7bfde78aed086
2024-09-30 12:27:32,62,c81372ca9529ddeb87790ff76f6745ec6870bc09bcdd705d8da7bfde78aed086
2024-09-30 12:27:32,62,c81372ca9529ddeb87790ff76f6745ec6870bc09bcdd705d8da7bfde78aed086
2024-09-30 12:27:33,62,18248f005b7493422ea25abcce7179b6d01446ebce2f14824bfbdbbe7f402bb9
2024-09-30 12:27:36,62,18248f005b7493422ea25abcce7179b6d01446ebce2f14824bfbdbbe7f402bb9
2024-09-30 12:27:57,62,18248f005b7493422ea25abcce7179b6d01446ebce2f14824bfbdbbe7f402bb9
2024-09-30 12:28:03,62,92dec0a03d236b1673c65fd213be5f229f5bd4074d40b53ff471c1af5b5a99bb
2024-09-30 12:28:10,62,01fbae127e8db09da74812bde292eb77d2a68a7897a5571bb7c33ad12264102a
2024-09-30 12:28:13,62,18248f005b7493422ea25abcce7179b6d01446ebce2f14824bfbdbbe7f402bb9
2024-09-30 12:28:25,62,18248f005b7493422ea25abcce7179b6d01446ebce2f14824bfbdbbe7f402bb9
2024-09-30 12:28:25,62,18248f005b7493422ea25abcce7179b6d01446ebce2f14824bfbdbbe7f402bb9
2024-09-30 12:28:25,62,18248f005b7493422ea25abcce7179b6d01446ebce2f14824bfbdbbe7f402bb9
2024-09-30 12:28:25,62,18248f005b7493422ea25abcce7179b6d01446ebce2f14824bfbdbbe7f402bb9
2024-09-30 12:28:25,62,18248f005b7493422ea25abcce7179b6d01446ebce2f14824bfbdbbe7f402bb9
2024-09-30 12:28:25,62,18248f005b7493422ea25abcce7179b6d01446ebce2f14824bfbdbbe7f402bb9
2024-09-30 12:28:26,62,18248f005b7493422ea25abcce7179b6d01446ebce2f14824bfbdbbe7f402bb9
2024-09-30 12:28:26,62,18248f005b7493422ea25abcce7179b6d01446ebce2f14824bfbdbbe7f402bb9
2024-09-30 12:28:29,62,18248f005b7493422ea25abcce7179b6d01446ebce2f14824bfbdbbe7f402bb9
2024-09-30 12:28:29,62,18248f005b7493422ea25abcce7179b6d01446ebce2f14824bfbdbbe7f402bb9
2024-09-30 12:28:34,62,18248f005b7493422ea25abcce7179b6d01446ebce2f14824bfbdbbe7f402bb9
2024-09-30 12:28:34,62,18248f005b7493422ea25abcce7179b6d01446ebce2f14824bfbdbbe7f402bb9
2024-09-30 12:28:34,62,18248f005b7493422ea25abcce7179b6d01446ebce2f14824bfbdbbe7f402bb9
2024-09-30 12:28:34,62,18248f005b7493422ea25abcce7179b6d01446ebce2f14824bfbdbbe7f402bb9
2024-09-30 12:28:34,62,18248f005b7493422ea25abcce7179b6d01446ebce2f14824bfbdbbe7f402bb9
2024-09-30 12:28:36,62,18248f005b7493422ea25abcce7179b6d01446ebce2f14824bfbdbbe7f402bb9
2024-09-30 12:28:36,62,18248f005b7493422ea25abcce7179b6d01446ebce2f14824bfbdbbe7f402bb9
2024-09-30 12:28:36,62,18248f005b7493422ea25abcce7179b6d01446ebce2f14824bfbdbbe7f402bb9
2024-09-30 12:28:37,62,18248f005b7493422ea25abcce7179b6d01446ebce2f14824bfbdbbe7f402bb9
2024-09-30 12:28:37,62,18248f005b7493422ea25abcce7179b6d01446ebce2f14824bfbdbbe7f402bb9
2024-09-30 12:28:37,62,18248f005b7493422ea25abcce7179b6d01446ebce2f14824bfbdbbe7f402bb9
2024-09-30 12:28:37,62,18248f005b7493422ea25abcce7179b6d01446ebce2f14824bfbdbbe7f402bb9
2024-09-30 12:28:38,62,18248f005b7493422ea25abcce7179b6d01446ebce2f14824bfbdbbe7f402bb9
2024-09-30 12:28:43,62,ac6bdf2d5686dae420b8fa528fcc9b72514a3cbbdca201fadac306c2091d9b0c
2024-09-30 12:28:43,62,ac6bdf2d5686dae420b8fa528fcc9b72514a3cbbdca201fadac306c2091d9b0c
2024-09-30 12:28:52,62,cfba6d7222bbf92b164d671d64dbb86d2a3794620612f31160f45204ddfe2c6c
2024-09-30 12:28:52,62,cfba6d7222bbf92b164d671d64dbb86d2a3794620612f31160f45204ddfe2c6c
2024-09-30 12:28:52,62,cfba6d7222bbf92b164d671d64dbb86d2a3794620612f31160f45204ddfe2c6c
2024-09-30 12:28:52,62,cfba6d7222bbf92b164d671d64dbb86d2a3794620612f31160f45204ddfe2c6c
2024-09-30 12:28:53,62,18248f005b7493422ea25abcce7179b6d01446ebce2f14824bfbdbbe7f402bb9
2024-09-30 12:28:54,62,18248f005b7493422ea25abcce7179b6d01446ebce2f14824bfbdbbe7f402bb9
2024-09-30 12:28:54,62,18248f005b7493422ea25abcce7179b6d01446ebce2f14824bfbdbbe7f402bb9
2024-09-30 12:28:55,62,18248f005b7493422ea25abcce7179b6d01446ebce2f14824bfbdbbe7f402bb9
2024-09-30 12:29:04,62,18248f005b7493422ea25abcce7179b6d01446ebce2f14824bfbdbbe7f402bb9
2024-09-30 12:29:04,62,b259ad7b374273c26bec3567023bb3cef7a54a76409fb3688a4ef5ae3e07d4ba
2024-09-30 12:29:05,62,b259ad7b374273c26bec3567023bb3cef7a54a76409fb3688a4ef5ae3e07d4ba
2024-09-30 12:29:06,62,18248f005b7493422ea25abcce7179b6d01446ebce2f14824bfbdbbe7f402bb9
2024-09-30 12:29:06,62,18248f005b7493422ea25abcce7179b6d01446ebce2f14824bfbdbbe7f402bb9
2024-09-30 12:29:06,62,18248f005b7493422ea25abcce7179b6d01446ebce2f14824bfbdbbe7f402bb9
2024-09-30 12:29:06,62,b259ad7b374273c26bec3567023bb3cef7a54a76409fb3688a4ef5ae3e07d4ba
2024-09-30 12:29:07,62,18248f005b7493422ea25abcce7179b6d01446ebce2f14824bfbdbbe7f402bb9
2024-09-30 12:29:07,62,18248f005b7493422ea25abcce7179b6d01446ebce2f14824bfbdbbe7f402bb9
2024-09-30 12:29:09,62,b259ad7b374273c26bec3567023bb3cef7a54a76409fb3688a4ef5ae3e07d4ba
2024-09-30 12:29:09,62,b259ad7b374273c26bec3567023bb3cef7a54a76409fb3688a4ef5ae3e07d4ba
2024-09-30 12:29:09,62,18248f005b7493422ea25abcce7179b6d01446ebce2f14824bfbdbbe7f402bb9
2024-09-30 12:29:09,62,18248f005b7493422ea25abcce7179b6d01446ebce2f14824bfbdbbe7f402bb9
2024-09-30 12:29:16,62,18248f005b7493422ea25abcce7179b6d01446ebce2f14824bfbdbbe7f402bb9
2024-09-30 12:29:16,62,18248f005b7493422ea25abcce7179b6d01446ebce2f14824bfbdbbe7f402bb9
2024-09-30 12:29:22,62,b259ad7b374273c26bec3567023bb3cef7a54a76409fb3688a4ef5ae3e07d4ba
2024-09-30 12:29:22,62,b259ad7b374273c26bec3567023bb3cef7a54a76409fb3688a4ef5ae3e07d4ba
2024-09-30 12:29:22,62,b259ad7b374273c26bec3567023bb3cef7a54a76409fb3688a4ef5ae3e07d4ba
2024-09-30 12:29:22,62,b259ad7b374273c26bec3567023bb3cef7a54a76409fb3688a4ef5ae3e07d4ba
2024-09-30 12:29:22,62,18248f005b7493422ea25abcce7179b6d01446ebce2f14824bfbdbbe7f402bb9
2024-09-30 12:29:23,62,18248f005b7493422ea25abcce7179b6d01446ebce2f14824bfbdbbe7f402bb9
2024-09-30 12:29:25,62,92dec0a03d236b1673c65fd213be5f229f5bd4074d40b53ff471c1af5b5a99bb
2024-09-30 12:29:28,62,18248f005b7493422ea25abcce7179b6d01446ebce2f14824bfbdbbe7f402bb9
2024-09-30 12:29:31,62,b259ad7b374273c26bec3567023bb3cef7a54a76409fb3688a4ef5ae3e07d4ba
2024-09-30 12:29:31,62,b259ad7b374273c26bec3567023bb3cef7a54a76409fb3688a4ef5ae3e07d4ba
2024-09-30 12:29:31,62,b259ad7b374273c26bec3567023bb3cef7a54a76409fb3688a4ef5ae3e07d4ba
2024-09-30 12:29:34,62,18248f005b7493422ea25abcce7179b6d01446ebce2f14824bfbdbbe7f402bb9
2024-09-30 12:29:39,62,18248f005b7493422ea25abcce7179b6d01446ebce2f14824bfbdbbe7f402bb9
2024-09-30 12:29:39,62,18248f005b7493422ea25abcce7179b6d01446ebce2f14824bfbdbbe7f402bb9
2024-09-30 12:29:40,62,18248f005b7493422ea25abcce7179b6d01446ebce2f14824bfbdbbe7f402bb9
2024-09-30 12:29:40,62,18248f005b7493422ea25abcce7179b6d01446ebce2f14824bfbdbbe7f402bb9
2024-09-30 12:29:41,62,18248f005b7493422ea25abcce7179b6d01446ebce2f14824bfbdbbe7f402bb9
2024-09-30 12:29:41,62,18248f005b7493422ea25abcce7179b6d01446ebce2f14824bfbdbbe7f402bb9
2024-09-30 12:29:42,62,18248f005b7493422ea25abcce7179b6d01446ebce2f14824bfbdbbe7f402bb9
2024-09-30 12:29:42,62,18248f005b7493422ea25abcce7179b6d01446ebce2f14824bfbdbbe7f402bb9
2024-09-30 12:29:42,62,18248f005b7493422ea25abcce7179b6d01446ebce2f14824bfbdbbe7f402bb9
2024-09-30 12:29:42,62,18248f005b7493422ea25abcce7179b6d01446ebce2f14824bfbdbbe7f402bb9
2024-09-30 12:29:42,62,18248f005b7493422ea25abcce7179b6d01446ebce2f14824bfbdbbe7f402bb9
2024-09-30 12:29:43,62,18248f005b7493422ea25abcce7179b6d01446ebce2f14824bfbdbbe7f402bb9
2024-09-30 12:29:48,62,18248f005b7493422ea25abcce7179b6d01446ebce2f14824bfbdbbe7f402bb9
2024-09-30 12:29:58,62,18248f005b7493422ea25abcce7179b6d01446ebce2f14824bfbdbbe7f402bb9
2024-09-30 12:30:00,62,18248f005b7493422ea25abcce7179b6d01446ebce2f14824bfbdbbe7f402bb9
2024-09-30 12:30:00,62,18248f005b7493422ea25abcce7179b6d01446ebce2f14824bfbdbbe7f402bb9
2024-09-30 12:30:00,62,18248f005b7493422ea25abcce7179b6d01446ebce2f14824bfbdbbe7f402bb9
2024-09-30 12:30:01,62,18248f005b7493422ea25abcce7179b6d01446ebce2f14824bfbdbbe7f402bb9
2024-09-30 12:30:01,62,18248f005b7493422ea25abcce7179b6d01446ebce2f14824bfbdbbe7f402bb9
2024-09-30 12:30:01,62,18248f005b7493422ea25abcce7179b6d01446ebce2f14824bfbdbbe7f402bb9
2024-09-30 12:30:01,62,18248f005b7493422ea25abcce7179b6d01446ebce2f14824bfbdbbe7f402bb9
2024-09-30 12:30:01,62,18248f005b7493422ea25abcce7179b6d01446ebce2f14824bfbdbbe7f402bb9
2024-09-30 12:30:01,62,18248f005b7493422ea25abcce7179b6d01446ebce2f14824bfbdbbe7f402bb9
2024-09-30 12:30:01,62,18248f005b7493422ea25abcce7179b6d01446ebce2f14824bfbdbbe7f402bb9
2024-09-30 12:30:01,62,18248f005b7493422ea25abcce7179b6d01446ebce2f14824bfbdbbe7f402bb9
2024-09-30 12:30:02,62,18248f005b7493422ea25abcce7179b6d01446ebce2f14824bfbdbbe7f402bb9
2024-09-30 12:30:02,62,18248f005b7493422ea25abcce7179b6d01446ebce2f14824bfbdbbe7f402bb9
2024-09-30 12:30:02,62,18248f005b7493422ea25abcce7179b6d01446ebce2f14824bfbdbbe7f402bb9
2024-09-30 12:30:02,62,18248f005b7493422ea25abcce7179b6d01446ebce2f14824bfbdbbe7f402bb9
2024-09-30 12:30:04,62,18248f005b7493422ea25abcce7179b6d01446ebce2f14824bfbdbbe7f402bb9
2024-09-30 12:30:05,62,18248f005b7493422ea25abcce7179b6d01446ebce2f14824bfbdbbe7f402bb9
2024-09-30 12:30:05,62,18248f005b7493422ea25abcce7179b6d01446ebce2f14824bfbdbbe7f402bb9
2024-09-30 12:30:05,62,18248f005b7493422ea25abcce7179b6d01446ebce2f14824bfbdbbe7f402bb9
2024-09-30 12:30:10,62,18248f005b7493422ea25abcce7179b6d01446ebce2f14824bfbdbbe7f402bb9
2024-09-30 12:30:10,62,18248f005b7493422ea25abcce7179b6d01446ebce2f14824bfbdbbe7f402bb9
2024-09-30 12:30:10,62,18248f005b7493422ea25abcce7179b6d01446ebce2f14824bfbdbbe7f402bb9
2024-09-30 12:30:10,62,18248f005b7493422ea25abcce7179b6d01446ebce2f14824bfbdbbe7f402bb9
2024-09-30 12:30:10,62,18248f005b7493422ea25abcce7179b6d01446ebce2f14824bfbdbbe7f402bb9
2024-09-30 12:30:10,62,18248f005b7493422ea25abcce7179b6d01446ebce2f14824bfbdbbe7f402bb9
2024-09-30 12:30:10,62,f214df8686dde5873f6737cdf93909d29f9b61e55a05fd900714072e85e7e2d9
2024-09-30 12:30:11,62,c81372ca9529ddeb87790ff76f6745ec6870bc09bcdd705d8da7bfde78aed086
2024-09-30 12:30:12,62,c81372ca9529ddeb87790ff76f6745ec6870bc09bcdd705d8da7bfde78aed086
2024-09-30 12:30:12,62,c81372ca9529ddeb87790ff76f6745ec6870bc09bcdd705d8da7bfde78aed086
2024-09-30 12:30:12,62,c81372ca9529ddeb87790ff76f6745ec6870bc09bcdd705d8da7bfde78aed086
2024-09-30 12:30:12,62,c81372ca9529ddeb87790ff76f6745ec6870bc09bcdd705d8da7bfde78aed086
2024-09-30 12:30:12,62,c81372ca9529ddeb87790ff76f6745ec6870bc09bcdd705d8da7bfde78aed086
2024-09-30 12:30:12,62,c81372ca9529ddeb87790ff76f6745ec6870bc09bcdd705d8da7bfde78aed086
2024-09-30 12:30:12,62,c81372ca9529ddeb87790ff76f6745ec6870bc09bcdd705d8da7bfde78aed086
2024-09-30 12:30:12,62,c81372ca9529ddeb87790ff76f6745ec6870bc09bcdd705d8da7bfde78aed086
2024-09-30 12:30:12,62,c81372ca9529ddeb87790ff76f6745ec6870bc09bcdd705d8da7bfde78aed086
2024-09-30 12:30:13,62,18248f005b7493422ea25abcce7179b6d01446ebce2f14824bfbdbbe7f402bb9
2024-09-30 12:30:17,62,92dec0a03d236b1673c65fd213be5f229f5bd4074d40b53ff471c1af5b5a99bb
2024-09-30 12:30:24,62,18248f005b7493422ea25abcce7179b6d01446ebce2f14824bfbdbbe7f402bb9
2024-09-30 12:30:24,62,18248f005b7493422ea25abcce7179b6d01446ebce2f14824bfbdbbe7f402bb9
2024-09-30 12:30:24,62,18248f005b7493422ea25abcce7179b6d01446ebce2f14824bfbdbbe7f402bb9
2024-09-30 12:30:24,62,18248f005b7493422ea25abcce7179b6d01446ebce2f14824bfbdbbe7f402bb9
2024-09-30 12:30:24,62,18248f005b7493422ea25abcce7179b6d01446ebce2f14824bfbdbbe7f402bb9
2024-09-30 12:30:24,62,18248f005b7493422ea25abcce7179b6d01446ebce2f14824bfbdbbe7f402bb9
2024-09-30 12:30:26,62,49a8a774ce5021709aee890d1a6c508a9ac344d9604c9fd7f649292aa58ab50b
2024-09-30 12:30:28,62,01fbae127e8db09da74812bde292eb77d2a68a7897a5571bb7c33ad12264102a
2024-09-30 12:30:28,62,01fbae127e8db09da74812bde292eb77d2a68a7897a5571bb7c33ad12264102a
2024-09-30 12:30:30,62,01fbae127e8db09da74812bde292eb77d2a68a7897a5571bb7c33ad12264102a
2024-09-30 12:30:31,62,18248f005b7493422ea25abcce7179b6d01446ebce2f14824bfbdbbe7f402bb9
2024-09-30 12:30:38,62,18248f005b7493422ea25abcce7179b6d01446ebce2f14824bfbdbbe7f402bb9
2024-09-30 12:30:38,62,18248f005b7493422ea25abcce7179b6d01446ebce2f14824bfbdbbe7f402bb9
2024-09-30 12:30:38,62,18248f005b7493422ea25abcce7179b6d01446ebce2f14824bfbdbbe7f402bb9
2024-09-30 12:30:42,62,18248f005b7493422ea25abcce7179b6d01446ebce2f14824bfbdbbe7f402bb9
2024-09-30 12:30:44,62,18248f005b7493422ea25abcce7179b6d01446ebce2f14824bfbdbbe7f402bb9
2024-09-30 12:30:44,62,18248f005b7493422ea25abcce7179b6d01446ebce2f14824bfbdbbe7f402bb9
2024-09-30 12:30:44,62,18248f005b7493422ea25abcce7179b6d01446ebce2f14824bfbdbbe7f402bb9
2024-09-30 12:30:46,62,18248f005b7493422ea25abcce7179b6d01446ebce2f14824bfbdbbe7f402bb9
2024-09-30 12:30:46,62,18248f005b7493422ea25abcce7179b6d01446ebce2f14824bfbdbbe7f402bb9
2024-09-30 12:30:46,62,18248f005b7493422ea25abcce7179b6d01446ebce2f14824bfbdbbe7f402bb9
2024-09-30 12:30:47,62,18248f005b7493422ea25abcce7179b6d01446ebce2f14824bfbdbbe7f402bb9
2024-09-30 12:30:47,62,18248f005b7493422ea25abcce7179b6d01446ebce2f14824bfbdbbe7f402bb9
2024-09-30 12:30:54,62,18248f005b7493422ea25abcce7179b6d01446ebce2f14824bfbdbbe7f402bb9
2024-09-30 12:30:59,62,18248f005b7493422ea25abcce7179b6d01446ebce2f14824bfbdbbe7f402bb9
2024-09-30 12:31:04,62,18248f005b7493422ea25abcce7179b6d01446ebce2f14824bfbdbbe7f402bb9
2024-09-30 12:31:04,62,18248f005b7493422ea25abcce7179b6d01446ebce2f14824bfbdbbe7f402bb9
2024-09-30 12:31:09,62,18248f005b7493422ea25abcce7179b6d01446ebce2f14824bfbdbbe7f402bb9
2024-09-30 12:31:09,62,18248f005b7493422ea25abcce7179b6d01446ebce2f14824bfbdbbe7f402bb9
2024-09-30 12:31:10,62,18248f005b7493422ea25abcce7179b6d01446ebce2f14824bfbdbbe7f402bb9
2024-09-30 12:31:10,62,18248f005b7493422ea25abcce7179b6d01446ebce2f14824bfbdbbe7f402bb9
2024-09-30 12:31:11,62,18248f005b7493422ea25abcce7179b6d01446ebce2f14824bfbdbbe7f402bb9
2024-09-30 12:31:11,62,18248f005b7493422ea25abcce7179b6d01446ebce2f14824bfbdbbe7f402bb9
2024-09-30 12:31:13,62,18248f005b7493422ea25abcce7179b6d01446ebce2f14824bfbdbbe7f402bb9
2024-09-30 12:31:13,62,18248f005b7493422ea25abcce7179b6d01446ebce2f14824bfbdbbe7f402bb9
2024-09-30 12:31:13,62,18248f005b7493422ea25abcce7179b6d01446ebce2f14824bfbdbbe7f402bb9
2024-09-30 12:31:15,62,18248f005b7493422ea25abcce7179b6d01446ebce2f14824bfbdbbe7f402bb9
2024-09-30 12:31:15,62,18248f005b7493422ea25abcce7179b6d01446ebce2f14824bfbdbbe7f402bb9
2024-09-30 12:31:15,62,18248f005b7493422ea25abcce7179b6d01446ebce2f14824bfbdbbe7f402bb9
2024-09-30 12:31:15,62,18248f005b7493422ea25abcce7179b6d01446ebce2f14824bfbdbbe7f402bb9
2024-09-30 12:31:15,62,18248f005b7493422ea25abcce7179b6d01446ebce2f14824bfbdbbe7f402bb9
2024-09-30 12:31:15,62,18248f005b7493422ea25abcce7179b6d01446ebce2f14824bfbdbbe7f402bb9
2024-09-30 12:31:16,62,18248f005b7493422ea25abcce7179b6d01446ebce2f14824bfbdbbe7f402bb9
2024-09-30 12:31:17,62,18248f005b7493422ea25abcce7179b6d01446ebce2f14824bfbdbbe7f402bb9
2024-09-30 12:31:17,62,18248f005b7493422ea25abcce7179b6d01446ebce2f14824bfbdbbe7f402bb9
2024-09-30 12:31:20,62,01fbae127e8db09da74812bde292eb77d2a68a7897a5571bb7c33ad12264102a
2024-09-30 12:31:20,62,01fbae127e8db09da74812bde292eb77d2a68a7897a5571bb7c33ad12264102a
2024-09-30 12:31:21,62,01fbae127e8db09da74812bde292eb77d2a68a7897a5571bb7c33ad12264102a
2024-09-30 12:31:21,62,01fbae127e8db09da74812bde292eb77d2a68a7897a5571bb7c33ad12264102a
2024-09-30 12:31:21,62,01fbae127e8db09da74812bde292eb77d2a68a7897a5571bb7c33ad12264102a
2024-09-30 12:31:21,62,01fbae127e8db09da74812bde292eb77d2a68a7897a5571bb7c33ad12264102a
2024-09-30 12:31:21,62,18248f005b7493422ea25abcce7179b6d01446ebce2f14824bfbdbbe7f402bb9
2024-09-30 12:31:22,62,18248f005b7493422ea25abcce7179b6d01446ebce2f14824bfbdbbe7f402bb9
2024-09-30 12:31:25,62,b259ad7b374273c26bec3567023bb3cef7a54a76409fb3688a4ef5ae3e07d4ba
2024-09-30 12:31:25,62,b259ad7b374273c26bec3567023bb3cef7a54a76409fb3688a4ef5ae3e07d4ba
2024-09-30 12:31:29,62,bf0c3fe69ff86978b57c4b20d468d8868ac3651af88596f00a060e3714df01eb
2024-09-30 12:31:36,62,18248f005b7493422ea25abcce7179b6d01446ebce2f14824bfbdbbe7f402bb9
2024-09-30 12:31:37,62,18248f005b7493422ea25abcce7179b6d01446ebce2f14824bfbdbbe7f402bb9
2024-09-30 12:31:37,62,18248f005b7493422ea25abcce7179b6d01446ebce2f14824bfbdbbe7f402bb9
2024-09-30 12:31:37,62,18248f005b7493422ea25abcce7179b6d01446ebce2f14824bfbdbbe7f402bb9
2024-09-30 12:31:37,62,18248f005b7493422ea25abcce7179b6d01446ebce2f14824bfbdbbe7f402bb9
2024-09-30 12:31:37,62,18248f005b7493422ea25abcce7179b6d01446ebce2f14824bfbdbbe7f402bb9
2024-09-30 12:31:42,62,18248f005b7493422ea25abcce7179b6d01446ebce2f14824bfbdbbe7f402bb9
2024-09-30 12:31:42,62,18248f005b7493422ea25abcce7179b6d01446ebce2f14824bfbdbbe7f402bb9
2024-09-30 12:31:42,62,18248f005b7493422ea25abcce7179b6d01446ebce2f14824bfbdbbe7f402bb9
2024-09-30 12:31:48,62,18248f005b7493422ea25abcce7179b6d01446ebce2f14824bfbdbbe7f402bb9
2024-09-30 12:31:49,62,18248f005b7493422ea25abcce7179b6d01446ebce2f14824bfbdbbe7f402bb9
2024-09-30 12:31:49,62,18248f005b7493422ea25abcce7179b6d01446ebce2f14824bfbdbbe7f402bb9
2024-09-30 12:31:49,62,18248f005b7493422ea25abcce7179b6d01446ebce2f14824bfbdbbe7f402bb9
2024-09-30 12:31:49,62,18248f005b7493422ea25abcce7179b6d01446ebce2f14824bfbdbbe7f402bb9
2024-09-30 12:31:49,62,18248f005b7493422ea25abcce7179b6d01446ebce2f14824bfbdbbe7f402bb9
2024-09-30 12:31:50,62,18248f005b7493422ea25abcce7179b6d01446ebce2f14824bfbdbbe7f402bb9
2024-09-30 12:31:52,62,01fbae127e8db09da74812bde292eb77d2a68a7897a5571bb7c33ad12264102a
2024-09-30 12:31:52,62,01fbae127e8db09da74812bde292eb77d2a68a7897a5571bb7c33ad12264102a
2024-09-30 12:31:57,62,18248f005b7493422ea25abcce7179b6d01446ebce2f14824bfbdbbe7f402bb9
2024-09-30 12:31:58,62,b259ad7b374273c26bec3567023bb3cef7a54a76409fb3688a4ef5ae3e07d4ba
2024-09-30 12:31:59,62,b259ad7b374273c26bec3567023bb3cef7a54a76409fb3688a4ef5ae3e07d4ba
2024-09-30 12:32:00,62,01fbae127e8db09da74812bde292eb77d2a68a7897a5571bb7c33ad12264102a
2024-09-30 12:32:00,62,01fbae127e8db09da74812bde292eb77d2a68a7897a5571bb7c33ad12264102a
2024-09-30 12:32:00,62,01fbae127e8db09da74812bde292eb77d2a68a7897a5571bb7c33ad12264102a
2024-09-30 12:32:14,62,18248f005b7493422ea25abcce7179b6d01446ebce2f14824bfbdbbe7f402bb9
2024-09-30 12:32:15,62,18248f005b7493422ea25abcce7179b6d01446ebce2f14824bfbdbbe7f402bb9
2024-09-30 12:32:21,62,18248f005b7493422ea25abcce7179b6d01446ebce2f14824bfbdbbe7f402bb9
2024-09-30 12:32:24,62,18248f005b7493422ea25abcce7179b6d01446ebce2f14824bfbdbbe7f402bb9
2024-09-30 12:32:27,62,18248f005b7493422ea25abcce7179b6d01446ebce2f14824bfbdbbe7f402bb9
2024-09-30 12:32:27,62,18248f005b7493422ea25abcce7179b6d01446ebce2f14824bfbdbbe7f402bb9
2024-09-30 12:32:29,62,18248f005b7493422ea25abcce7179b6d01446ebce2f14824bfbdbbe7f402bb9
2024-09-30 12:32:29,62,18248f005b7493422ea25abcce7179b6d01446ebce2f14824bfbdbbe7f402bb9
2024-09-30 12:32:30,62,ac6bdf2d5686dae420b8fa528fcc9b72514a3cbbdca201fadac306c2091d9b0c
2024-09-30 12:32:30,62,18248f005b7493422ea25abcce7179b6d01446ebce2f14824bfbdbbe7f402bb9
2024-09-30 12:32:31,62,b259ad7b374273c26bec3567023bb3cef7a54a76409fb3688a4ef5ae3e07d4ba
2024-09-30 12:32:31,62,b259ad7b374273c26bec3567023bb3cef7a54a76409fb3688a4ef5ae3e07d4ba
2024-09-30 12:32:31,62,18248f005b7493422ea25abcce7179b6d01446ebce2f14824bfbdbbe7f402bb9
2024-09-30 12:32:31,62,18248f005b7493422ea25abcce7179b6d01446ebce2f14824bfbdbbe7f402bb9
2024-09-30 12:32:32,62,3901688d33322be8e6e95730a2d46b3b729d303d6507bd4ac75095ad5a7df8e8
2024-09-30 12:32:46,62,18248f005b7493422ea25abcce7179b6d01446ebce2f14824bfbdbbe7f402bb9
2024-09-30 12:32:50,62,f214df8686dde5873f6737cdf93909d29f9b61e55a05fd900714072e85e7e2d9
2024-09-30 12:32:50,62,f214df8686dde5873f6737cdf93909d29f9b61e55a05fd900714072e85e7e2d9
2024-09-30 12:32:51,62,c81372ca9529ddeb87790ff76f6745ec6870bc09bcdd705d8da7bfde78aed086
2024-09-30 12:32:51,62,c81372ca9529ddeb87790ff76f6745ec6870bc09bcdd705d8da7bfde78aed086
2024-09-30 12:32:51,62,c81372ca9529ddeb87790ff76f6745ec6870bc09bcdd705d8da7bfde78aed086
2024-09-30 12:32:51,62,c81372ca9529ddeb87790ff76f6745ec6870bc09bcdd705d8da7bfde78aed086
2024-09-30 12:32:51,62,c81372ca9529ddeb87790ff76f6745ec6870bc09bcdd705d8da7bfde78aed086
2024-09-30 12:32:51,62,c81372ca9529ddeb87790ff76f6745ec6870bc09bcdd705d8da7bfde78aed086
2024-09-30 12:32:51,62,c81372ca9529ddeb87790ff76f6745ec6870bc09bcdd705d8da7bfde78aed086
2024-09-30 12:32:51,62,c81372ca9529ddeb87790ff76f6745ec6870bc09bcdd705d8da7bfde78aed086
2024-09-30 12:32:51,62,c81372ca9529ddeb87790ff76f6745ec6870bc09bcdd705d8da7bfde78aed086
2024-09-30 12:32:51,62,c81372ca9529ddeb87790ff76f6745ec6870bc09bcdd705d8da7bfde78aed086
2024-09-30 12:32:51,62,c81372ca9529ddeb87790ff76f6745ec6870bc09bcdd705d8da7bfde78aed086
2024-09-30 12:32:51,62,c81372ca9529ddeb87790ff76f6745ec6870bc09bcdd705d8da7bfde78aed086
2024-09-30 12:32:51,62,c81372ca9529ddeb87790ff76f6745ec6870bc09bcdd705d8da7bfde78aed086
2024-09-30 12:32:51,62,c81372ca9529ddeb87790ff76f6745ec6870bc09bcdd705d8da7bfde78aed086
2024-09-30 12:32:51,62,c81372ca9529ddeb87790ff76f6745ec6870bc09bcdd705d8da7bfde78aed086
2024-09-30 12:32:51,62,c81372ca9529ddeb87790ff76f6745ec6870bc09bcdd705d8da7bfde78aed086
2024-09-30 12:32:57,62,18248f005b7493422ea25abcce7179b6d01446ebce2f14824bfbdbbe7f402bb9
2024-09-30 12:32:57,62,18248f005b7493422ea25abcce7179b6d01446ebce2f14824bfbdbbe7f402bb9
2024-09-30 12:32:57,62,18248f005b7493422ea25abcce7179b6d01446ebce2f14824bfbdbbe7f402bb9
2024-09-30 12:32:57,62,18248f005b7493422ea25abcce7179b6d01446ebce2f14824bfbdbbe7f402bb9
2024-09-30 12:33:05,62,18248f005b7493422ea25abcce7179b6d01446ebce2f14824bfbdbbe7f402bb9
2024-09-30 12:33:05,62,18248f005b7493422ea25abcce7179b6d01446ebce2f14824bfbdbbe7f402bb9
2024-09-30 12:33:14,62,18248f005b7493422ea25abcce7179b6d01446ebce2f14824bfbdbbe7f402bb9
2024-09-30 12:33:15,62,18248f005b7493422ea25abcce7179b6d01446ebce2f14824bfbdbbe7f402bb9
2024-09-30 12:33:15,62,18248f005b7493422ea25abcce7179b6d01446ebce2f14824bfbdbbe7f402bb9
2024-09-30 12:33:15,62,18248f005b7493422ea25abcce7179b6d01446ebce2f14824bfbdbbe7f402bb9
2024-09-30 12:33:29,62,18248f005b7493422ea25abcce7179b6d01446ebce2f14824bfbdbbe7f402bb9
2024-09-30 12:33:29,62,18248f005b7493422ea25abcce7179b6d01446ebce2f14824bfbdbbe7f402bb9
2024-09-30 12:33:29,62,18248f005b7493422ea25abcce7179b6d01446ebce2f14824bfbdbbe7f402bb9
2024-09-30 12:33:29,62,18248f005b7493422ea25abcce7179b6d01446ebce2f14824bfbdbbe7f402bb9
2024-09-30 12:33:32,62,18248f005b7493422ea25abcce7179b6d01446ebce2f14824bfbdbbe7f402bb9
2024-09-30 12:33:35,62,01fbae127e8db09da74812bde292eb77d2a68a7897a5571bb7c33ad12264102a
2024-09-30 12:33:35,62,01fbae127e8db09da74812bde292eb77d2a68a7897a5571bb7c33ad12264102a
2024-09-30 12:33:35,62,01fbae127e8db09da74812bde292eb77d2a68a7897a5571bb7c33ad12264102a
2024-09-30 12:33:35,62,01fbae127e8db09da74812bde292eb77d2a68a7897a5571bb7c33ad12264102a
2024-09-30 12:33:36,62,18248f005b7493422ea25abcce7179b6d01446ebce2f14824bfbdbbe7f402bb9
2024-09-30 12:33:40,62,18248f005b7493422ea25abcce7179b6d01446ebce2f14824bfbdbbe7f402bb9
2024-09-30 12:33:44,62,3901688d33322be8e6e95730a2d46b3b729d303d6507bd4ac75095ad5a7df8e8
2024-09-30 12:33:46,62,18248f005b7493422ea25abcce7179b6d01446ebce2f14824bfbdbbe7f402bb9
2024-09-30 12:33:47,62,18248f005b7493422ea25abcce7179b6d01446ebce2f14824bfbdbbe7f402bb9
2024-09-30 12:33:47,62,18248f005b7493422ea25abcce7179b6d01446ebce2f14824bfbdbbe7f402bb9
2024-09-30 12:33:54,62,01fbae127e8db09da74812bde292eb77d2a68a7897a5571bb7c33ad12264102a
2024-09-30 12:33:54,62,01fbae127e8db09da74812bde292eb77d2a68a7897a5571bb7c33ad12264102a
2024-09-30 12:33:54,62,18248f005b7493422ea25abcce7179b6d01446ebce2f14824bfbdbbe7f402bb9
2024-09-30 12:33:55,62,18248f005b7493422ea25abcce7179b6d01446ebce2f14824bfbdbbe7f402bb9
2024-09-30 12:33:56,62,18248f005b7493422ea25abcce7179b6d01446ebce2f14824bfbdbbe7f402bb9
2024-09-30 12:33:57,62,18248f005b7493422ea25abcce7179b6d01446ebce2f14824bfbdbbe7f402bb9
2024-09-30 12:33:57,62,92dec0a03d236b1673c65fd213be5f229f5bd4074d40b53ff471c1af5b5a99bb
2024-09-30 12:33:57,62,01fbae127e8db09da74812bde292eb77d2a68a7897a5571bb7c33ad12264102a
2024-09-30 12:33:57,62,01fbae127e8db09da74812bde292eb77d2a68a7897a5571bb7c33ad12264102a
2024-09-30 12:34:00,62,18248f005b7493422ea25abcce7179b6d01446ebce2f14824bfbdbbe7f402bb9
2024-09-30 12:34:00,62,18248f005b7493422ea25abcce7179b6d01446ebce2f14824bfbdbbe7f402bb9
2024-09-30 12:34:00,62,18248f005b7493422ea25abcce7179b6d01446ebce2f14824bfbdbbe7f402bb9
2024-09-30 12:34:00,62,18248f005b7493422ea25abcce7179b6d01446ebce2f14824bfbdbbe7f402bb9
2024-09-30 12:34:09,62,18248f005b7493422ea25abcce7179b6d01446ebce2f14824bfbdbbe7f402bb9
2024-09-30 12:34:09,62,18248f005b7493422ea25abcce7179b6d01446ebce2f14824bfbdbbe7f402bb9
2024-09-30 12:34:11,62,b259ad7b374273c26bec3567023bb3cef7a54a76409fb3688a4ef5ae3e07d4ba
2024-09-30 12:34:13,62,18248f005b7493422ea25abcce7179b6d01446ebce2f14824bfbdbbe7f402bb9
2024-09-30 12:34:13,62,18248f005b7493422ea25abcce7179b6d01446ebce2f14824bfbdbbe7f402bb9
2024-09-30 12:34:13,62,18248f005b7493422ea25abcce7179b6d01446ebce2f14824bfbdbbe7f402bb9
2024-09-30 12:34:14,62,18248f005b7493422ea25abcce7179b6d01446ebce2f14824bfbdbbe7f402bb9
2024-09-30 12:34:14,62,18248f005b7493422ea25abcce7179b6d01446ebce2f14824bfbdbbe7f402bb9
2024-09-30 12:34:17,62,01fbae127e8db09da74812bde292eb77d2a68a7897a5571bb7c33ad12264102a
2024-09-30 12:34:17,62,01fbae127e8db09da74812bde292eb77d2a68a7897a5571bb7c33ad12264102a
2024-09-30 12:34:17,62,01fbae127e8db09da74812bde292eb77d2a68a7897a5571bb7c33ad12264102a
2024-09-30 12:34:18,62,01fbae127e8db09da74812bde292eb77d2a68a7897a5571bb7c33ad12264102a
2024-09-30 12:34:18,62,01fbae127e8db09da74812bde292eb77d2a68a7897a5571bb7c33ad12264102a
2024-09-30 12:34:21,62,18248f005b7493422ea25abcce7179b6d01446ebce2f14824bfbdbbe7f402bb9
2024-09-30 12:34:27,62,18248f005b7493422ea25abcce7179b6d01446ebce2f14824bfbdbbe7f402bb9
2024-09-30 12:34:27,62,18248f005b7493422ea25abcce7179b6d01446ebce2f14824bfbdbbe7f402bb9
2024-09-30 12:34:32,62,18248f005b7493422ea25abcce7179b6d01446ebce2f14824bfbdbbe7f402bb9
2024-09-30 12:34:32,62,18248f005b7493422ea25abcce7179b6d01446ebce2f14824bfbdbbe7f402bb9
2024-09-30 12:34:41,62,18248f005b7493422ea25abcce7179b6d01446ebce2f14824bfbdbbe7f402bb9
2024-09-30 12:34:48,62,18248f005b7493422ea25abcce7179b6d01446ebce2f14824bfbdbbe7f402bb9
2024-09-30 12:34:48,62,18248f005b7493422ea25abcce7179b6d01446ebce2f14824bfbdbbe7f402bb9
2024-09-30 12:34:55,62,18248f005b7493422ea25abcce7179b6d01446ebce2f14824bfbdbbe7f402bb9
2024-09-30 12:34:55,62,18248f005b7493422ea25abcce7179b6d01446ebce2f14824bfbdbbe7f402bb9
2024-09-30 12:35:04,62,18248f005b7493422ea25abcce7179b6d01446ebce2f14824bfbdbbe7f402bb9
2024-09-30 12:35:07,62,18248f005b7493422ea25abcce7179b6d01446ebce2f14824bfbdbbe7f402bb9
2024-09-30 12:35:07,62,18248f005b7493422ea25abcce7179b6d01446ebce2f14824bfbdbbe7f402bb9
2024-09-30 12:35:07,62,18248f005b7493422ea25abcce7179b6d01446ebce2f14824bfbdbbe7f402bb9
2024-09-30 12:35:07,62,18248f005b7493422ea25abcce7179b6d01446ebce2f14824bfbdbbe7f402bb9
2024-09-30 12:35:07,62,18248f005b7493422ea25abcce7179b6d01446ebce2f14824bfbdbbe7f402bb9
2024-09-30 12:35:09,62,b259ad7b374273c26bec3567023bb3cef7a54a76409fb3688a4ef5ae3e07d4ba
2024-09-30 12:35:10,62,b259ad7b374273c26bec3567023bb3cef7a54a76409fb3688a4ef5ae3e07d4ba
2024-09-30 12:35:10,62,b259ad7b374273c26bec3567023bb3cef7a54a76409fb3688a4ef5ae3e07d4ba
2024-09-30 12:35:10,62,b259ad7b374273c26bec3567023bb3cef7a54a76409fb3688a4ef5ae3e07d4ba
2024-09-30 12:35:10,62,b259ad7b374273c26bec3567023bb3cef7a54a76409fb3688a4ef5ae3e07d4ba
2024-09-30 12:35:11,62,b259ad7b374273c26bec3567023bb3cef7a54a76409fb3688a4ef5ae3e07d4ba
2024-09-30 12:35:12,62,18248f005b7493422ea25abcce7179b6d01446ebce2f14824bfbdbbe7f402bb9
2024-09-30 12:35:14,62,bf0c3fe69ff86978b57c4b20d468d8868ac3651af88596f00a060e3714df01eb
2024-09-30 12:35:16,62,18248f005b7493422ea25abcce7179b6d01446ebce2f14824bfbdbbe7f402bb9
2024-09-30 12:35:16,62,18248f005b7493422ea25abcce7179b6d01446ebce2f14824bfbdbbe7f402bb9
2024-09-30 12:35:21,62,18248f005b7493422ea25abcce7179b6d01446ebce2f14824bfbdbbe7f402bb9
2024-09-30 12:35:21,62,18248f005b7493422ea25abcce7179b6d01446ebce2f14824bfbdbbe7f402bb9
2024-09-30 12:35:30,62,f214df8686dde5873f6737cdf93909d29f9b61e55a05fd900714072e85e7e2d9
2024-09-30 12:35:31,62,c81372ca9529ddeb87790ff76f6745ec6870bc09bcdd705d8da7bfde78aed086
2024-09-30 12:35:31,62,c81372ca9529ddeb87790ff76f6745ec6870bc09bcdd705d8da7bfde78aed086
2024-09-30 12:35:31,62,c81372ca9529ddeb87790ff76f6745ec6870bc09bcdd705d8da7bfde78aed086
2024-09-30 12:35:31,62,c81372ca9529ddeb87790ff76f6745ec6870bc09bcdd705d8da7bfde78aed086
2024-09-30 12:35:31,62,c81372ca9529ddeb87790ff76f6745ec6870bc09bcdd705d8da7bfde78aed086
2024-09-30 12:35:31,62,c81372ca9529ddeb87790ff76f6745ec6870bc09bcdd705d8da7bfde78aed086
2024-09-30 12:35:31,62,c81372ca9529ddeb87790ff76f6745ec6870bc09bcdd705d8da7bfde78aed086
2024-09-30 12:35:31,62,c81372ca9529ddeb87790ff76f6745ec6870bc09bcdd705d8da7bfde78aed086
2024-09-30 12:35:31,62,c81372ca9529ddeb87790ff76f6745ec6870bc09bcdd705d8da7bfde78aed086
2024-09-30 12:35:31,62,c81372ca9529ddeb87790ff76f6745ec6870bc09bcdd705d8da7bfde78aed086
2024-09-30 12:35:31,62,c81372ca9529ddeb87790ff76f6745ec6870bc09bcdd705d8da7bfde78aed086
2024-09-30 12:35:31,62,c81372ca9529ddeb87790ff76f6745ec6870bc09bcdd705d8da7bfde78aed086
2024-09-30 12:35:31,62,c81372ca9529ddeb87790ff76f6745ec6870bc09bcdd705d8da7bfde78aed086
2024-09-30 12:35:31,62,c81372ca9529ddeb87790ff76f6745ec6870bc09bcdd705d8da7bfde78aed086
2024-09-30 12:35:31,62,c81372ca9529ddeb87790ff76f6745ec6870bc09bcdd705d8da7bfde78aed086
2024-09-30 12:35:32,62,18248f005b7493422ea25abcce7179b6d01446ebce2f14824bfbdbbe7f402bb9
2024-09-30 12:35:32,62,18248f005b7493422ea25abcce7179b6d01446ebce2f14824bfbdbbe7f402bb9
2024-09-30 12:35:33,62,18248f005b7493422ea25abcce7179b6d01446ebce2f14824bfbdbbe7f402bb9
2024-09-30 12:35:34,62,18248f005b7493422ea25abcce7179b6d01446ebce2f14824bfbdbbe7f402bb9
2024-09-30 12:35:34,62,18248f005b7493422ea25abcce7179b6d01446ebce2f14824bfbdbbe7f402bb9
2024-09-30 12:35:34,62,18248f005b7493422ea25abcce7179b6d01446ebce2f14824bfbdbbe7f402bb9
2024-09-30 12:35:34,62,18248f005b7493422ea25abcce7179b6d01446ebce2f14824bfbdbbe7f402bb9
2024-09-30 12:35:34,62,18248f005b7493422ea25abcce7179b6d01446ebce2f14824bfbdbbe7f402bb9
2024-09-30 12:35:40,62,92dec0a03d236b1673c65fd213be5f229f5bd4074d40b53ff471c1af5b5a99bb
2024-09-30 12:35:43,62,18248f005b7493422ea25abcce7179b6d01446ebce2f14824bfbdbbe7f402bb9
2024-09-30 12:35:43,62,18248f005b7493422ea25abcce7179b6d01446ebce2f14824bfbdbbe7f402bb9
2024-09-30 12:35:44,62,18248f005b7493422ea25abcce7179b6d01446ebce2f14824bfbdbbe7f402bb9
2024-09-30 12:36:00,62,18248f005b7493422ea25abcce7179b6d01446ebce2f14824bfbdbbe7f402bb9
2024-09-30 12:36:00,62,18248f005b7493422ea25abcce7179b6d01446ebce2f14824bfbdbbe7f402bb9
2024-09-30 12:36:11,62,b259ad7b374273c26bec3567023bb3cef7a54a76409fb3688a4ef5ae3e07d4ba
2024-09-30 12:36:11,62,b259ad7b374273c26bec3567023bb3cef7a54a76409fb3688a4ef5ae3e07d4ba
2024-09-30 12:36:12,62,18248f005b7493422ea25abcce7179b6d01446ebce2f14824bfbdbbe7f402bb9
2024-09-30 12:36:13,62,18248f005b7493422ea25abcce7179b6d01446ebce2f14824bfbdbbe7f402bb9
2024-09-30 12:36:18,62,18248f005b7493422ea25abcce7179b6d01446ebce2f14824bfbdbbe7f402bb9
2024-09-30 12:36:23,62,18248f005b7493422ea25abcce7179b6d01446ebce2f14824bfbdbbe7f402bb9
2024-09-30 12:36:24,62,18248f005b7493422ea25abcce7179b6d01446ebce2f14824bfbdbbe7f402bb9
2024-09-30 12:36:24,62,18248f005b7493422ea25abcce7179b6d01446ebce2f14824bfbdbbe7f402bb9
2024-09-30 12:36:26,62,18248f005b7493422ea25abcce7179b6d01446ebce2f14824bfbdbbe7f402bb9
2024-09-30 12:36:26,62,18248f005b7493422ea25abcce7179b6d01446ebce2f14824bfbdbbe7f402bb9
2024-09-30 12:36:27,62,18248f005b7493422ea25abcce7179b6d01446ebce2f14824bfbdbbe7f402bb9
2024-09-30 12:36:27,62,18248f005b7493422ea25abcce7179b6d01446ebce2f14824bfbdbbe7f402bb9
2024-09-30 12:36:30,62,18248f005b7493422ea25abcce7179b6d01446ebce2f14824bfbdbbe7f402bb9
2024-09-30 12:36:30,62,18248f005b7493422ea25abcce7179b6d01446ebce2f14824bfbdbbe7f402bb9
2024-09-30 12:36:30,62,18248f005b7493422ea25abcce7179b6d01446ebce2f14824bfbdbbe7f402bb9
2024-09-30 12:36:33,62,bf0c3fe69ff86978b57c4b20d468d8868ac3651af88596f00a060e3714df01eb
2024-09-30 12:36:57,62,18248f005b7493422ea25abcce7179b6d01446ebce2f14824bfbdbbe7f402bb9
2024-09-30 12:36:59,62,18248f005b7493422ea25abcce7179b6d01446ebce2f14824bfbdbbe7f402bb9
2024-09-30 12:36:59,62,18248f005b7493422ea25abcce7179b6d01446ebce2f14824bfbdbbe7f402bb9
2024-09-30 12:37:00,62,18248f005b7493422ea25abcce7179b6d01446ebce2f14824bfbdbbe7f402bb9
2024-09-30 12:37:00,62,18248f005b7493422ea25abcce7179b6d01446ebce2f14824bfbdbbe7f402bb9
2024-09-30 12:37:10,62,18248f005b7493422ea25abcce7179b6d01446ebce2f14824bfbdbbe7f402bb9
2024-09-30 12:37:10,62,18248f005b7493422ea25abcce7179b6d01446ebce2f14824bfbdbbe7f402bb9
2024-09-30 12:37:24,62,18248f005b7493422ea25abcce7179b6d01446ebce2f14824bfbdbbe7f402bb9
2024-09-30 12:37:24,62,18248f005b7493422ea25abcce7179b6d01446ebce2f14824bfbdbbe7f402bb9
2024-09-30 12:37:24,62,18248f005b7493422ea25abcce7179b6d01446ebce2f14824bfbdbbe7f402bb9
2024-09-30 12:37:25,62,18248f005b7493422ea25abcce7179b6d01446ebce2f14824bfbdbbe7f402bb9
2024-09-30 12:37:26,62,18248f005b7493422ea25abcce7179b6d01446ebce2f14824bfbdbbe7f402bb9
2024-09-30 12:37:26,62,18248f005b7493422ea25abcce7179b6d01446ebce2f14824bfbdbbe7f402bb9
2024-09-30 12:37:26,62,18248f005b7493422ea25abcce7179b6d01446ebce2f14824bfbdbbe7f402bb9
2024-09-30 12:37:32,62,18248f005b7493422ea25abcce7179b6d01446ebce2f14824bfbdbbe7f402bb9
2024-09-30 12:37:34,62,18248f005b7493422ea25abcce7179b6d01446ebce2f14824bfbdbbe7f402bb9
2024-09-30 12:37:50,62,18248f005b7493422ea25abcce7179b6d01446ebce2f14824bfbdbbe7f402bb9
2024-09-30 12:37:50,62,18248f005b7493422ea25abcce7179b6d01446ebce2f14824bfbdbbe7f402bb9
2024-09-30 12:37:50,62,18248f005b7493422ea25abcce7179b6d01446ebce2f14824bfbdbbe7f402bb9
2024-09-30 12:37:51,62,18248f005b7493422ea25abcce7179b6d01446ebce2f14824bfbdbbe7f402bb9
2024-09-30 12:37:51,62,18248f005b7493422ea25abcce7179b6d01446ebce2f14824bfbdbbe7f402bb9
2024-09-30 12:38:02,62,18248f005b7493422ea25abcce7179b6d01446ebce2f14824bfbdbbe7f402bb9
2024-09-30 12:38:02,62,18248f005b7493422ea25abcce7179b6d01446ebce2f14824bfbdbbe7f402bb9
2024-09-30 12:38:04,62,92dec0a03d236b1673c65fd213be5f229f5bd4074d40b53ff471c1af5b5a99bb
2024-09-30 12:38:04,62,92dec0a03d236b1673c65fd213be5f229f5bd4074d40b53ff471c1af5b5a99bb
2024-09-30 12:38:10,62,18248f005b7493422ea25abcce7179b6d01446ebce2f14824bfbdbbe7f402bb9
2024-09-30 12:38:10,62,18248f005b7493422ea25abcce7179b6d01446ebce2f14824bfbdbbe7f402bb9
2024-09-30 12:38:12,62,18248f005b7493422ea25abcce7179b6d01446ebce2f14824bfbdbbe7f402bb9
2024-09-30 12:38:21,62,18248f005b7493422ea25abcce7179b6d01446ebce2f14824bfbdbbe7f402bb9
2024-09-30 12:38:21,62,18248f005b7493422ea25abcce7179b6d01446ebce2f14824bfbdbbe7f402bb9
2024-09-30 12:38:21,62,18248f005b7493422ea25abcce7179b6d01446ebce2f14824bfbdbbe7f402bb9
2024-09-30 12:38:21,62,18248f005b7493422ea25abcce7179b6d01446ebce2f14824bfbdbbe7f402bb9
2024-09-30 12:38:23,62,18248f005b7493422ea25abcce7179b6d01446ebce2f14824bfbdbbe7f402bb9
2024-09-30 12:38:24,62,18248f005b7493422ea25abcce7179b6d01446ebce2f14824bfbdbbe7f402bb9
2024-09-30 12:38:24,62,18248f005b7493422ea25abcce7179b6d01446ebce2f14824bfbdbbe7f402bb9
2024-09-30 12:38:28,62,18248f005b7493422ea25abcce7179b6d01446ebce2f14824bfbdbbe7f402bb9
2024-09-30 12:38:28,62,18248f005b7493422ea25abcce7179b6d01446ebce2f14824bfbdbbe7f402bb9
2024-09-30 12:38:30,62,18248f005b7493422ea25abcce7179b6d01446ebce2f14824bfbdbbe7f402bb9
2024-09-30 12:38:40,62,18248f005b7493422ea25abcce7179b6d01446ebce2f14824bfbdbbe7f402bb9
2024-09-30 12:38:40,62,18248f005b7493422ea25abcce7179b6d01446ebce2f14824bfbdbbe7f402bb9
2024-09-30 12:38:46,62,18248f005b7493422ea25abcce7179b6d01446ebce2f14824bfbdbbe7f402bb9
2024-09-30 12:38:47,62,18248f005b7493422ea25abcce7179b6d01446ebce2f14824bfbdbbe7f402bb9
2024-09-30 12:38:47,62,49a8a774ce5021709aee890d1a6c508a9ac344d9604c9fd7f649292aa58ab50b
2024-09-30 12:38:47,62,49a8a774ce5021709aee890d1a6c508a9ac344d9604c9fd7f649292aa58ab50b
2024-09-30 12:38:47,62,49a8a774ce5021709aee890d1a6c508a9ac344d9604c9fd7f649292aa58ab50b
2024-09-30 12:38:47,62,49a8a774ce5021709aee890d1a6c508a9ac344d9604c9fd7f649292aa58ab50b
2024-09-30 12:38:47,62,49a8a774ce5021709aee890d1a6c508a9ac344d9604c9fd7f649292aa58ab50b
2024-09-30 12:38:47,62,49a8a774ce5021709aee890d1a6c508a9ac344d9604c9fd7f649292aa58ab50b
2024-09-30 12:38:47,62,49a8a774ce5021709aee890d1a6c508a9ac344d9604c9fd7f649292aa58ab50b
2024-09-30 12:38:47,62,49a8a774ce5021709aee890d1a6c508a9ac344d9604c9fd7f649292aa58ab50b
2024-09-30 12:38:47,62,49a8a774ce5021709aee890d1a6c508a9ac344d9604c9fd7f649292aa58ab50b
2024-09-30 12:38:47,62,18248f005b7493422ea25abcce7179b6d01446ebce2f14824bfbdbbe7f402bb9
2024-09-30 12:38:47,62,49a8a774ce5021709aee890d1a6c508a9ac344d9604c9fd7f649292aa58ab50b
2024-09-30 12:38:47,62,49a8a774ce5021709aee890d1a6c508a9ac344d9604c9fd7f649292aa58ab50b
2024-09-30 12:38:47,62,18248f005b7493422ea25abcce7179b6d01446ebce2f14824bfbdbbe7f402bb9
2024-09-30 12:38:50,62,18248f005b7493422ea25abcce7179b6d01446ebce2f14824bfbdbbe7f402bb9
2024-09-30 12:38:50,62,18248f005b7493422ea25abcce7179b6d01446ebce2f14824bfbdbbe7f402bb9
2024-09-30 12:38:50,62,18248f005b7493422ea25abcce7179b6d01446ebce2f14824bfbdbbe7f402bb9
2024-09-30 12:38:50,62,18248f005b7493422ea25abcce7179b6d01446ebce2f14824bfbdbbe7f402bb9
2024-09-30 12:38:50,62,18248f005b7493422ea25abcce7179b6d01446ebce2f14824bfbdbbe7f402bb9
2024-09-30 12:39:01,62,18248f005b7493422ea25abcce7179b6d01446ebce2f14824bfbdbbe7f402bb9
2024-09-30 12:39:04,62,18248f005b7493422ea25abcce7179b6d01446ebce2f14824bfbdbbe7f402bb9
2024-09-30 12:39:23,62,18248f005b7493422ea25abcce7179b6d01446ebce2f14824bfbdbbe7f402bb9
2024-09-30 12:39:23,62,18248f005b7493422ea25abcce7179b6d01446ebce2f14824bfbdbbe7f402bb9
2024-09-30 12:39:43,62,18248f005b7493422ea25abcce7179b6d01446ebce2f14824bfbdbbe7f402bb9
2024-09-30 12:39:43,62,18248f005b7493422ea25abcce7179b6d01446ebce2f14824bfbdbbe7f402bb9
2024-09-30 12:39:48,62,18248f005b7493422ea25abcce7179b6d01446ebce2f14824bfbdbbe7f402bb9
2024-09-30 12:39:50,62,18248f005b7493422ea25abcce7179b6d01446ebce2f14824bfbdbbe7f402bb9
2024-09-30 12:39:50,62,18248f005b7493422ea25abcce7179b6d01446ebce2f14824bfbdbbe7f402bb9
2024-09-30 12:39:51,62,18248f005b7493422ea25abcce7179b6d01446ebce2f14824bfbdbbe7f402bb9
2024-09-30 12:40:01,62,18248f005b7493422ea25abcce7179b6d01446ebce2f14824bfbdbbe7f402bb9
2024-09-30 12:40:01,62,18248f005b7493422ea25abcce7179b6d01446ebce2f14824bfbdbbe7f402bb9
2024-09-30 12:40:10,62,3901688d33322be8e6e95730a2d46b3b729d303d6507bd4ac75095ad5a7df8e8
2024-09-30 12:40:10,62,3901688d33322be8e6e95730a2d46b3b729d303d6507bd4ac75095ad5a7df8e8
2024-09-30 12:40:11,62,18248f005b7493422ea25abcce7179b6d01446ebce2f14824bfbdbbe7f402bb9
2024-09-30 12:40:37,62,01fbae127e8db09da74812bde292eb77d2a68a7897a5571bb7c33ad12264102a
2024-09-30 12:40:48,62,18248f005b7493422ea25abcce7179b6d01446ebce2f14824bfbdbbe7f402bb9
2024-09-30 12:40:51,62,f214df8686dde5873f6737cdf93909d29f9b61e55a05fd900714072e85e7e2d9
2024-09-30 12:41:30,62,ac6bdf2d5686dae420b8fa528fcc9b72514a3cbbdca201fadac306c2091d9b0c
2024-09-30 12:41:30,62,ac6bdf2d5686dae420b8fa528fcc9b72514a3cbbdca201fadac306c2091d9b0c
2024-09-30 12:41:30,62,18248f005b7493422ea25abcce7179b6d01446ebce2f14824bfbdbbe7f402bb9
2024-09-30 12:41:30,62,18248f005b7493422ea25abcce7179b6d01446ebce2f14824bfbdbbe7f402bb9
2024-09-30 12:41:37,62,18248f005b7493422ea25abcce7179b6d01446ebce2f14824bfbdbbe7f402bb9
2024-09-30 12:41:37,62,18248f005b7493422ea25abcce7179b6d01446ebce2f14824bfbdbbe7f402bb9
2024-09-30 12:41:38,62,bf2c2f0f075485f729148b9a032c5aad4314def9953c37f89024b63d1968dd38
2024-09-30 12:41:38,62,bf2c2f0f075485f729148b9a032c5aad4314def9953c37f89024b63d1968dd38
2024-09-30 12:41:38,62,bf2c2f0f075485f729148b9a032c5aad4314def9953c37f89024b63d1968dd38
2024-09-30 12:41:38,62,bf2c2f0f075485f729148b9a032c5aad4314def9953c37f89024b63d1968dd38
2024-09-30 12:41:42,62,18248f005b7493422ea25abcce7179b6d01446ebce2f14824bfbdbbe7f402bb9
2024-09-30 12:41:42,62,18248f005b7493422ea25abcce7179b6d01446ebce2f14824bfbdbbe7f402bb9
2024-09-30 12:41:42,62,18248f005b7493422ea25abcce7179b6d01446ebce2f14824bfbdbbe7f402bb9
2024-09-30 12:41:42,62,18248f005b7493422ea25abcce7179b6d01446ebce2f14824bfbdbbe7f402bb9
2024-09-30 12:41:42,62,18248f005b7493422ea25abcce7179b6d01446ebce2f14824bfbdbbe7f402bb9
2024-09-30 12:41:49,62,18248f005b7493422ea25abcce7179b6d01446ebce2f14824bfbdbbe7f402bb9
2024-09-30 12:41:49,62,18248f005b7493422ea25abcce7179b6d01446ebce2f14824bfbdbbe7f402bb9
2024-09-30 12:41:49,62,18248f005b7493422ea25abcce7179b6d01446ebce2f14824bfbdbbe7f402bb9
2024-09-30 12:41:49,62,18248f005b7493422ea25abcce7179b6d01446ebce2f14824bfbdbbe7f402bb9
2024-09-30 12:41:49,62,18248f005b7493422ea25abcce7179b6d01446ebce2f14824bfbdbbe7f402bb9
2024-09-30 12:41:49,62,18248f005b7493422ea25abcce7179b6d01446ebce2f14824bfbdbbe7f402bb9
2024-09-30 12:41:49,62,18248f005b7493422ea25abcce7179b6d01446ebce2f14824bfbdbbe7f402bb9
2024-09-30 12:41:49,62,18248f005b7493422ea25abcce7179b6d01446ebce2f14824bfbdbbe7f402bb9
2024-09-30 12:42:08,62,18248f005b7493422ea25abcce7179b6d01446ebce2f14824bfbdbbe7f402bb9
2024-09-30 12:42:11,62,18248f005b7493422ea25abcce7179b6d01446ebce2f14824bfbdbbe7f402bb9
2024-09-30 12:42:13,62,18248f005b7493422ea25abcce7179b6d01446ebce2f14824bfbdbbe7f402bb9
2024-09-30 12:42:33,62,e7f1d228b933e6a524fad4ef4080a69bf7d532569565ce3ae716788f5c33b5fd
2024-09-30 12:42:33,62,e7f1d228b933e6a524fad4ef4080a69bf7d532569565ce3ae716788f5c33b5fd
2024-09-30 12:42:33,62,e7f1d228b933e6a524fad4ef4080a69bf7d532569565ce3ae716788f5c33b5fd
2024-09-30 12:42:34,62,18248f005b7493422ea25abcce7179b6d01446ebce2f14824bfbdbbe7f402bb9
2024-09-30 12:42:34,62,18248f005b7493422ea25abcce7179b6d01446ebce2f14824bfbdbbe7f402bb9
2024-09-30 12:42:49,62,18248f005b7493422ea25abcce7179b6d01446ebce2f14824bfbdbbe7f402bb9
2024-09-30 12:43:02,62,18248f005b7493422ea25abcce7179b6d01446ebce2f14824bfbdbbe7f402bb9
2024-09-30 12:43:02,62,18248f005b7493422ea25abcce7179b6d01446ebce2f14824bfbdbbe7f402bb9
2024-09-30 12:43:20,62,18248f005b7493422ea25abcce7179b6d01446ebce2f14824bfbdbbe7f402bb9
2024-09-30 12:43:31,62,f214df8686dde5873f6737cdf93909d29f9b61e55a05fd900714072e85e7e2d9
2024-09-30 12:43:31,62,01fbae127e8db09da74812bde292eb77d2a68a7897a5571bb7c33ad12264102a
2024-09-30 12:43:31,62,01fbae127e8db09da74812bde292eb77d2a68a7897a5571bb7c33ad12264102a
2024-09-30 12:43:31,62,01fbae127e8db09da74812bde292eb77d2a68a7897a5571bb7c33ad12264102a
2024-09-30 12:43:31,62,18248f005b7493422ea25abcce7179b6d01446ebce2f14824bfbdbbe7f402bb9
2024-09-30 12:43:37,62,b259ad7b374273c26bec3567023bb3cef7a54a76409fb3688a4ef5ae3e07d4ba
2024-09-30 12:43:39,62,18248f005b7493422ea25abcce7179b6d01446ebce2f14824bfbdbbe7f402bb9
2024-09-30 12:43:40,62,bf2c2f0f075485f729148b9a032c5aad4314def9953c37f89024b63d1968dd38
2024-09-30 12:43:41,62,18248f005b7493422ea25abcce7179b6d01446ebce2f14824bfbdbbe7f402bb9
2024-09-30 12:43:41,62,18248f005b7493422ea25abcce7179b6d01446ebce2f14824bfbdbbe7f402bb9
2024-09-30 12:43:41,62,18248f005b7493422ea25abcce7179b6d01446ebce2f14824bfbdbbe7f402bb9
2024-09-30 12:43:50,62,18248f005b7493422ea25abcce7179b6d01446ebce2f14824bfbdbbe7f402bb9
2024-09-30 12:43:50,62,18248f005b7493422ea25abcce7179b6d01446ebce2f14824bfbdbbe7f402bb9
2024-09-30 12:43:53,62,18248f005b7493422ea25abcce7179b6d01446ebce2f14824bfbdbbe7f402bb9
2024-09-30 12:43:55,62,18248f005b7493422ea25abcce7179b6d01446ebce2f14824bfbdbbe7f402bb9
2024-09-30 12:44:07,62,18248f005b7493422ea25abcce7179b6d01446ebce2f14824bfbdbbe7f402bb9
2024-09-30 12:44:07,62,18248f005b7493422ea25abcce7179b6d01446ebce2f14824bfbdbbe7f402bb9
2024-09-30 12:44:07,62,18248f005b7493422ea25abcce7179b6d01446ebce2f14824bfbdbbe7f402bb9
2024-09-30 12:44:07,62,18248f005b7493422ea25abcce7179b6d01446ebce2f14824bfbdbbe7f402bb9
2024-09-30 12:44:07,62,18248f005b7493422ea25abcce7179b6d01446ebce2f14824bfbdbbe7f402bb9
2024-09-30 12:44:19,62,18248f005b7493422ea25abcce7179b6d01446ebce2f14824bfbdbbe7f402bb9
2024-09-30 12:44:19,62,18248f005b7493422ea25abcce7179b6d01446ebce2f14824bfbdbbe7f402bb9
2024-09-30 12:44:23,62,18248f005b7493422ea25abcce7179b6d01446ebce2f14824bfbdbbe7f402bb9
2024-09-30 12:44:24,62,01fbae127e8db09da74812bde292eb77d2a68a7897a5571bb7c33ad12264102a
2024-09-30 12:44:24,62,01fbae127e8db09da74812bde292eb77d2a68a7897a5571bb7c33ad12264102a
2024-09-30 12:44:24,62,01fbae127e8db09da74812bde292eb77d2a68a7897a5571bb7c33ad12264102a
2024-09-30 12:44:24,62,01fbae127e8db09da74812bde292eb77d2a68a7897a5571bb7c33ad12264102a
2024-09-30 12:44:26,62,18248f005b7493422ea25abcce7179b6d01446ebce2f14824bfbdbbe7f402bb9
2024-09-30 12:44:26,62,18248f005b7493422ea25abcce7179b6d01446ebce2f14824bfbdbbe7f402bb9
2024-09-30 12:44:32,62,18248f005b7493422ea25abcce7179b6d01446ebce2f14824bfbdbbe7f402bb9
2024-09-30 12:44:32,62,18248f005b7493422ea25abcce7179b6d01446ebce2f14824bfbdbbe7f402bb9
2024-09-30 12:44:32,62,18248f005b7493422ea25abcce7179b6d01446ebce2f14824bfbdbbe7f402bb9
2024-09-30 12:44:32,62,18248f005b7493422ea25abcce7179b6d01446ebce2f14824bfbdbbe7f402bb9
2024-09-30 12:44:39,62,18248f005b7493422ea25abcce7179b6d01446ebce2f14824bfbdbbe7f402bb9
2024-09-30 12:44:41,62,18248f005b7493422ea25abcce7179b6d01446ebce2f14824bfbdbbe7f402bb9
2024-09-30 12:44:41,62,18248f005b7493422ea25abcce7179b6d01446ebce2f14824bfbdbbe7f402bb9
2024-09-30 12:44:41,62,18248f005b7493422ea25abcce7179b6d01446ebce2f14824bfbdbbe7f402bb9
2024-09-30 12:44:41,62,18248f005b7493422ea25abcce7179b6d01446ebce2f14824bfbdbbe7f402bb9
2024-09-30 12:44:41,62,18248f005b7493422ea25abcce7179b6d01446ebce2f14824bfbdbbe7f402bb9
2024-09-30 12:44:41,62,18248f005b7493422ea25abcce7179b6d01446ebce2f14824bfbdbbe7f402bb9
2024-09-30 12:44:47,62,18248f005b7493422ea25abcce7179b6d01446ebce2f14824bfbdbbe7f402bb9
2024-09-30 12:44:48,62,18248f005b7493422ea25abcce7179b6d01446ebce2f14824bfbdbbe7f402bb9
2024-09-30 12:44:48,62,18248f005b7493422ea25abcce7179b6d01446ebce2f14824bfbdbbe7f402bb9
2024-09-30 12:44:48,62,18248f005b7493422ea25abcce7179b6d01446ebce2f14824bfbdbbe7f402bb9
2024-09-30 12:44:50,62,18248f005b7493422ea25abcce7179b6d01446ebce2f14824bfbdbbe7f402bb9
2024-09-30 12:44:50,62,18248f005b7493422ea25abcce7179b6d01446ebce2f14824bfbdbbe7f402bb9
2024-09-30 12:44:50,62,18248f005b7493422ea25abcce7179b6d01446ebce2f14824bfbdbbe7f402bb9
2024-09-30 12:44:50,62,18248f005b7493422ea25abcce7179b6d01446ebce2f14824bfbdbbe7f402bb9
2024-09-30 12:44:50,62,18248f005b7493422ea25abcce7179b6d01446ebce2f14824bfbdbbe7f402bb9
2024-09-30 12:44:50,62,18248f005b7493422ea25abcce7179b6d01446ebce2f14824bfbdbbe7f402bb9
2024-09-30 12:44:51,62,18248f005b7493422ea25abcce7179b6d01446ebce2f14824bfbdbbe7f402bb9
2024-09-30 12:44:51,62,18248f005b7493422ea25abcce7179b6d01446ebce2f14824bfbdbbe7f402bb9
2024-09-30 12:44:52,62,01fbae127e8db09da74812bde292eb77d2a68a7897a5571bb7c33ad12264102a
2024-09-30 12:44:52,62,01fbae127e8db09da74812bde292eb77d2a68a7897a5571bb7c33ad12264102a
2024-09-30 12:44:52,62,01fbae127e8db09da74812bde292eb77d2a68a7897a5571bb7c33ad12264102a
2024-09-30 12:44:52,62,01fbae127e8db09da74812bde292eb77d2a68a7897a5571bb7c33ad12264102a
2024-09-30 12:44:52,62,18248f005b7493422ea25abcce7179b6d01446ebce2f14824bfbdbbe7f402bb9
2024-09-30 12:44:52,62,18248f005b7493422ea25abcce7179b6d01446ebce2f14824bfbdbbe7f402bb9
2024-09-30 12:44:52,62,18248f005b7493422ea25abcce7179b6d01446ebce2f14824bfbdbbe7f402bb9
2024-09-30 12:44:54,62,18248f005b7493422ea25abcce7179b6d01446ebce2f14824bfbdbbe7f402bb9
2024-09-30 12:44:54,62,18248f005b7493422ea25abcce7179b6d01446ebce2f14824bfbdbbe7f402bb9
2024-09-30 12:44:55,62,18248f005b7493422ea25abcce7179b6d01446ebce2f14824bfbdbbe7f402bb9
2024-09-30 12:45:01,62,18248f005b7493422ea25abcce7179b6d01446ebce2f14824bfbdbbe7f402bb9
2024-09-30 12:45:03,62,18248f005b7493422ea25abcce7179b6d01446ebce2f14824bfbdbbe7f402bb9
2024-09-30 12:45:03,62,18248f005b7493422ea25abcce7179b6d01446ebce2f14824bfbdbbe7f402bb9
2024-09-30 12:45:03,62,18248f005b7493422ea25abcce7179b6d01446ebce2f14824bfbdbbe7f402bb9
2024-09-30 12:45:08,62,18248f005b7493422ea25abcce7179b6d01446ebce2f14824bfbdbbe7f402bb9
2024-09-30 12:45:09,62,18248f005b7493422ea25abcce7179b6d01446ebce2f14824bfbdbbe7f402bb9
2024-09-30 12:45:09,62,18248f005b7493422ea25abcce7179b6d01446ebce2f14824bfbdbbe7f402bb9
2024-09-30 12:45:10,62,01fbae127e8db09da74812bde292eb77d2a68a7897a5571bb7c33ad12264102a
2024-09-30 12:45:10,62,01fbae127e8db09da74812bde292eb77d2a68a7897a5571bb7c33ad12264102a
2024-09-30 12:45:10,62,18248f005b7493422ea25abcce7179b6d01446ebce2f14824bfbdbbe7f402bb9
2024-09-30 12:45:12,62,18248f005b7493422ea25abcce7179b6d01446ebce2f14824bfbdbbe7f402bb9
2024-09-30 12:45:15,62,01fbae127e8db09da74812bde292eb77d2a68a7897a5571bb7c33ad12264102a
2024-09-30 12:45:15,62,01fbae127e8db09da74812bde292eb77d2a68a7897a5571bb7c33ad12264102a
2024-09-30 12:45:15,62,01fbae127e8db09da74812bde292eb77d2a68a7897a5571bb7c33ad12264102a
2024-09-30 12:45:15,62,01fbae127e8db09da74812bde292eb77d2a68a7897a5571bb7c33ad12264102a
2024-09-30 12:45:15,62,01fbae127e8db09da74812bde292eb77d2a68a7897a5571bb7c33ad12264102a
2024-09-30 12:45:15,62,01fbae127e8db09da74812bde292eb77d2a68a7897a5571bb7c33ad12264102a
2024-09-30 12:45:17,62,18248f005b7493422ea25abcce7179b6d01446ebce2f14824bfbdbbe7f402bb9
2024-09-30 12:45:18,62,18248f005b7493422ea25abcce7179b6d01446ebce2f14824bfbdbbe7f402bb9
2024-09-30 12:45:22,62,18248f005b7493422ea25abcce7179b6d01446ebce2f14824bfbdbbe7f402bb9
2024-09-30 12:45:22,62,18248f005b7493422ea25abcce7179b6d01446ebce2f14824bfbdbbe7f402bb9
2024-09-30 12:45:22,62,b259ad7b374273c26bec3567023bb3cef7a54a76409fb3688a4ef5ae3e07d4ba
2024-09-30 12:45:24,62,18248f005b7493422ea25abcce7179b6d01446ebce2f14824bfbdbbe7f402bb9
2024-09-30 12:45:24,62,18248f005b7493422ea25abcce7179b6d01446ebce2f14824bfbdbbe7f402bb9
2024-09-30 12:45:24,62,18248f005b7493422ea25abcce7179b6d01446ebce2f14824bfbdbbe7f402bb9
2024-09-30 12:45:29,62,b259ad7b374273c26bec3567023bb3cef7a54a76409fb3688a4ef5ae3e07d4ba
2024-09-30 12:45:45,62,18248f005b7493422ea25abcce7179b6d01446ebce2f14824bfbdbbe7f402bb9
2024-09-30 12:45:45,62,18248f005b7493422ea25abcce7179b6d01446ebce2f14824bfbdbbe7f402bb9
2024-09-30 12:45:46,62,18248f005b7493422ea25abcce7179b6d01446ebce2f14824bfbdbbe7f402bb9
2024-09-30 12:45:46,62,18248f005b7493422ea25abcce7179b6d01446ebce2f14824bfbdbbe7f402bb9
2024-09-30 12:45:46,62,18248f005b7493422ea25abcce7179b6d01446ebce2f14824bfbdbbe7f402bb9
2024-09-30 12:45:46,62,18248f005b7493422ea25abcce7179b6d01446ebce2f14824bfbdbbe7f402bb9
2024-09-30 12:45:48,62,01fbae127e8db09da74812bde292eb77d2a68a7897a5571bb7c33ad12264102a
2024-09-30 12:46:02,62,01fbae127e8db09da74812bde292eb77d2a68a7897a5571bb7c33ad12264102a
2024-09-30 12:46:02,62,01fbae127e8db09da74812bde292eb77d2a68a7897a5571bb7c33ad12264102a
2024-09-30 12:46:02,62,01fbae127e8db09da74812bde292eb77d2a68a7897a5571bb7c33ad12264102a
2024-09-30 12:46:08,62,c81372ca9529ddeb87790ff76f6745ec6870bc09bcdd705d8da7bfde78aed086
2024-09-30 12:46:08,62,c81372ca9529ddeb87790ff76f6745ec6870bc09bcdd705d8da7bfde78aed086
2024-09-30 12:46:08,62,c81372ca9529ddeb87790ff76f6745ec6870bc09bcdd705d8da7bfde78aed086
2024-09-30 12:46:08,62,c81372ca9529ddeb87790ff76f6745ec6870bc09bcdd705d8da7bfde78aed086
2024-09-30 12:46:08,62,c81372ca9529ddeb87790ff76f6745ec6870bc09bcdd705d8da7bfde78aed086
2024-09-30 12:46:08,62,c81372ca9529ddeb87790ff76f6745ec6870bc09bcdd705d8da7bfde78aed086
2024-09-30 12:46:11,62,3901688d33322be8e6e95730a2d46b3b729d303d6507bd4ac75095ad5a7df8e8
2024-09-30 12:46:11,62,f214df8686dde5873f6737cdf93909d29f9b61e55a05fd900714072e85e7e2d9
2024-09-30 12:46:11,62,f214df8686dde5873f6737cdf93909d29f9b61e55a05fd900714072e85e7e2d9
2024-09-30 12:46:11,62,f214df8686dde5873f6737cdf93909d29f9b61e55a05fd900714072e85e7e2d9
2024-09-30 12:46:11,62,f214df8686dde5873f6737cdf93909d29f9b61e55a05fd900714072e85e7e2d9
2024-09-30 12:46:11,62,f214df8686dde5873f6737cdf93909d29f9b61e55a05fd900714072e85e7e2d9
2024-09-30 12:46:11,62,f214df8686dde5873f6737cdf93909d29f9b61e55a05fd900714072e85e7e2d9
2024-09-30 12:46:11,62,f214df8686dde5873f6737cdf93909d29f9b61e55a05fd900714072e85e7e2d9
2024-09-30 12:46:11,62,18248f005b7493422ea25abcce7179b6d01446ebce2f14824bfbdbbe7f402bb9
2024-09-30 12:46:20,62,18248f005b7493422ea25abcce7179b6d01446ebce2f14824bfbdbbe7f402bb9
2024-09-30 12:46:21,62,18248f005b7493422ea25abcce7179b6d01446ebce2f14824bfbdbbe7f402bb9
2024-09-30 12:46:24,62,19612f5aa42bc9d482dc8598d5df39f502dc13dcc691a4f63ecec07f6ab632d2
2024-09-30 12:46:24,62,19612f5aa42bc9d482dc8598d5df39f502dc13dcc691a4f63ecec07f6ab632d2
2024-09-30 12:46:24,62,19612f5aa42bc9d482dc8598d5df39f502dc13dcc691a4f63ecec07f6ab632d2
2024-09-30 12:46:24,62,19612f5aa42bc9d482dc8598d5df39f502dc13dcc691a4f63ecec07f6ab632d2
2024-09-30 12:46:25,62,19612f5aa42bc9d482dc8598d5df39f502dc13dcc691a4f63ecec07f6ab632d2
2024-09-30 12:46:26,62,18248f005b7493422ea25abcce7179b6d01446ebce2f14824bfbdbbe7f402bb9
2024-09-30 12:46:27,62,18248f005b7493422ea25abcce7179b6d01446ebce2f14824bfbdbbe7f402bb9
2024-09-30 12:46:35,62,b259ad7b374273c26bec3567023bb3cef7a54a76409fb3688a4ef5ae3e07d4ba
2024-09-30 12:46:35,62,b259ad7b374273c26bec3567023bb3cef7a54a76409fb3688a4ef5ae3e07d4ba
2024-09-30 12:46:37,62,18248f005b7493422ea25abcce7179b6d01446ebce2f14824bfbdbbe7f402bb9
2024-09-30 12:46:39,62,18248f005b7493422ea25abcce7179b6d01446ebce2f14824bfbdbbe7f402bb9
2024-09-30 12:46:39,62,18248f005b7493422ea25abcce7179b6d01446ebce2f14824bfbdbbe7f402bb9
2024-09-30 12:46:49,62,c81372ca9529ddeb87790ff76f6745ec6870bc09bcdd705d8da7bfde78aed086
2024-09-30 12:46:49,62,c81372ca9529ddeb87790ff76f6745ec6870bc09bcdd705d8da7bfde78aed086
2024-09-30 12:46:49,62,c81372ca9529ddeb87790ff76f6745ec6870bc09bcdd705d8da7bfde78aed086
2024-09-30 12:46:49,62,c81372ca9529ddeb87790ff76f6745ec6870bc09bcdd705d8da7bfde78aed086
2024-09-30 12:46:49,62,c81372ca9529ddeb87790ff76f6745ec6870bc09bcdd705d8da7bfde78aed086
2024-09-30 12:46:49,62,c81372ca9529ddeb87790ff76f6745ec6870bc09bcdd705d8da7bfde78aed086
2024-09-30 12:46:50,62,18248f005b7493422ea25abcce7179b6d01446ebce2f14824bfbdbbe7f402bb9
2024-09-30 12:46:51,62,18248f005b7493422ea25abcce7179b6d01446ebce2f14824bfbdbbe7f402bb9
2024-09-30 12:46:51,62,18248f005b7493422ea25abcce7179b6d01446ebce2f14824bfbdbbe7f402bb9
2024-09-30 12:46:52,62,18248f005b7493422ea25abcce7179b6d01446ebce2f14824bfbdbbe7f402bb9
2024-09-30 12:46:57,62,18248f005b7493422ea25abcce7179b6d01446ebce2f14824bfbdbbe7f402bb9
2024-09-30 12:46:57,62,18248f005b7493422ea25abcce7179b6d01446ebce2f14824bfbdbbe7f402bb9
2024-09-30 12:46:58,62,18248f005b7493422ea25abcce7179b6d01446ebce2f14824bfbdbbe7f402bb9
2024-09-30 12:46:58,62,18248f005b7493422ea25abcce7179b6d01446ebce2f14824bfbdbbe7f402bb9
2024-09-30 12:47:05,62,18248f005b7493422ea25abcce7179b6d01446ebce2f14824bfbdbbe7f402bb9
2024-09-30 12:47:10,62,18248f005b7493422ea25abcce7179b6d01446ebce2f14824bfbdbbe7f402bb9
2024-09-30 12:47:12,62,18248f005b7493422ea25abcce7179b6d01446ebce2f14824bfbdbbe7f402bb9
2024-09-30 12:47:12,62,18248f005b7493422ea25abcce7179b6d01446ebce2f14824bfbdbbe7f402bb9
2024-09-30 12:47:12,62,18248f005b7493422ea25abcce7179b6d01446ebce2f14824bfbdbbe7f402bb9
2024-09-30 12:47:15,62,18248f005b7493422ea25abcce7179b6d01446ebce2f14824bfbdbbe7f402bb9
2024-09-30 12:47:15,62,18248f005b7493422ea25abcce7179b6d01446ebce2f14824bfbdbbe7f402bb9
2024-09-30 12:47:15,62,18248f005b7493422ea25abcce7179b6d01446ebce2f14824bfbdbbe7f402bb9
2024-09-30 12:47:15,62,18248f005b7493422ea25abcce7179b6d01446ebce2f14824bfbdbbe7f402bb9
2024-09-30 12:47:15,62,18248f005b7493422ea25abcce7179b6d01446ebce2f14824bfbdbbe7f402bb9
2024-09-30 12:47:16,62,18248f005b7493422ea25abcce7179b6d01446ebce2f14824bfbdbbe7f402bb9
2024-09-30 12:47:17,62,18248f005b7493422ea25abcce7179b6d01446ebce2f14824bfbdbbe7f402bb9
2024-09-30 12:47:21,62,18248f005b7493422ea25abcce7179b6d01446ebce2f14824bfbdbbe7f402bb9
2024-09-30 12:47:21,62,18248f005b7493422ea25abcce7179b6d01446ebce2f14824bfbdbbe7f402bb9
2024-09-30 12:47:23,62,18248f005b7493422ea25abcce7179b6d01446ebce2f14824bfbdbbe7f402bb9
2024-09-30 12:47:24,62,18248f005b7493422ea25abcce7179b6d01446ebce2f14824bfbdbbe7f402bb9
2024-09-30 12:47:24,62,18248f005b7493422ea25abcce7179b6d01446ebce2f14824bfbdbbe7f402bb9
2024-09-30 12:47:24,62,18248f005b7493422ea25abcce7179b6d01446ebce2f14824bfbdbbe7f402bb9
2024-09-30 12:47:28,62,18248f005b7493422ea25abcce7179b6d01446ebce2f14824bfbdbbe7f402bb9
2024-09-30 12:47:28,62,18248f005b7493422ea25abcce7179b6d01446ebce2f14824bfbdbbe7f402bb9
2024-09-30 12:47:34,62,18248f005b7493422ea25abcce7179b6d01446ebce2f14824bfbdbbe7f402bb9
2024-09-30 12:47:34,62,18248f005b7493422ea25abcce7179b6d01446ebce2f14824bfbdbbe7f402bb9
2024-09-30 12:47:34,62,18248f005b7493422ea25abcce7179b6d01446ebce2f14824bfbdbbe7f402bb9
2024-09-30 12:47:47,62,18248f005b7493422ea25abcce7179b6d01446ebce2f14824bfbdbbe7f402bb9
2024-09-30 12:47:50,62,18248f005b7493422ea25abcce7179b6d01446ebce2f14824bfbdbbe7f402bb9
2024-09-30 12:47:50,62,18248f005b7493422ea25abcce7179b6d01446ebce2f14824bfbdbbe7f402bb9
2024-09-30 12:47:50,62,18248f005b7493422ea25abcce7179b6d01446ebce2f14824bfbdbbe7f402bb9
2024-09-30 12:47:50,62,18248f005b7493422ea25abcce7179b6d01446ebce2f14824bfbdbbe7f402bb9
2024-09-30 12:47:51,62,18248f005b7493422ea25abcce7179b6d01446ebce2f14824bfbdbbe7f402bb9
2024-09-30 12:48:05,62,18248f005b7493422ea25abcce7179b6d01446ebce2f14824bfbdbbe7f402bb9
2024-09-30 12:48:07,62,18248f005b7493422ea25abcce7179b6d01446ebce2f14824bfbdbbe7f402bb9
2024-09-30 12:48:07,62,18248f005b7493422ea25abcce7179b6d01446ebce2f14824bfbdbbe7f402bb9
2024-09-30 12:48:16,62,01fbae127e8db09da74812bde292eb77d2a68a7897a5571bb7c33ad12264102a
2024-09-30 12:48:16,62,01fbae127e8db09da74812bde292eb77d2a68a7897a5571bb7c33ad12264102a
2024-09-30 12:48:16,62,01fbae127e8db09da74812bde292eb77d2a68a7897a5571bb7c33ad12264102a
2024-09-30 12:48:17,62,18248f005b7493422ea25abcce7179b6d01446ebce2f14824bfbdbbe7f402bb9
2024-09-30 12:48:17,62,18248f005b7493422ea25abcce7179b6d01446ebce2f14824bfbdbbe7f402bb9
2024-09-30 12:48:17,62,18248f005b7493422ea25abcce7179b6d01446ebce2f14824bfbdbbe7f402bb9
2024-09-30 12:48:17,62,18248f005b7493422ea25abcce7179b6d01446ebce2f14824bfbdbbe7f402bb9
2024-09-30 12:48:17,62,18248f005b7493422ea25abcce7179b6d01446ebce2f14824bfbdbbe7f402bb9
2024-09-30 12:48:17,62,18248f005b7493422ea25abcce7179b6d01446ebce2f14824bfbdbbe7f402bb9
2024-09-30 12:48:23,62,01fbae127e8db09da74812bde292eb77d2a68a7897a5571bb7c33ad12264102a
2024-09-30 12:48:23,62,18248f005b7493422ea25abcce7179b6d01446ebce2f14824bfbdbbe7f402bb9
2024-09-30 12:48:23,62,18248f005b7493422ea25abcce7179b6d01446ebce2f14824bfbdbbe7f402bb9
2024-09-30 12:48:23,62,01fbae127e8db09da74812bde292eb77d2a68a7897a5571bb7c33ad12264102a
2024-09-30 12:48:23,62,01fbae127e8db09da74812bde292eb77d2a68a7897a5571bb7c33ad12264102a
2024-09-30 12:48:23,62,18248f005b7493422ea25abcce7179b6d01446ebce2f14824bfbdbbe7f402bb9
2024-09-30 12:48:23,62,01fbae127e8db09da74812bde292eb77d2a68a7897a5571bb7c33ad12264102a
2024-09-30 12:48:24,62,3901688d33322be8e6e95730a2d46b3b729d303d6507bd4ac75095ad5a7df8e8
2024-09-30 12:48:24,62,3901688d33322be8e6e95730a2d46b3b729d303d6507bd4ac75095ad5a7df8e8
2024-09-30 12:48:24,62,1afe1637b9f98883a0da64167b0f98da338c239c2ef656fc3ef95d01e9fa38ce
2024-09-30 12:48:32,62,18248f005b7493422ea25abcce7179b6d01446ebce2f14824bfbdbbe7f402bb9
2024-09-30 12:48:33,62,18248f005b7493422ea25abcce7179b6d01446ebce2f14824bfbdbbe7f402bb9
2024-09-30 12:48:40,62,18248f005b7493422ea25abcce7179b6d01446ebce2f14824bfbdbbe7f402bb9
2024-09-30 12:48:40,62,18248f005b7493422ea25abcce7179b6d01446ebce2f14824bfbdbbe7f402bb9
2024-09-30 12:48:42,62,18248f005b7493422ea25abcce7179b6d01446ebce2f14824bfbdbbe7f402bb9
2024-09-30 12:48:45,62,01fbae127e8db09da74812bde292eb77d2a68a7897a5571bb7c33ad12264102a
2024-09-30 12:48:50,62,01fbae127e8db09da74812bde292eb77d2a68a7897a5571bb7c33ad12264102a
2024-09-30 12:48:50,62,01fbae127e8db09da74812bde292eb77d2a68a7897a5571bb7c33ad12264102a
2024-09-30 12:48:50,62,01fbae127e8db09da74812bde292eb77d2a68a7897a5571bb7c33ad12264102a
2024-09-30 12:48:50,62,01fbae127e8db09da74812bde292eb77d2a68a7897a5571bb7c33ad12264102a
2024-09-30 12:48:50,62,01fbae127e8db09da74812bde292eb77d2a68a7897a5571bb7c33ad12264102a
2024-09-30 12:48:50,62,f214df8686dde5873f6737cdf93909d29f9b61e55a05fd900714072e85e7e2d9
2024-09-30 12:48:53,62,49a8a774ce5021709aee890d1a6c508a9ac344d9604c9fd7f649292aa58ab50b
2024-09-30 12:48:54,62,49a8a774ce5021709aee890d1a6c508a9ac344d9604c9fd7f649292aa58ab50b
2024-09-30 12:48:57,62,18248f005b7493422ea25abcce7179b6d01446ebce2f14824bfbdbbe7f402bb9
2024-09-30 12:48:57,62,b259ad7b374273c26bec3567023bb3cef7a54a76409fb3688a4ef5ae3e07d4ba
2024-09-30 12:48:57,62,b259ad7b374273c26bec3567023bb3cef7a54a76409fb3688a4ef5ae3e07d4ba
2024-09-30 12:48:58,62,b259ad7b374273c26bec3567023bb3cef7a54a76409fb3688a4ef5ae3e07d4ba
2024-09-30 12:48:58,62,b259ad7b374273c26bec3567023bb3cef7a54a76409fb3688a4ef5ae3e07d4ba
2024-09-30 12:48:58,62,b259ad7b374273c26bec3567023bb3cef7a54a76409fb3688a4ef5ae3e07d4ba
2024-09-30 12:49:01,62,18248f005b7493422ea25abcce7179b6d01446ebce2f14824bfbdbbe7f402bb9
2024-09-30 12:49:01,62,18248f005b7493422ea25abcce7179b6d01446ebce2f14824bfbdbbe7f402bb9
2024-09-30 12:49:01,62,18248f005b7493422ea25abcce7179b6d01446ebce2f14824bfbdbbe7f402bb9
2024-09-30 12:49:02,62,18248f005b7493422ea25abcce7179b6d01446ebce2f14824bfbdbbe7f402bb9
2024-09-30 12:49:06,62,18248f005b7493422ea25abcce7179b6d01446ebce2f14824bfbdbbe7f402bb9
2024-09-30 12:49:06,62,18248f005b7493422ea25abcce7179b6d01446ebce2f14824bfbdbbe7f402bb9
2024-09-30 12:49:12,62,18248f005b7493422ea25abcce7179b6d01446ebce2f14824bfbdbbe7f402bb9
2024-09-30 12:49:12,62,18248f005b7493422ea25abcce7179b6d01446ebce2f14824bfbdbbe7f402bb9
2024-09-30 12:49:12,62,18248f005b7493422ea25abcce7179b6d01446ebce2f14824bfbdbbe7f402bb9
2024-09-30 12:49:12,62,18248f005b7493422ea25abcce7179b6d01446ebce2f14824bfbdbbe7f402bb9
2024-09-30 12:49:12,62,18248f005b7493422ea25abcce7179b6d01446ebce2f14824bfbdbbe7f402bb9
2024-09-30 12:49:20,62,18248f005b7493422ea25abcce7179b6d01446ebce2f14824bfbdbbe7f402bb9
2024-09-30 12:49:27,62,18248f005b7493422ea25abcce7179b6d01446ebce2f14824bfbdbbe7f402bb9
2024-09-30 12:49:27,62,18248f005b7493422ea25abcce7179b6d01446ebce2f14824bfbdbbe7f402bb9
2024-09-30 12:49:39,62,18248f005b7493422ea25abcce7179b6d01446ebce2f14824bfbdbbe7f402bb9
2024-09-30 12:49:43,62,18248f005b7493422ea25abcce7179b6d01446ebce2f14824bfbdbbe7f402bb9
2024-09-30 12:49:43,62,18248f005b7493422ea25abcce7179b6d01446ebce2f14824bfbdbbe7f402bb9
2024-09-30 12:49:56,62,18248f005b7493422ea25abcce7179b6d01446ebce2f14824bfbdbbe7f402bb9
2024-09-30 12:50:07,62,01fbae127e8db09da74812bde292eb77d2a68a7897a5571bb7c33ad12264102a
2024-09-30 12:50:07,62,01fbae127e8db09da74812bde292eb77d2a68a7897a5571bb7c33ad12264102a
2024-09-30 12:50:07,62,01fbae127e8db09da74812bde292eb77d2a68a7897a5571bb7c33ad12264102a
2024-09-30 12:50:07,62,01fbae127e8db09da74812bde292eb77d2a68a7897a5571bb7c33ad12264102a
2024-09-30 12:50:11,62,18248f005b7493422ea25abcce7179b6d01446ebce2f14824bfbdbbe7f402bb9
2024-09-30 12:50:11,62,18248f005b7493422ea25abcce7179b6d01446ebce2f14824bfbdbbe7f402bb9
2024-09-30 12:50:11,62,18248f005b7493422ea25abcce7179b6d01446ebce2f14824bfbdbbe7f402bb9
2024-09-30 12:50:30,62,ac6bdf2d5686dae420b8fa528fcc9b72514a3cbbdca201fadac306c2091d9b0c
2024-09-30 12:50:30,62,ac6bdf2d5686dae420b8fa528fcc9b72514a3cbbdca201fadac306c2091d9b0c
2024-09-30 12:50:33,62,18248f005b7493422ea25abcce7179b6d01446ebce2f14824bfbdbbe7f402bb9
2024-09-30 12:50:42,62,18248f005b7493422ea25abcce7179b6d01446ebce2f14824bfbdbbe7f402bb9
2024-09-30 12:50:42,62,18248f005b7493422ea25abcce7179b6d01446ebce2f14824bfbdbbe7f402bb9
2024-09-30 12:50:43,62,18248f005b7493422ea25abcce7179b6d01446ebce2f14824bfbdbbe7f402bb9
2024-09-30 12:50:43,62,18248f005b7493422ea25abcce7179b6d01446ebce2f14824bfbdbbe7f402bb9
2024-09-30 12:50:45,62,18248f005b7493422ea25abcce7179b6d01446ebce2f14824bfbdbbe7f402bb9
2024-09-30 12:50:45,62,18248f005b7493422ea25abcce7179b6d01446ebce2f14824bfbdbbe7f402bb9
2024-09-30 12:50:48,62,18248f005b7493422ea25abcce7179b6d01446ebce2f14824bfbdbbe7f402bb9
2024-09-30 12:50:50,62,18248f005b7493422ea25abcce7179b6d01446ebce2f14824bfbdbbe7f402bb9
2024-09-30 12:50:50,62,18248f005b7493422ea25abcce7179b6d01446ebce2f14824bfbdbbe7f402bb9
2024-09-30 12:50:50,62,18248f005b7493422ea25abcce7179b6d01446ebce2f14824bfbdbbe7f402bb9
2024-09-30 12:50:54,62,18248f005b7493422ea25abcce7179b6d01446ebce2f14824bfbdbbe7f402bb9
2024-09-30 12:50:56,62,18248f005b7493422ea25abcce7179b6d01446ebce2f14824bfbdbbe7f402bb9
2024-09-30 12:51:00,62,18248f005b7493422ea25abcce7179b6d01446ebce2f14824bfbdbbe7f402bb9
2024-09-30 12:51:12,62,18248f005b7493422ea25abcce7179b6d01446ebce2f14824bfbdbbe7f402bb9
2024-09-30 12:51:26,62,18248f005b7493422ea25abcce7179b6d01446ebce2f14824bfbdbbe7f402bb9
2024-09-30 12:51:26,62,18248f005b7493422ea25abcce7179b6d01446ebce2f14824bfbdbbe7f402bb9
2024-09-30 12:51:26,62,18248f005b7493422ea25abcce7179b6d01446ebce2f14824bfbdbbe7f402bb9
2024-09-30 12:51:26,62,18248f005b7493422ea25abcce7179b6d01446ebce2f14824bfbdbbe7f402bb9
2024-09-30 12:51:30,62,18248f005b7493422ea25abcce7179b6d01446ebce2f14824bfbdbbe7f402bb9
2024-09-30 12:51:30,62,f214df8686dde5873f6737cdf93909d29f9b61e55a05fd900714072e85e7e2d9
2024-09-30 12:51:42,62,01fbae127e8db09da74812bde292eb77d2a68a7897a5571bb7c33ad12264102a
2024-09-30 12:51:42,62,01fbae127e8db09da74812bde292eb77d2a68a7897a5571bb7c33ad12264102a
2024-09-30 12:51:43,62,18248f005b7493422ea25abcce7179b6d01446ebce2f14824bfbdbbe7f402bb9
2024-09-30 12:51:45,62,18248f005b7493422ea25abcce7179b6d01446ebce2f14824bfbdbbe7f402bb9
2024-09-30 12:52:06,62,18248f005b7493422ea25abcce7179b6d01446ebce2f14824bfbdbbe7f402bb9
2024-09-30 12:52:06,62,18248f005b7493422ea25abcce7179b6d01446ebce2f14824bfbdbbe7f402bb9
2024-09-30 12:52:06,62,18248f005b7493422ea25abcce7179b6d01446ebce2f14824bfbdbbe7f402bb9
2024-09-30 12:52:12,62,01fbae127e8db09da74812bde292eb77d2a68a7897a5571bb7c33ad12264102a
2024-09-30 12:52:12,62,01fbae127e8db09da74812bde292eb77d2a68a7897a5571bb7c33ad12264102a
2024-09-30 12:52:12,62,01fbae127e8db09da74812bde292eb77d2a68a7897a5571bb7c33ad12264102a
2024-09-30 12:52:14,62,18248f005b7493422ea25abcce7179b6d01446ebce2f14824bfbdbbe7f402bb9
2024-09-30 12:52:15,62,18248f005b7493422ea25abcce7179b6d01446ebce2f14824bfbdbbe7f402bb9
2024-09-30 12:52:15,62,18248f005b7493422ea25abcce7179b6d01446ebce2f14824bfbdbbe7f402bb9
2024-09-30 12:52:30,62,01fbae127e8db09da74812bde292eb77d2a68a7897a5571bb7c33ad12264102a
2024-09-30 12:52:31,62,01fbae127e8db09da74812bde292eb77d2a68a7897a5571bb7c33ad12264102a
2024-09-30 12:52:31,62,01fbae127e8db09da74812bde292eb77d2a68a7897a5571bb7c33ad12264102a
2024-09-30 12:52:36,62,18248f005b7493422ea25abcce7179b6d01446ebce2f14824bfbdbbe7f402bb9
2024-09-30 12:52:49,62,18248f005b7493422ea25abcce7179b6d01446ebce2f14824bfbdbbe7f402bb9
2024-09-30 12:52:49,62,18248f005b7493422ea25abcce7179b6d01446ebce2f14824bfbdbbe7f402bb9
2024-09-30 12:52:59,62,18248f005b7493422ea25abcce7179b6d01446ebce2f14824bfbdbbe7f402bb9
2024-09-30 12:53:02,62,18248f005b7493422ea25abcce7179b6d01446ebce2f14824bfbdbbe7f402bb9
2024-09-30 12:53:02,62,18248f005b7493422ea25abcce7179b6d01446ebce2f14824bfbdbbe7f402bb9
2024-09-30 12:53:02,62,18248f005b7493422ea25abcce7179b6d01446ebce2f14824bfbdbbe7f402bb9
2024-09-30 12:53:08,62,18248f005b7493422ea25abcce7179b6d01446ebce2f14824bfbdbbe7f402bb9
2024-09-30 12:53:16,62,18248f005b7493422ea25abcce7179b6d01446ebce2f14824bfbdbbe7f402bb9
2024-09-30 12:53:16,62,18248f005b7493422ea25abcce7179b6d01446ebce2f14824bfbdbbe7f402bb9
2024-09-30 12:53:20,62,c81372ca9529ddeb87790ff76f6745ec6870bc09bcdd705d8da7bfde78aed086
2024-09-30 12:53:20,62,c81372ca9529ddeb87790ff76f6745ec6870bc09bcdd705d8da7bfde78aed086
2024-09-30 12:53:20,62,c81372ca9529ddeb87790ff76f6745ec6870bc09bcdd705d8da7bfde78aed086
2024-09-30 12:53:20,62,c81372ca9529ddeb87790ff76f6745ec6870bc09bcdd705d8da7bfde78aed086
2024-09-30 12:53:20,62,c81372ca9529ddeb87790ff76f6745ec6870bc09bcdd705d8da7bfde78aed086
2024-09-30 12:53:20,62,c81372ca9529ddeb87790ff76f6745ec6870bc09bcdd705d8da7bfde78aed086
2024-09-30 12:53:20,62,c81372ca9529ddeb87790ff76f6745ec6870bc09bcdd705d8da7bfde78aed086
2024-09-30 12:53:20,62,c81372ca9529ddeb87790ff76f6745ec6870bc09bcdd705d8da7bfde78aed086
2024-09-30 12:53:23,62,18248f005b7493422ea25abcce7179b6d01446ebce2f14824bfbdbbe7f402bb9
2024-09-30 12:53:24,62,18248f005b7493422ea25abcce7179b6d01446ebce2f14824bfbdbbe7f402bb9
2024-09-30 12:53:24,62,18248f005b7493422ea25abcce7179b6d01446ebce2f14824bfbdbbe7f402bb9
2024-09-30 12:53:30,62,ac6bdf2d5686dae420b8fa528fcc9b72514a3cbbdca201fadac306c2091d9b0c
2024-09-30 12:53:30,62,ac6bdf2d5686dae420b8fa528fcc9b72514a3cbbdca201fadac306c2091d9b0c
2024-09-30 12:53:32,62,18248f005b7493422ea25abcce7179b6d01446ebce2f14824bfbdbbe7f402bb9
2024-09-30 12:53:33,62,18248f005b7493422ea25abcce7179b6d01446ebce2f14824bfbdbbe7f402bb9
2024-09-30 12:53:34,62,18248f005b7493422ea25abcce7179b6d01446ebce2f14824bfbdbbe7f402bb9
2024-09-30 12:53:35,62,b259ad7b374273c26bec3567023bb3cef7a54a76409fb3688a4ef5ae3e07d4ba
2024-09-30 12:53:35,62,b259ad7b374273c26bec3567023bb3cef7a54a76409fb3688a4ef5ae3e07d4ba
2024-09-30 12:53:36,62,18248f005b7493422ea25abcce7179b6d01446ebce2f14824bfbdbbe7f402bb9
2024-09-30 12:53:36,62,18248f005b7493422ea25abcce7179b6d01446ebce2f14824bfbdbbe7f402bb9
2024-09-30 12:53:40,62,18248f005b7493422ea25abcce7179b6d01446ebce2f14824bfbdbbe7f402bb9
2024-09-30 12:53:40,62,18248f005b7493422ea25abcce7179b6d01446ebce2f14824bfbdbbe7f402bb9
2024-09-30 12:53:40,62,18248f005b7493422ea25abcce7179b6d01446ebce2f14824bfbdbbe7f402bb9
2024-09-30 12:53:40,62,18248f005b7493422ea25abcce7179b6d01446ebce2f14824bfbdbbe7f402bb9
2024-09-30 12:53:42,62,01fbae127e8db09da74812bde292eb77d2a68a7897a5571bb7c33ad12264102a
2024-09-30 12:53:42,62,01fbae127e8db09da74812bde292eb77d2a68a7897a5571bb7c33ad12264102a
2024-09-30 12:53:48,62,18248f005b7493422ea25abcce7179b6d01446ebce2f14824bfbdbbe7f402bb9
2024-09-30 12:53:48,62,18248f005b7493422ea25abcce7179b6d01446ebce2f14824bfbdbbe7f402bb9
2024-09-30 12:53:48,62,18248f005b7493422ea25abcce7179b6d01446ebce2f14824bfbdbbe7f402bb9
2024-09-30 12:53:48,62,18248f005b7493422ea25abcce7179b6d01446ebce2f14824bfbdbbe7f402bb9
2024-09-30 12:53:48,62,18248f005b7493422ea25abcce7179b6d01446ebce2f14824bfbdbbe7f402bb9
2024-09-30 12:53:49,62,18248f005b7493422ea25abcce7179b6d01446ebce2f14824bfbdbbe7f402bb9
2024-09-30 12:53:49,62,18248f005b7493422ea25abcce7179b6d01446ebce2f14824bfbdbbe7f402bb9
2024-09-30 12:53:50,62,18248f005b7493422ea25abcce7179b6d01446ebce2f14824bfbdbbe7f402bb9
2024-09-30 12:53:50,62,18248f005b7493422ea25abcce7179b6d01446ebce2f14824bfbdbbe7f402bb9
2024-09-30 12:53:51,62,b259ad7b374273c26bec3567023bb3cef7a54a76409fb3688a4ef5ae3e07d4ba
2024-09-30 12:53:51,62,b259ad7b374273c26bec3567023bb3cef7a54a76409fb3688a4ef5ae3e07d4ba
2024-09-30 12:53:52,62,b259ad7b374273c26bec3567023bb3cef7a54a76409fb3688a4ef5ae3e07d4ba
2024-09-30 12:53:58,62,18248f005b7493422ea25abcce7179b6d01446ebce2f14824bfbdbbe7f402bb9
2024-09-30 12:54:09,62,18248f005b7493422ea25abcce7179b6d01446ebce2f14824bfbdbbe7f402bb9
2024-09-30 12:54:09,62,18248f005b7493422ea25abcce7179b6d01446ebce2f14824bfbdbbe7f402bb9
2024-09-30 12:54:09,62,18248f005b7493422ea25abcce7179b6d01446ebce2f14824bfbdbbe7f402bb9
2024-09-30 12:54:09,62,18248f005b7493422ea25abcce7179b6d01446ebce2f14824bfbdbbe7f402bb9
2024-09-30 12:54:15,62,01fbae127e8db09da74812bde292eb77d2a68a7897a5571bb7c33ad12264102a
2024-09-30 12:54:15,62,01fbae127e8db09da74812bde292eb77d2a68a7897a5571bb7c33ad12264102a
2024-09-30 12:54:15,62,01fbae127e8db09da74812bde292eb77d2a68a7897a5571bb7c33ad12264102a
2024-09-30 12:54:15,62,01fbae127e8db09da74812bde292eb77d2a68a7897a5571bb7c33ad12264102a
2024-09-30 12:54:19,62,18248f005b7493422ea25abcce7179b6d01446ebce2f14824bfbdbbe7f402bb9
2024-09-30 12:54:22,62,18248f005b7493422ea25abcce7179b6d01446ebce2f14824bfbdbbe7f402bb9
2024-09-30 12:54:37,62,01fbae127e8db09da74812bde292eb77d2a68a7897a5571bb7c33ad12264102a
2024-09-30 12:54:39,62,18248f005b7493422ea25abcce7179b6d01446ebce2f14824bfbdbbe7f402bb9
2024-09-30 12:54:42,62,18248f005b7493422ea25abcce7179b6d01446ebce2f14824bfbdbbe7f402bb9
2024-09-30 12:54:42,62,18248f005b7493422ea25abcce7179b6d01446ebce2f14824bfbdbbe7f402bb9
2024-09-30 12:54:45,62,18248f005b7493422ea25abcce7179b6d01446ebce2f14824bfbdbbe7f402bb9
2024-09-30 12:54:45,62,18248f005b7493422ea25abcce7179b6d01446ebce2f14824bfbdbbe7f402bb9
2024-09-30 12:54:46,62,18248f005b7493422ea25abcce7179b6d01446ebce2f14824bfbdbbe7f402bb9
2024-09-30 12:54:46,62,18248f005b7493422ea25abcce7179b6d01446ebce2f14824bfbdbbe7f402bb9
2024-09-30 12:54:47,62,18248f005b7493422ea25abcce7179b6d01446ebce2f14824bfbdbbe7f402bb9
2024-09-30 12:54:51,62,18248f005b7493422ea25abcce7179b6d01446ebce2f14824bfbdbbe7f402bb9
2024-09-30 12:54:51,62,18248f005b7493422ea25abcce7179b6d01446ebce2f14824bfbdbbe7f402bb9
2024-09-30 12:54:51,62,18248f005b7493422ea25abcce7179b6d01446ebce2f14824bfbdbbe7f402bb9
2024-09-30 12:54:52,62,18248f005b7493422ea25abcce7179b6d01446ebce2f14824bfbdbbe7f402bb9
2024-09-30 12:54:52,62,18248f005b7493422ea25abcce7179b6d01446ebce2f14824bfbdbbe7f402bb9
2024-09-30 12:54:54,62,18248f005b7493422ea25abcce7179b6d01446ebce2f14824bfbdbbe7f402bb9
2024-09-30 12:54:54,62,18248f005b7493422ea25abcce7179b6d01446ebce2f14824bfbdbbe7f402bb9
2024-09-30 12:54:58,62,c168aebeba878d33b9707a2069fc1323b9d0f1ccdbc75c3bc310a84164378bd5
2024-09-30 12:54:59,62,18248f005b7493422ea25abcce7179b6d01446ebce2f14824bfbdbbe7f402bb9
2024-09-30 12:54:59,62,18248f005b7493422ea25abcce7179b6d01446ebce2f14824bfbdbbe7f402bb9
2024-09-30 12:55:01,62,01fbae127e8db09da74812bde292eb77d2a68a7897a5571bb7c33ad12264102a
2024-09-30 12:55:01,62,01fbae127e8db09da74812bde292eb77d2a68a7897a5571bb7c33ad12264102a
2024-09-30 12:55:02,62,c168aebeba878d33b9707a2069fc1323b9d0f1ccdbc75c3bc310a84164378bd5
2024-09-30 12:55:02,62,c168aebeba878d33b9707a2069fc1323b9d0f1ccdbc75c3bc310a84164378bd5
2024-09-30 12:55:05,62,b259ad7b374273c26bec3567023bb3cef7a54a76409fb3688a4ef5ae3e07d4ba
2024-09-30 12:55:05,62,b259ad7b374273c26bec3567023bb3cef7a54a76409fb3688a4ef5ae3e07d4ba
2024-09-30 12:55:05,62,b259ad7b374273c26bec3567023bb3cef7a54a76409fb3688a4ef5ae3e07d4ba
2024-09-30 12:55:07,62,c168aebeba878d33b9707a2069fc1323b9d0f1ccdbc75c3bc310a84164378bd5
2024-09-30 12:55:07,62,c168aebeba878d33b9707a2069fc1323b9d0f1ccdbc75c3bc310a84164378bd5
2024-09-30 12:55:08,62,c168aebeba878d33b9707a2069fc1323b9d0f1ccdbc75c3bc310a84164378bd5
2024-09-30 12:55:10,62,18248f005b7493422ea25abcce7179b6d01446ebce2f14824bfbdbbe7f402bb9
2024-09-30 12:55:11,62,c168aebeba878d33b9707a2069fc1323b9d0f1ccdbc75c3bc310a84164378bd5
2024-09-30 12:55:12,62,c168aebeba878d33b9707a2069fc1323b9d0f1ccdbc75c3bc310a84164378bd5
2024-09-30 12:55:12,62,c168aebeba878d33b9707a2069fc1323b9d0f1ccdbc75c3bc310a84164378bd5
2024-09-30 12:55:15,62,01fbae127e8db09da74812bde292eb77d2a68a7897a5571bb7c33ad12264102a
2024-09-30 12:55:15,62,01fbae127e8db09da74812bde292eb77d2a68a7897a5571bb7c33ad12264102a
2024-09-30 12:55:15,62,01fbae127e8db09da74812bde292eb77d2a68a7897a5571bb7c33ad12264102a
2024-09-30 12:55:18,62,c168aebeba878d33b9707a2069fc1323b9d0f1ccdbc75c3bc310a84164378bd5
2024-09-30 12:55:19,62,c168aebeba878d33b9707a2069fc1323b9d0f1ccdbc75c3bc310a84164378bd5
2024-09-30 12:55:23,62,c168aebeba878d33b9707a2069fc1323b9d0f1ccdbc75c3bc310a84164378bd5
2024-09-30 12:55:23,62,c168aebeba878d33b9707a2069fc1323b9d0f1ccdbc75c3bc310a84164378bd5
2024-09-30 12:55:25,62,c168aebeba878d33b9707a2069fc1323b9d0f1ccdbc75c3bc310a84164378bd5
2024-09-30 12:55:26,62,c168aebeba878d33b9707a2069fc1323b9d0f1ccdbc75c3bc310a84164378bd5
2024-09-30 12:55:28,62,c168aebeba878d33b9707a2069fc1323b9d0f1ccdbc75c3bc310a84164378bd5
2024-09-30 12:55:28,62,c168aebeba878d33b9707a2069fc1323b9d0f1ccdbc75c3bc310a84164378bd5
2024-09-30 12:55:30,62,c168aebeba878d33b9707a2069fc1323b9d0f1ccdbc75c3bc310a84164378bd5
2024-09-30 12:55:30,62,c168aebeba878d33b9707a2069fc1323b9d0f1ccdbc75c3bc310a84164378bd5
2024-09-30 12:55:33,62,c168aebeba878d33b9707a2069fc1323b9d0f1ccdbc75c3bc310a84164378bd5
2024-09-30 12:55:33,62,c168aebeba878d33b9707a2069fc1323b9d0f1ccdbc75c3bc310a84164378bd5
2024-09-30 12:55:33,62,c168aebeba878d33b9707a2069fc1323b9d0f1ccdbc75c3bc310a84164378bd5
2024-09-30 12:55:33,62,c168aebeba878d33b9707a2069fc1323b9d0f1ccdbc75c3bc310a84164378bd5
2024-09-30 12:55:33,62,c168aebeba878d33b9707a2069fc1323b9d0f1ccdbc75c3bc310a84164378bd5
2024-09-30 12:55:33,62,c168aebeba878d33b9707a2069fc1323b9d0f1ccdbc75c3bc310a84164378bd5
2024-09-30 12:55:33,62,c168aebeba878d33b9707a2069fc1323b9d0f1ccdbc75c3bc310a84164378bd5
2024-09-30 12:55:35,62,c168aebeba878d33b9707a2069fc1323b9d0f1ccdbc75c3bc310a84164378bd5
2024-09-30 12:55:35,62,c168aebeba878d33b9707a2069fc1323b9d0f1ccdbc75c3bc310a84164378bd5
2024-09-30 12:55:35,62,c168aebeba878d33b9707a2069fc1323b9d0f1ccdbc75c3bc310a84164378bd5
2024-09-30 12:55:37,62,c168aebeba878d33b9707a2069fc1323b9d0f1ccdbc75c3bc310a84164378bd5
2024-09-30 12:55:37,62,c168aebeba878d33b9707a2069fc1323b9d0f1ccdbc75c3bc310a84164378bd5
2024-09-30 12:55:37,62,c168aebeba878d33b9707a2069fc1323b9d0f1ccdbc75c3bc310a84164378bd5
2024-09-30 12:55:37,62,c168aebeba878d33b9707a2069fc1323b9d0f1ccdbc75c3bc310a84164378bd5
2024-09-30 12:55:37,62,c168aebeba878d33b9707a2069fc1323b9d0f1ccdbc75c3bc310a84164378bd5
2024-09-30 12:55:37,62,c168aebeba878d33b9707a2069fc1323b9d0f1ccdbc75c3bc310a84164378bd5
2024-09-30 12:55:37,62,c168aebeba878d33b9707a2069fc1323b9d0f1ccdbc75c3bc310a84164378bd5
2024-09-30 12:55:40,62,c168aebeba878d33b9707a2069fc1323b9d0f1ccdbc75c3bc310a84164378bd5
2024-09-30 12:55:40,62,c168aebeba878d33b9707a2069fc1323b9d0f1ccdbc75c3bc310a84164378bd5
2024-09-30 12:55:40,62,c168aebeba878d33b9707a2069fc1323b9d0f1ccdbc75c3bc310a84164378bd5
2024-09-30 12:55:40,62,c168aebeba878d33b9707a2069fc1323b9d0f1ccdbc75c3bc310a84164378bd5
2024-09-30 12:55:40,62,c168aebeba878d33b9707a2069fc1323b9d0f1ccdbc75c3bc310a84164378bd5
2024-09-30 12:55:44,62,c168aebeba878d33b9707a2069fc1323b9d0f1ccdbc75c3bc310a84164378bd5
2024-09-30 12:55:44,62,c168aebeba878d33b9707a2069fc1323b9d0f1ccdbc75c3bc310a84164378bd5
2024-09-30 12:55:44,62,c168aebeba878d33b9707a2069fc1323b9d0f1ccdbc75c3bc310a84164378bd5
2024-09-30 12:55:44,62,c168aebeba878d33b9707a2069fc1323b9d0f1ccdbc75c3bc310a84164378bd5
2024-09-30 12:55:44,62,c168aebeba878d33b9707a2069fc1323b9d0f1ccdbc75c3bc310a84164378bd5
2024-09-30 12:55:47,62,c168aebeba878d33b9707a2069fc1323b9d0f1ccdbc75c3bc310a84164378bd5
2024-09-30 12:55:47,62,c168aebeba878d33b9707a2069fc1323b9d0f1ccdbc75c3bc310a84164378bd5
2024-09-30 12:55:47,62,c168aebeba878d33b9707a2069fc1323b9d0f1ccdbc75c3bc310a84164378bd5
2024-09-30 12:55:49,62,c168aebeba878d33b9707a2069fc1323b9d0f1ccdbc75c3bc310a84164378bd5
2024-09-30 12:55:49,62,c168aebeba878d33b9707a2069fc1323b9d0f1ccdbc75c3bc310a84164378bd5
2024-09-30 12:55:50,62,18248f005b7493422ea25abcce7179b6d01446ebce2f14824bfbdbbe7f402bb9
2024-09-30 12:55:51,62,c168aebeba878d33b9707a2069fc1323b9d0f1ccdbc75c3bc310a84164378bd5
2024-09-30 12:55:51,62,18248f005b7493422ea25abcce7179b6d01446ebce2f14824bfbdbbe7f402bb9
2024-09-30 12:55:52,62,c168aebeba878d33b9707a2069fc1323b9d0f1ccdbc75c3bc310a84164378bd5
2024-09-30 12:55:52,62,18248f005b7493422ea25abcce7179b6d01446ebce2f14824bfbdbbe7f402bb9
2024-09-30 12:55:52,62,c168aebeba878d33b9707a2069fc1323b9d0f1ccdbc75c3bc310a84164378bd5
2024-09-30 12:55:52,62,18248f005b7493422ea25abcce7179b6d01446ebce2f14824bfbdbbe7f402bb9
2024-09-30 12:55:54,62,c168aebeba878d33b9707a2069fc1323b9d0f1ccdbc75c3bc310a84164378bd5
2024-09-30 12:55:54,62,c168aebeba878d33b9707a2069fc1323b9d0f1ccdbc75c3bc310a84164378bd5
2024-09-30 12:55:54,62,18248f005b7493422ea25abcce7179b6d01446ebce2f14824bfbdbbe7f402bb9
2024-09-30 12:55:54,62,18248f005b7493422ea25abcce7179b6d01446ebce2f14824bfbdbbe7f402bb9
2024-09-30 12:55:54,62,c168aebeba878d33b9707a2069fc1323b9d0f1ccdbc75c3bc310a84164378bd5
2024-09-30 12:55:54,62,c168aebeba878d33b9707a2069fc1323b9d0f1ccdbc75c3bc310a84164378bd5
2024-09-30 12:55:54,62,c168aebeba878d33b9707a2069fc1323b9d0f1ccdbc75c3bc310a84164378bd5
2024-09-30 12:55:54,62,c168aebeba878d33b9707a2069fc1323b9d0f1ccdbc75c3bc310a84164378bd5
2024-09-30 12:55:54,62,c168aebeba878d33b9707a2069fc1323b9d0f1ccdbc75c3bc310a84164378bd5
2024-09-30 12:55:54,62,18248f005b7493422ea25abcce7179b6d01446ebce2f14824bfbdbbe7f402bb9
2024-09-30 12:55:56,62,18248f005b7493422ea25abcce7179b6d01446ebce2f14824bfbdbbe7f402bb9
2024-09-30 12:55:59,62,c168aebeba878d33b9707a2069fc1323b9d0f1ccdbc75c3bc310a84164378bd5
2024-09-30 12:55:59,62,c168aebeba878d33b9707a2069fc1323b9d0f1ccdbc75c3bc310a84164378bd5
2024-09-30 12:55:59,62,c168aebeba878d33b9707a2069fc1323b9d0f1ccdbc75c3bc310a84164378bd5
2024-09-30 12:55:59,62,c168aebeba878d33b9707a2069fc1323b9d0f1ccdbc75c3bc310a84164378bd5
2024-09-30 12:56:01,62,c168aebeba878d33b9707a2069fc1323b9d0f1ccdbc75c3bc310a84164378bd5
2024-09-30 12:56:01,62,c168aebeba878d33b9707a2069fc1323b9d0f1ccdbc75c3bc310a84164378bd5
2024-09-30 12:56:01,62,c168aebeba878d33b9707a2069fc1323b9d0f1ccdbc75c3bc310a84164378bd5
2024-09-30 12:56:02,62,60c4422cad386a910f9b02af24a893b0234895471867c9df5b7e166e3abb6814
2024-09-30 12:56:02,62,60c4422cad386a910f9b02af24a893b0234895471867c9df5b7e166e3abb6814
2024-09-30 12:56:02,62,60c4422cad386a910f9b02af24a893b0234895471867c9df5b7e166e3abb6814
2024-09-30 12:56:02,62,60c4422cad386a910f9b02af24a893b0234895471867c9df5b7e166e3abb6814
2024-09-30 12:56:02,62,60c4422cad386a910f9b02af24a893b0234895471867c9df5b7e166e3abb6814
2024-09-30 12:56:02,62,60c4422cad386a910f9b02af24a893b0234895471867c9df5b7e166e3abb6814
2024-09-30 12:56:04,62,c168aebeba878d33b9707a2069fc1323b9d0f1ccdbc75c3bc310a84164378bd5
2024-09-30 12:56:04,62,c168aebeba878d33b9707a2069fc1323b9d0f1ccdbc75c3bc310a84164378bd5
2024-09-30 12:56:09,62,c168aebeba878d33b9707a2069fc1323b9d0f1ccdbc75c3bc310a84164378bd5
2024-09-30 12:56:09,62,c168aebeba878d33b9707a2069fc1323b9d0f1ccdbc75c3bc310a84164378bd5
2024-09-30 12:56:09,62,c168aebeba878d33b9707a2069fc1323b9d0f1ccdbc75c3bc310a84164378bd5
2024-09-30 12:56:09,62,18248f005b7493422ea25abcce7179b6d01446ebce2f14824bfbdbbe7f402bb9
2024-09-30 12:56:09,62,18248f005b7493422ea25abcce7179b6d01446ebce2f14824bfbdbbe7f402bb9
2024-09-30 12:56:13,62,18248f005b7493422ea25abcce7179b6d01446ebce2f14824bfbdbbe7f402bb9
2024-09-30 12:56:13,62,18248f005b7493422ea25abcce7179b6d01446ebce2f14824bfbdbbe7f402bb9
2024-09-30 12:56:13,62,18248f005b7493422ea25abcce7179b6d01446ebce2f14824bfbdbbe7f402bb9
2024-09-30 12:56:13,62,c168aebeba878d33b9707a2069fc1323b9d0f1ccdbc75c3bc310a84164378bd5
2024-09-30 12:56:13,62,c168aebeba878d33b9707a2069fc1323b9d0f1ccdbc75c3bc310a84164378bd5
2024-09-30 12:56:14,62,c168aebeba878d33b9707a2069fc1323b9d0f1ccdbc75c3bc310a84164378bd5
2024-09-30 12:56:14,62,18248f005b7493422ea25abcce7179b6d01446ebce2f14824bfbdbbe7f402bb9
2024-09-30 12:56:15,62,18248f005b7493422ea25abcce7179b6d01446ebce2f14824bfbdbbe7f402bb9
2024-09-30 12:56:15,62,18248f005b7493422ea25abcce7179b6d01446ebce2f14824bfbdbbe7f402bb9
2024-09-30 12:56:18,62,c168aebeba878d33b9707a2069fc1323b9d0f1ccdbc75c3bc310a84164378bd5
2024-09-30 12:56:18,62,c168aebeba878d33b9707a2069fc1323b9d0f1ccdbc75c3bc310a84164378bd5
2024-09-30 12:56:18,62,c168aebeba878d33b9707a2069fc1323b9d0f1ccdbc75c3bc310a84164378bd5
2024-09-30 12:56:18,62,18248f005b7493422ea25abcce7179b6d01446ebce2f14824bfbdbbe7f402bb9
2024-09-30 12:56:18,62,18248f005b7493422ea25abcce7179b6d01446ebce2f14824bfbdbbe7f402bb9
2024-09-30 12:56:21,62,18248f005b7493422ea25abcce7179b6d01446ebce2f14824bfbdbbe7f402bb9
2024-09-30 12:56:23,62,c168aebeba878d33b9707a2069fc1323b9d0f1ccdbc75c3bc310a84164378bd5
2024-09-30 12:56:25,62,01fbae127e8db09da74812bde292eb77d2a68a7897a5571bb7c33ad12264102a
2024-09-30 12:56:25,62,01fbae127e8db09da74812bde292eb77d2a68a7897a5571bb7c33ad12264102a
2024-09-30 12:56:25,62,01fbae127e8db09da74812bde292eb77d2a68a7897a5571bb7c33ad12264102a
2024-09-30 12:56:25,62,01fbae127e8db09da74812bde292eb77d2a68a7897a5571bb7c33ad12264102a
2024-09-30 12:56:26,62,01fbae127e8db09da74812bde292eb77d2a68a7897a5571bb7c33ad12264102a
2024-09-30 12:56:26,62,18248f005b7493422ea25abcce7179b6d01446ebce2f14824bfbdbbe7f402bb9
2024-09-30 12:56:27,62,01fbae127e8db09da74812bde292eb77d2a68a7897a5571bb7c33ad12264102a
2024-09-30 12:56:28,62,18248f005b7493422ea25abcce7179b6d01446ebce2f14824bfbdbbe7f402bb9
2024-09-30 12:56:28,62,18248f005b7493422ea25abcce7179b6d01446ebce2f14824bfbdbbe7f402bb9
2024-09-30 12:56:30,62,c168aebeba878d33b9707a2069fc1323b9d0f1ccdbc75c3bc310a84164378bd5
2024-09-30 12:56:30,62,c168aebeba878d33b9707a2069fc1323b9d0f1ccdbc75c3bc310a84164378bd5
2024-09-30 12:56:30,62,c168aebeba878d33b9707a2069fc1323b9d0f1ccdbc75c3bc310a84164378bd5
2024-09-30 12:56:30,62,c168aebeba878d33b9707a2069fc1323b9d0f1ccdbc75c3bc310a84164378bd5
2024-09-30 12:56:32,62,c168aebeba878d33b9707a2069fc1323b9d0f1ccdbc75c3bc310a84164378bd5
2024-09-30 12:56:32,62,c168aebeba878d33b9707a2069fc1323b9d0f1ccdbc75c3bc310a84164378bd5
2024-09-30 12:56:32,62,c168aebeba878d33b9707a2069fc1323b9d0f1ccdbc75c3bc310a84164378bd5
2024-09-30 12:56:34,62,18248f005b7493422ea25abcce7179b6d01446ebce2f14824bfbdbbe7f402bb9
2024-09-30 12:56:34,62,18248f005b7493422ea25abcce7179b6d01446ebce2f14824bfbdbbe7f402bb9
2024-09-30 12:56:35,62,18248f005b7493422ea25abcce7179b6d01446ebce2f14824bfbdbbe7f402bb9
2024-09-30 12:56:37,62,c168aebeba878d33b9707a2069fc1323b9d0f1ccdbc75c3bc310a84164378bd5
2024-09-30 12:56:37,62,c168aebeba878d33b9707a2069fc1323b9d0f1ccdbc75c3bc310a84164378bd5
2024-09-30 12:56:42,62,c168aebeba878d33b9707a2069fc1323b9d0f1ccdbc75c3bc310a84164378bd5
2024-09-30 12:56:42,62,18248f005b7493422ea25abcce7179b6d01446ebce2f14824bfbdbbe7f402bb9
2024-09-30 12:56:42,62,18248f005b7493422ea25abcce7179b6d01446ebce2f14824bfbdbbe7f402bb9
2024-09-30 12:56:42,62,18248f005b7493422ea25abcce7179b6d01446ebce2f14824bfbdbbe7f402bb9
2024-09-30 12:56:42,62,18248f005b7493422ea25abcce7179b6d01446ebce2f14824bfbdbbe7f402bb9
2024-09-30 12:56:42,62,18248f005b7493422ea25abcce7179b6d01446ebce2f14824bfbdbbe7f402bb9
2024-09-30 12:56:46,62,c168aebeba878d33b9707a2069fc1323b9d0f1ccdbc75c3bc310a84164378bd5
2024-09-30 12:56:48,62,18248f005b7493422ea25abcce7179b6d01446ebce2f14824bfbdbbe7f402bb9
2024-09-30 12:56:51,62,f214df8686dde5873f6737cdf93909d29f9b61e55a05fd900714072e85e7e2d9
2024-09-30 12:56:51,62,f214df8686dde5873f6737cdf93909d29f9b61e55a05fd900714072e85e7e2d9
2024-09-30 12:56:51,62,f214df8686dde5873f6737cdf93909d29f9b61e55a05fd900714072e85e7e2d9
2024-09-30 12:56:51,62,f214df8686dde5873f6737cdf93909d29f9b61e55a05fd900714072e85e7e2d9
2024-09-30 12:56:56,62,c168aebeba878d33b9707a2069fc1323b9d0f1ccdbc75c3bc310a84164378bd5
2024-09-30 12:56:56,62,18248f005b7493422ea25abcce7179b6d01446ebce2f14824bfbdbbe7f402bb9
2024-09-30 12:56:56,62,18248f005b7493422ea25abcce7179b6d01446ebce2f14824bfbdbbe7f402bb9
2024-09-30 12:56:56,62,18248f005b7493422ea25abcce7179b6d01446ebce2f14824bfbdbbe7f402bb9
2024-09-30 12:56:57,62,18248f005b7493422ea25abcce7179b6d01446ebce2f14824bfbdbbe7f402bb9
2024-09-30 12:57:04,62,18248f005b7493422ea25abcce7179b6d01446ebce2f14824bfbdbbe7f402bb9
2024-09-30 12:57:04,62,18248f005b7493422ea25abcce7179b6d01446ebce2f14824bfbdbbe7f402bb9
2024-09-30 12:57:05,62,18248f005b7493422ea25abcce7179b6d01446ebce2f14824bfbdbbe7f402bb9
2024-09-30 12:57:09,62,18248f005b7493422ea25abcce7179b6d01446ebce2f14824bfbdbbe7f402bb9
2024-09-30 12:57:14,62,01fbae127e8db09da74812bde292eb77d2a68a7897a5571bb7c33ad12264102a
2024-09-30 12:57:22,62,18248f005b7493422ea25abcce7179b6d01446ebce2f14824bfbdbbe7f402bb9
2024-09-30 12:57:31,62,01fbae127e8db09da74812bde292eb77d2a68a7897a5571bb7c33ad12264102a
2024-09-30 12:57:31,62,01fbae127e8db09da74812bde292eb77d2a68a7897a5571bb7c33ad12264102a
2024-09-30 12:57:31,62,01fbae127e8db09da74812bde292eb77d2a68a7897a5571bb7c33ad12264102a
2024-09-30 12:57:31,62,01fbae127e8db09da74812bde292eb77d2a68a7897a5571bb7c33ad12264102a
2024-09-30 12:57:31,62,01fbae127e8db09da74812bde292eb77d2a68a7897a5571bb7c33ad12264102a
2024-09-30 12:57:34,62,18248f005b7493422ea25abcce7179b6d01446ebce2f14824bfbdbbe7f402bb9
2024-09-30 12:57:45,62,18248f005b7493422ea25abcce7179b6d01446ebce2f14824bfbdbbe7f402bb9
2024-09-30 12:57:45,62,18248f005b7493422ea25abcce7179b6d01446ebce2f14824bfbdbbe7f402bb9
2024-09-30 12:57:52,62,01fbae127e8db09da74812bde292eb77d2a68a7897a5571bb7c33ad12264102a
2024-09-30 12:57:54,62,18248f005b7493422ea25abcce7179b6d01446ebce2f14824bfbdbbe7f402bb9
2024-09-30 12:57:54,62,18248f005b7493422ea25abcce7179b6d01446ebce2f14824bfbdbbe7f402bb9
2024-09-30 12:58:06,62,18248f005b7493422ea25abcce7179b6d01446ebce2f14824bfbdbbe7f402bb9
2024-09-30 12:58:08,62,18248f005b7493422ea25abcce7179b6d01446ebce2f14824bfbdbbe7f402bb9
2024-09-30 12:58:08,62,18248f005b7493422ea25abcce7179b6d01446ebce2f14824bfbdbbe7f402bb9
2024-09-30 12:58:09,62,18248f005b7493422ea25abcce7179b6d01446ebce2f14824bfbdbbe7f402bb9
2024-09-30 12:58:21,62,18248f005b7493422ea25abcce7179b6d01446ebce2f14824bfbdbbe7f402bb9
2024-09-30 12:58:21,62,18248f005b7493422ea25abcce7179b6d01446ebce2f14824bfbdbbe7f402bb9
2024-09-30 12:58:21,62,18248f005b7493422ea25abcce7179b6d01446ebce2f14824bfbdbbe7f402bb9
2024-09-30 12:58:21,62,18248f005b7493422ea25abcce7179b6d01446ebce2f14824bfbdbbe7f402bb9
2024-09-30 12:58:29,62,18248f005b7493422ea25abcce7179b6d01446ebce2f14824bfbdbbe7f402bb9
2024-09-30 12:58:53,62,b259ad7b374273c26bec3567023bb3cef7a54a76409fb3688a4ef5ae3e07d4ba
2024-09-30 12:58:53,62,b259ad7b374273c26bec3567023bb3cef7a54a76409fb3688a4ef5ae3e07d4ba
2024-09-30 12:58:53,62,b259ad7b374273c26bec3567023bb3cef7a54a76409fb3688a4ef5ae3e07d4ba
2024-09-30 12:59:02,62,01fbae127e8db09da74812bde292eb77d2a68a7897a5571bb7c33ad12264102a
2024-09-30 12:59:03,62,18248f005b7493422ea25abcce7179b6d01446ebce2f14824bfbdbbe7f402bb9
2024-09-30 12:59:03,62,18248f005b7493422ea25abcce7179b6d01446ebce2f14824bfbdbbe7f402bb9
2024-09-30 12:59:14,62,b259ad7b374273c26bec3567023bb3cef7a54a76409fb3688a4ef5ae3e07d4ba
2024-09-30 12:59:15,62,b259ad7b374273c26bec3567023bb3cef7a54a76409fb3688a4ef5ae3e07d4ba
2024-09-30 12:59:15,62,b259ad7b374273c26bec3567023bb3cef7a54a76409fb3688a4ef5ae3e07d4ba
2024-09-30 12:59:15,62,b259ad7b374273c26bec3567023bb3cef7a54a76409fb3688a4ef5ae3e07d4ba
2024-09-30 12:59:15,62,18248f005b7493422ea25abcce7179b6d01446ebce2f14824bfbdbbe7f402bb9
2024-09-30 12:59:15,62,18248f005b7493422ea25abcce7179b6d01446ebce2f14824bfbdbbe7f402bb9
2024-09-30 12:59:16,62,18248f005b7493422ea25abcce7179b6d01446ebce2f14824bfbdbbe7f402bb9
2024-09-30 12:59:16,62,18248f005b7493422ea25abcce7179b6d01446ebce2f14824bfbdbbe7f402bb9
2024-09-30 12:59:18,62,18248f005b7493422ea25abcce7179b6d01446ebce2f14824bfbdbbe7f402bb9
2024-09-30 12:59:30,62,ac6bdf2d5686dae420b8fa528fcc9b72514a3cbbdca201fadac306c2091d9b0c
2024-09-30 12:59:30,62,ac6bdf2d5686dae420b8fa528fcc9b72514a3cbbdca201fadac306c2091d9b0c
2024-09-30 12:59:30,62,ac6bdf2d5686dae420b8fa528fcc9b72514a3cbbdca201fadac306c2091d9b0c
2024-09-30 12:59:31,62,f214df8686dde5873f6737cdf93909d29f9b61e55a05fd900714072e85e7e2d9
2024-09-30 12:59:40,62,18248f005b7493422ea25abcce7179b6d01446ebce2f14824bfbdbbe7f402bb9
2024-09-30 12:59:40,62,18248f005b7493422ea25abcce7179b6d01446ebce2f14824bfbdbbe7f402bb9
2024-09-30 12:59:40,62,18248f005b7493422ea25abcce7179b6d01446ebce2f14824bfbdbbe7f402bb9
2024-09-30 12:59:40,62,18248f005b7493422ea25abcce7179b6d01446ebce2f14824bfbdbbe7f402bb9
2024-09-30 12:59:40,62,18248f005b7493422ea25abcce7179b6d01446ebce2f14824bfbdbbe7f402bb9
2024-09-30 12:59:40,62,18248f005b7493422ea25abcce7179b6d01446ebce2f14824bfbdbbe7f402bb9
2024-09-30 12:59:53,62,18248f005b7493422ea25abcce7179b6d01446ebce2f14824bfbdbbe7f402bb9
2024-09-30 12:59:53,62,18248f005b7493422ea25abcce7179b6d01446ebce2f14824bfbdbbe7f402bb9
2024-09-30 12:59:53,62,18248f005b7493422ea25abcce7179b6d01446ebce2f14824bfbdbbe7f402bb9
2024-09-30 12:59:53,62,18248f005b7493422ea25abcce7179b6d01446ebce2f14824bfbdbbe7f402bb9
2024-09-30 12:59:54,62,18248f005b7493422ea25abcce7179b6d01446ebce2f14824bfbdbbe7f402bb9
2024-09-30 12:59:57,62,18248f005b7493422ea25abcce7179b6d01446ebce2f14824bfbdbbe7f402bb9
2024-09-30 12:59:57,62,18248f005b7493422ea25abcce7179b6d01446ebce2f14824bfbdbbe7f402bb9
2024-09-30 13:00:09,62,18248f005b7493422ea25abcce7179b6d01446ebce2f14824bfbdbbe7f402bb9
2024-09-30 13:00:10,62,18248f005b7493422ea25abcce7179b6d01446ebce2f14824bfbdbbe7f402bb9
2024-09-30 13:00:10,62,18248f005b7493422ea25abcce7179b6d01446ebce2f14824bfbdbbe7f402bb9
2024-09-30 13:00:10,62,18248f005b7493422ea25abcce7179b6d01446ebce2f14824bfbdbbe7f402bb9
2024-09-30 13:00:16,62,18248f005b7493422ea25abcce7179b6d01446ebce2f14824bfbdbbe7f402bb9
2024-09-30 13:00:16,62,18248f005b7493422ea25abcce7179b6d01446ebce2f14824bfbdbbe7f402bb9
2024-09-30 13:00:16,62,18248f005b7493422ea25abcce7179b6d01446ebce2f14824bfbdbbe7f402bb9
2024-09-30 13:00:18,62,18248f005b7493422ea25abcce7179b6d01446ebce2f14824bfbdbbe7f402bb9
2024-09-30 13:00:19,62,18248f005b7493422ea25abcce7179b6d01446ebce2f14824bfbdbbe7f402bb9
2024-09-30 13:00:21,62,18248f005b7493422ea25abcce7179b6d01446ebce2f14824bfbdbbe7f402bb9
2024-09-30 13:00:42,62,18248f005b7493422ea25abcce7179b6d01446ebce2f14824bfbdbbe7f402bb9
2024-09-30 13:00:44,62,01fbae127e8db09da74812bde292eb77d2a68a7897a5571bb7c33ad12264102a
2024-09-30 13:00:44,62,01fbae127e8db09da74812bde292eb77d2a68a7897a5571bb7c33ad12264102a
2024-09-30 13:00:45,62,01fbae127e8db09da74812bde292eb77d2a68a7897a5571bb7c33ad12264102a
2024-09-30 13:00:46,62,18248f005b7493422ea25abcce7179b6d01446ebce2f14824bfbdbbe7f402bb9
2024-09-30 13:00:46,62,18248f005b7493422ea25abcce7179b6d01446ebce2f14824bfbdbbe7f402bb9
2024-09-30 13:01:09,62,18248f005b7493422ea25abcce7179b6d01446ebce2f14824bfbdbbe7f402bb9
2024-09-30 13:01:09,62,18248f005b7493422ea25abcce7179b6d01446ebce2f14824bfbdbbe7f402bb9
2024-09-30 13:01:09,62,18248f005b7493422ea25abcce7179b6d01446ebce2f14824bfbdbbe7f402bb9
2024-09-30 13:01:10,62,18248f005b7493422ea25abcce7179b6d01446ebce2f14824bfbdbbe7f402bb9
2024-09-30 13:01:10,62,18248f005b7493422ea25abcce7179b6d01446ebce2f14824bfbdbbe7f402bb9
2024-09-30 13:01:12,62,18248f005b7493422ea25abcce7179b6d01446ebce2f14824bfbdbbe7f402bb9
2024-09-30 13:01:19,62,18248f005b7493422ea25abcce7179b6d01446ebce2f14824bfbdbbe7f402bb9
2024-09-30 13:01:19,62,01fbae127e8db09da74812bde292eb77d2a68a7897a5571bb7c33ad12264102a
2024-09-30 13:01:19,62,18248f005b7493422ea25abcce7179b6d01446ebce2f14824bfbdbbe7f402bb9
2024-09-30 13:01:19,62,18248f005b7493422ea25abcce7179b6d01446ebce2f14824bfbdbbe7f402bb9
2024-09-30 13:01:26,62,18248f005b7493422ea25abcce7179b6d01446ebce2f14824bfbdbbe7f402bb9
2024-09-30 13:01:28,62,01fbae127e8db09da74812bde292eb77d2a68a7897a5571bb7c33ad12264102a
2024-09-30 13:01:28,62,01fbae127e8db09da74812bde292eb77d2a68a7897a5571bb7c33ad12264102a
2024-09-30 13:01:28,62,01fbae127e8db09da74812bde292eb77d2a68a7897a5571bb7c33ad12264102a
2024-09-30 13:01:34,62,18248f005b7493422ea25abcce7179b6d01446ebce2f14824bfbdbbe7f402bb9
2024-09-30 13:01:39,62,18248f005b7493422ea25abcce7179b6d01446ebce2f14824bfbdbbe7f402bb9
2024-09-30 13:01:48,62,18248f005b7493422ea25abcce7179b6d01446ebce2f14824bfbdbbe7f402bb9
2024-09-30 13:01:52,62,18248f005b7493422ea25abcce7179b6d01446ebce2f14824bfbdbbe7f402bb9
2024-09-30 13:01:53,62,01fbae127e8db09da74812bde292eb77d2a68a7897a5571bb7c33ad12264102a
2024-09-30 13:01:54,62,b259ad7b374273c26bec3567023bb3cef7a54a76409fb3688a4ef5ae3e07d4ba
2024-09-30 13:01:54,62,b259ad7b374273c26bec3567023bb3cef7a54a76409fb3688a4ef5ae3e07d4ba
2024-09-30 13:01:54,62,b259ad7b374273c26bec3567023bb3cef7a54a76409fb3688a4ef5ae3e07d4ba
2024-09-30 13:01:56,62,01fbae127e8db09da74812bde292eb77d2a68a7897a5571bb7c33ad12264102a
2024-09-30 13:01:56,62,01fbae127e8db09da74812bde292eb77d2a68a7897a5571bb7c33ad12264102a
2024-09-30 13:02:00,62,18248f005b7493422ea25abcce7179b6d01446ebce2f14824bfbdbbe7f402bb9
2024-09-30 13:02:06,62,dfba5538503c3766141e6e9c00ab0763c4ceebda26f95e18ea3df2557edff2ca
2024-09-30 13:02:11,62,f214df8686dde5873f6737cdf93909d29f9b61e55a05fd900714072e85e7e2d9
2024-09-30 13:02:11,62,f214df8686dde5873f6737cdf93909d29f9b61e55a05fd900714072e85e7e2d9
2024-09-30 13:02:11,62,f214df8686dde5873f6737cdf93909d29f9b61e55a05fd900714072e85e7e2d9
2024-09-30 13:02:12,62,18248f005b7493422ea25abcce7179b6d01446ebce2f14824bfbdbbe7f402bb9
2024-09-30 13:02:12,62,18248f005b7493422ea25abcce7179b6d01446ebce2f14824bfbdbbe7f402bb9
2024-09-30 13:02:12,62,18248f005b7493422ea25abcce7179b6d01446ebce2f14824bfbdbbe7f402bb9
2024-09-30 13:02:13,62,18248f005b7493422ea25abcce7179b6d01446ebce2f14824bfbdbbe7f402bb9
2024-09-30 13:02:13,62,18248f005b7493422ea25abcce7179b6d01446ebce2f14824bfbdbbe7f402bb9
2024-09-30 13:02:21,62,18248f005b7493422ea25abcce7179b6d01446ebce2f14824bfbdbbe7f402bb9
2024-09-30 13:02:21,62,18248f005b7493422ea25abcce7179b6d01446ebce2f14824bfbdbbe7f402bb9
2024-09-30 13:02:22,62,c6ffb1e5f828f4df8e99097f27d25253f28fd48e08006ae8770339d55290d121
2024-09-30 13:02:22,62,c6ffb1e5f828f4df8e99097f27d25253f28fd48e08006ae8770339d55290d121
2024-09-30 13:02:29,62,18248f005b7493422ea25abcce7179b6d01446ebce2f14824bfbdbbe7f402bb9
2024-09-30 13:02:30,62,ac6bdf2d5686dae420b8fa528fcc9b72514a3cbbdca201fadac306c2091d9b0c
2024-09-30 13:02:30,62,ac6bdf2d5686dae420b8fa528fcc9b72514a3cbbdca201fadac306c2091d9b0c
2024-09-30 13:02:34,62,18248f005b7493422ea25abcce7179b6d01446ebce2f14824bfbdbbe7f402bb9
2024-09-30 13:02:34,62,18248f005b7493422ea25abcce7179b6d01446ebce2f14824bfbdbbe7f402bb9
2024-09-30 13:02:41,62,18248f005b7493422ea25abcce7179b6d01446ebce2f14824bfbdbbe7f402bb9
2024-09-30 13:02:41,62,18248f005b7493422ea25abcce7179b6d01446ebce2f14824bfbdbbe7f402bb9
2024-09-30 13:02:41,62,18248f005b7493422ea25abcce7179b6d01446ebce2f14824bfbdbbe7f402bb9
2024-09-30 13:02:49,62,01fbae127e8db09da74812bde292eb77d2a68a7897a5571bb7c33ad12264102a
2024-09-30 13:02:49,62,01fbae127e8db09da74812bde292eb77d2a68a7897a5571bb7c33ad12264102a
2024-09-30 13:02:49,62,01fbae127e8db09da74812bde292eb77d2a68a7897a5571bb7c33ad12264102a
2024-09-30 13:03:04,62,18248f005b7493422ea25abcce7179b6d01446ebce2f14824bfbdbbe7f402bb9
2024-09-30 13:03:04,62,18248f005b7493422ea25abcce7179b6d01446ebce2f14824bfbdbbe7f402bb9
2024-09-30 13:03:07,62,18248f005b7493422ea25abcce7179b6d01446ebce2f14824bfbdbbe7f402bb9
2024-09-30 13:03:07,62,18248f005b7493422ea25abcce7179b6d01446ebce2f14824bfbdbbe7f402bb9
2024-09-30 13:03:07,62,18248f005b7493422ea25abcce7179b6d01446ebce2f14824bfbdbbe7f402bb9
2024-09-30 13:03:26,62,18248f005b7493422ea25abcce7179b6d01446ebce2f14824bfbdbbe7f402bb9
2024-09-30 13:03:26,62,18248f005b7493422ea25abcce7179b6d01446ebce2f14824bfbdbbe7f402bb9
2024-09-30 13:03:34,62,18248f005b7493422ea25abcce7179b6d01446ebce2f14824bfbdbbe7f402bb9
2024-09-30 13:03:34,62,18248f005b7493422ea25abcce7179b6d01446ebce2f14824bfbdbbe7f402bb9
2024-09-30 13:03:34,62,18248f005b7493422ea25abcce7179b6d01446ebce2f14824bfbdbbe7f402bb9
2024-09-30 13:03:34,62,18248f005b7493422ea25abcce7179b6d01446ebce2f14824bfbdbbe7f402bb9
2024-09-30 13:03:34,62,18248f005b7493422ea25abcce7179b6d01446ebce2f14824bfbdbbe7f402bb9
2024-09-30 13:03:34,62,18248f005b7493422ea25abcce7179b6d01446ebce2f14824bfbdbbe7f402bb9
2024-09-30 13:03:34,62,18248f005b7493422ea25abcce7179b6d01446ebce2f14824bfbdbbe7f402bb9
2024-09-30 13:03:41,62,18248f005b7493422ea25abcce7179b6d01446ebce2f14824bfbdbbe7f402bb9
2024-09-30 13:03:59,62,18248f005b7493422ea25abcce7179b6d01446ebce2f14824bfbdbbe7f402bb9
2024-09-30 13:04:16,62,18248f005b7493422ea25abcce7179b6d01446ebce2f14824bfbdbbe7f402bb9
2024-09-30 13:04:16,62,18248f005b7493422ea25abcce7179b6d01446ebce2f14824bfbdbbe7f402bb9
2024-09-30 13:04:16,62,18248f005b7493422ea25abcce7179b6d01446ebce2f14824bfbdbbe7f402bb9
2024-09-30 13:04:29,62,18248f005b7493422ea25abcce7179b6d01446ebce2f14824bfbdbbe7f402bb9
2024-09-30 13:04:34,62,18248f005b7493422ea25abcce7179b6d01446ebce2f14824bfbdbbe7f402bb9
2024-09-30 13:04:34,62,18248f005b7493422ea25abcce7179b6d01446ebce2f14824bfbdbbe7f402bb9
2024-09-30 13:04:43,62,01fbae127e8db09da74812bde292eb77d2a68a7897a5571bb7c33ad12264102a
2024-09-30 13:04:43,62,01fbae127e8db09da74812bde292eb77d2a68a7897a5571bb7c33ad12264102a
2024-09-30 13:04:48,62,18248f005b7493422ea25abcce7179b6d01446ebce2f14824bfbdbbe7f402bb9
2024-09-30 13:04:48,62,18248f005b7493422ea25abcce7179b6d01446ebce2f14824bfbdbbe7f402bb9
2024-09-30 13:04:59,62,18248f005b7493422ea25abcce7179b6d01446ebce2f14824bfbdbbe7f402bb9
2024-09-30 13:04:59,62,18248f005b7493422ea25abcce7179b6d01446ebce2f14824bfbdbbe7f402bb9
2024-09-30 13:05:00,62,18248f005b7493422ea25abcce7179b6d01446ebce2f14824bfbdbbe7f402bb9
2024-09-30 13:05:01,62,18248f005b7493422ea25abcce7179b6d01446ebce2f14824bfbdbbe7f402bb9
2024-09-30 13:05:37,62,18248f005b7493422ea25abcce7179b6d01446ebce2f14824bfbdbbe7f402bb9
2024-09-30 13:05:37,62,18248f005b7493422ea25abcce7179b6d01446ebce2f14824bfbdbbe7f402bb9
2024-09-30 13:05:37,62,18248f005b7493422ea25abcce7179b6d01446ebce2f14824bfbdbbe7f402bb9
2024-09-30 13:05:37,62,18248f005b7493422ea25abcce7179b6d01446ebce2f14824bfbdbbe7f402bb9
2024-09-30 13:05:50,62,18248f005b7493422ea25abcce7179b6d01446ebce2f14824bfbdbbe7f402bb9
2024-09-30 13:05:52,62,18248f005b7493422ea25abcce7179b6d01446ebce2f14824bfbdbbe7f402bb9
2024-09-30 13:05:53,62,18248f005b7493422ea25abcce7179b6d01446ebce2f14824bfbdbbe7f402bb9
2024-09-30 13:05:53,62,18248f005b7493422ea25abcce7179b6d01446ebce2f14824bfbdbbe7f402bb9
2024-09-30 13:06:02,62,18248f005b7493422ea25abcce7179b6d01446ebce2f14824bfbdbbe7f402bb9
2024-09-30 13:06:07,62,01fbae127e8db09da74812bde292eb77d2a68a7897a5571bb7c33ad12264102a
2024-09-30 13:06:07,62,01fbae127e8db09da74812bde292eb77d2a68a7897a5571bb7c33ad12264102a
2024-09-30 13:06:07,62,01fbae127e8db09da74812bde292eb77d2a68a7897a5571bb7c33ad12264102a
2024-09-30 13:06:07,62,01fbae127e8db09da74812bde292eb77d2a68a7897a5571bb7c33ad12264102a
2024-09-30 13:06:07,62,01fbae127e8db09da74812bde292eb77d2a68a7897a5571bb7c33ad12264102a
2024-09-30 13:06:10,62,01fbae127e8db09da74812bde292eb77d2a68a7897a5571bb7c33ad12264102a
2024-09-30 13:06:10,62,01fbae127e8db09da74812bde292eb77d2a68a7897a5571bb7c33ad12264102a
2024-09-30 13:06:10,62,01fbae127e8db09da74812bde292eb77d2a68a7897a5571bb7c33ad12264102a
2024-09-30 13:06:10,62,01fbae127e8db09da74812bde292eb77d2a68a7897a5571bb7c33ad12264102a
2024-09-30 13:06:16,62,18248f005b7493422ea25abcce7179b6d01446ebce2f14824bfbdbbe7f402bb9
2024-09-30 13:06:16,62,18248f005b7493422ea25abcce7179b6d01446ebce2f14824bfbdbbe7f402bb9
2024-09-30 13:06:17,62,01fbae127e8db09da74812bde292eb77d2a68a7897a5571bb7c33ad12264102a
2024-09-30 13:06:17,62,01fbae127e8db09da74812bde292eb77d2a68a7897a5571bb7c33ad12264102a
2024-09-30 13:06:18,62,18248f005b7493422ea25abcce7179b6d01446ebce2f14824bfbdbbe7f402bb9
2024-09-30 13:06:19,62,18248f005b7493422ea25abcce7179b6d01446ebce2f14824bfbdbbe7f402bb9
2024-09-30 13:06:19,62,18248f005b7493422ea25abcce7179b6d01446ebce2f14824bfbdbbe7f402bb9
2024-09-30 13:06:23,62,18248f005b7493422ea25abcce7179b6d01446ebce2f14824bfbdbbe7f402bb9
2024-09-30 13:06:23,62,18248f005b7493422ea25abcce7179b6d01446ebce2f14824bfbdbbe7f402bb9
2024-09-30 13:06:23,62,18248f005b7493422ea25abcce7179b6d01446ebce2f14824bfbdbbe7f402bb9
2024-09-30 13:06:28,62,01fbae127e8db09da74812bde292eb77d2a68a7897a5571bb7c33ad12264102a
2024-09-30 13:06:28,62,01fbae127e8db09da74812bde292eb77d2a68a7897a5571bb7c33ad12264102a
2024-09-30 13:06:28,62,01fbae127e8db09da74812bde292eb77d2a68a7897a5571bb7c33ad12264102a
2024-09-30 13:06:28,62,01fbae127e8db09da74812bde292eb77d2a68a7897a5571bb7c33ad12264102a
2024-09-30 13:06:28,62,01fbae127e8db09da74812bde292eb77d2a68a7897a5571bb7c33ad12264102a
2024-09-30 13:06:29,62,01fbae127e8db09da74812bde292eb77d2a68a7897a5571bb7c33ad12264102a
2024-09-30 13:06:29,62,18248f005b7493422ea25abcce7179b6d01446ebce2f14824bfbdbbe7f402bb9
2024-09-30 13:06:42,62,18248f005b7493422ea25abcce7179b6d01446ebce2f14824bfbdbbe7f402bb9
2024-09-30 13:06:43,62,01fbae127e8db09da74812bde292eb77d2a68a7897a5571bb7c33ad12264102a
2024-09-30 13:06:43,62,01fbae127e8db09da74812bde292eb77d2a68a7897a5571bb7c33ad12264102a
2024-09-30 13:07:07,62,18248f005b7493422ea25abcce7179b6d01446ebce2f14824bfbdbbe7f402bb9
2024-09-30 13:07:11,62,18248f005b7493422ea25abcce7179b6d01446ebce2f14824bfbdbbe7f402bb9
2024-09-30 13:07:11,62,18248f005b7493422ea25abcce7179b6d01446ebce2f14824bfbdbbe7f402bb9
2024-09-30 13:07:11,62,18248f005b7493422ea25abcce7179b6d01446ebce2f14824bfbdbbe7f402bb9
2024-09-30 13:07:13,62,18248f005b7493422ea25abcce7179b6d01446ebce2f14824bfbdbbe7f402bb9
2024-09-30 13:07:13,62,18248f005b7493422ea25abcce7179b6d01446ebce2f14824bfbdbbe7f402bb9
2024-09-30 13:07:13,62,18248f005b7493422ea25abcce7179b6d01446ebce2f14824bfbdbbe7f402bb9
2024-09-30 13:07:13,62,18248f005b7493422ea25abcce7179b6d01446ebce2f14824bfbdbbe7f402bb9
2024-09-30 13:07:13,62,18248f005b7493422ea25abcce7179b6d01446ebce2f14824bfbdbbe7f402bb9
2024-09-30 13:07:14,62,18248f005b7493422ea25abcce7179b6d01446ebce2f14824bfbdbbe7f402bb9
2024-09-30 13:07:14,62,01fbae127e8db09da74812bde292eb77d2a68a7897a5571bb7c33ad12264102a
2024-09-30 13:07:14,62,01fbae127e8db09da74812bde292eb77d2a68a7897a5571bb7c33ad12264102a
2024-09-30 13:07:14,62,01fbae127e8db09da74812bde292eb77d2a68a7897a5571bb7c33ad12264102a
2024-09-30 13:07:17,62,f214df8686dde5873f6737cdf93909d29f9b61e55a05fd900714072e85e7e2d9
2024-09-30 13:07:17,62,f214df8686dde5873f6737cdf93909d29f9b61e55a05fd900714072e85e7e2d9
2024-09-30 13:07:17,62,f214df8686dde5873f6737cdf93909d29f9b61e55a05fd900714072e85e7e2d9
2024-09-30 13:07:20,62,01fbae127e8db09da74812bde292eb77d2a68a7897a5571bb7c33ad12264102a
2024-09-30 13:07:24,62,18248f005b7493422ea25abcce7179b6d01446ebce2f14824bfbdbbe7f402bb9
2024-09-30 13:07:24,62,18248f005b7493422ea25abcce7179b6d01446ebce2f14824bfbdbbe7f402bb9
2024-09-30 13:07:25,62,18248f005b7493422ea25abcce7179b6d01446ebce2f14824bfbdbbe7f402bb9
2024-09-30 13:07:25,62,18248f005b7493422ea25abcce7179b6d01446ebce2f14824bfbdbbe7f402bb9
2024-09-30 13:07:31,62,01fbae127e8db09da74812bde292eb77d2a68a7897a5571bb7c33ad12264102a
2024-09-30 13:07:31,62,01fbae127e8db09da74812bde292eb77d2a68a7897a5571bb7c33ad12264102a
2024-09-30 13:07:32,62,01fbae127e8db09da74812bde292eb77d2a68a7897a5571bb7c33ad12264102a
2024-09-30 13:07:40,62,18248f005b7493422ea25abcce7179b6d01446ebce2f14824bfbdbbe7f402bb9
2024-09-30 13:07:40,62,18248f005b7493422ea25abcce7179b6d01446ebce2f14824bfbdbbe7f402bb9
2024-09-30 13:07:40,62,18248f005b7493422ea25abcce7179b6d01446ebce2f14824bfbdbbe7f402bb9
2024-09-30 13:07:43,62,18248f005b7493422ea25abcce7179b6d01446ebce2f14824bfbdbbe7f402bb9
2024-09-30 13:07:43,62,18248f005b7493422ea25abcce7179b6d01446ebce2f14824bfbdbbe7f402bb9
2024-09-30 13:07:46,62,18248f005b7493422ea25abcce7179b6d01446ebce2f14824bfbdbbe7f402bb9
2024-09-30 13:07:46,62,01fbae127e8db09da74812bde292eb77d2a68a7897a5571bb7c33ad12264102a
2024-09-30 13:07:46,62,01fbae127e8db09da74812bde292eb77d2a68a7897a5571bb7c33ad12264102a
2024-09-30 13:07:46,62,01fbae127e8db09da74812bde292eb77d2a68a7897a5571bb7c33ad12264102a
2024-09-30 13:07:46,62,01fbae127e8db09da74812bde292eb77d2a68a7897a5571bb7c33ad12264102a
2024-09-30 13:07:47,62,18248f005b7493422ea25abcce7179b6d01446ebce2f14824bfbdbbe7f402bb9
2024-09-30 13:07:52,62,18248f005b7493422ea25abcce7179b6d01446ebce2f14824bfbdbbe7f402bb9
2024-09-30 13:07:52,62,18248f005b7493422ea25abcce7179b6d01446ebce2f14824bfbdbbe7f402bb9
2024-09-30 13:07:54,62,92dec0a03d236b1673c65fd213be5f229f5bd4074d40b53ff471c1af5b5a99bb
2024-09-30 13:07:54,62,92dec0a03d236b1673c65fd213be5f229f5bd4074d40b53ff471c1af5b5a99bb
2024-09-30 13:08:06,62,18248f005b7493422ea25abcce7179b6d01446ebce2f14824bfbdbbe7f402bb9
2024-09-30 13:08:15,62,18248f005b7493422ea25abcce7179b6d01446ebce2f14824bfbdbbe7f402bb9
2024-09-30 13:08:15,62,18248f005b7493422ea25abcce7179b6d01446ebce2f14824bfbdbbe7f402bb9
2024-09-30 13:08:15,62,18248f005b7493422ea25abcce7179b6d01446ebce2f14824bfbdbbe7f402bb9
2024-09-30 13:08:15,62,18248f005b7493422ea25abcce7179b6d01446ebce2f14824bfbdbbe7f402bb9
2024-09-30 13:08:17,62,92dec0a03d236b1673c65fd213be5f229f5bd4074d40b53ff471c1af5b5a99bb
2024-09-30 13:08:22,62,18248f005b7493422ea25abcce7179b6d01446ebce2f14824bfbdbbe7f402bb9
2024-09-30 13:08:22,62,18248f005b7493422ea25abcce7179b6d01446ebce2f14824bfbdbbe7f402bb9
2024-09-30 13:08:22,62,18248f005b7493422ea25abcce7179b6d01446ebce2f14824bfbdbbe7f402bb9
2024-09-30 13:08:22,62,18248f005b7493422ea25abcce7179b6d01446ebce2f14824bfbdbbe7f402bb9
2024-09-30 13:08:23,62,c6ffb1e5f828f4df8e99097f27d25253f28fd48e08006ae8770339d55290d121
2024-09-30 13:08:24,62,18248f005b7493422ea25abcce7179b6d01446ebce2f14824bfbdbbe7f402bb9
2024-09-30 13:08:24,62,18248f005b7493422ea25abcce7179b6d01446ebce2f14824bfbdbbe7f402bb9
2024-09-30 13:08:30,62,18248f005b7493422ea25abcce7179b6d01446ebce2f14824bfbdbbe7f402bb9
2024-09-30 13:08:41,62,f5332f306ce88c7c35ea76a3726d0e453733e1841f94896c7043e744314cccaf
2024-09-30 13:08:49,62,01fbae127e8db09da74812bde292eb77d2a68a7897a5571bb7c33ad12264102a
2024-09-30 13:08:49,62,01fbae127e8db09da74812bde292eb77d2a68a7897a5571bb7c33ad12264102a
2024-09-30 13:08:49,62,01fbae127e8db09da74812bde292eb77d2a68a7897a5571bb7c33ad12264102a
2024-09-30 13:08:58,62,18248f005b7493422ea25abcce7179b6d01446ebce2f14824bfbdbbe7f402bb9
2024-09-30 13:08:58,62,18248f005b7493422ea25abcce7179b6d01446ebce2f14824bfbdbbe7f402bb9
2024-09-30 13:09:01,62,b259ad7b374273c26bec3567023bb3cef7a54a76409fb3688a4ef5ae3e07d4ba
2024-09-30 13:09:01,62,b259ad7b374273c26bec3567023bb3cef7a54a76409fb3688a4ef5ae3e07d4ba
2024-09-30 13:09:05,62,18248f005b7493422ea25abcce7179b6d01446ebce2f14824bfbdbbe7f402bb9
2024-09-30 13:09:05,62,18248f005b7493422ea25abcce7179b6d01446ebce2f14824bfbdbbe7f402bb9
2024-09-30 13:09:06,62,18248f005b7493422ea25abcce7179b6d01446ebce2f14824bfbdbbe7f402bb9
2024-09-30 13:09:06,62,18248f005b7493422ea25abcce7179b6d01446ebce2f14824bfbdbbe7f402bb9
2024-09-30 13:09:09,62,18248f005b7493422ea25abcce7179b6d01446ebce2f14824bfbdbbe7f402bb9
2024-09-30 13:09:11,62,18248f005b7493422ea25abcce7179b6d01446ebce2f14824bfbdbbe7f402bb9
2024-09-30 13:09:20,62,18248f005b7493422ea25abcce7179b6d01446ebce2f14824bfbdbbe7f402bb9
2024-09-30 13:09:20,62,18248f005b7493422ea25abcce7179b6d01446ebce2f14824bfbdbbe7f402bb9
2024-09-30 13:09:25,62,01fbae127e8db09da74812bde292eb77d2a68a7897a5571bb7c33ad12264102a
2024-09-30 13:09:25,62,01fbae127e8db09da74812bde292eb77d2a68a7897a5571bb7c33ad12264102a
2024-09-30 13:09:25,62,01fbae127e8db09da74812bde292eb77d2a68a7897a5571bb7c33ad12264102a
2024-09-30 13:09:25,62,18248f005b7493422ea25abcce7179b6d01446ebce2f14824bfbdbbe7f402bb9
2024-09-30 13:09:25,62,18248f005b7493422ea25abcce7179b6d01446ebce2f14824bfbdbbe7f402bb9
2024-09-30 13:09:25,62,18248f005b7493422ea25abcce7179b6d01446ebce2f14824bfbdbbe7f402bb9
2024-09-30 13:09:25,62,18248f005b7493422ea25abcce7179b6d01446ebce2f14824bfbdbbe7f402bb9
2024-09-30 13:09:26,62,18248f005b7493422ea25abcce7179b6d01446ebce2f14824bfbdbbe7f402bb9
2024-09-30 13:09:26,62,18248f005b7493422ea25abcce7179b6d01446ebce2f14824bfbdbbe7f402bb9
2024-09-30 13:09:27,62,f5332f306ce88c7c35ea76a3726d0e453733e1841f94896c7043e744314cccaf
2024-09-30 13:09:36,62,18248f005b7493422ea25abcce7179b6d01446ebce2f14824bfbdbbe7f402bb9
2024-09-30 13:09:37,62,18248f005b7493422ea25abcce7179b6d01446ebce2f14824bfbdbbe7f402bb9
2024-09-30 13:09:47,62,18248f005b7493422ea25abcce7179b6d01446ebce2f14824bfbdbbe7f402bb9
2024-09-30 13:09:47,62,18248f005b7493422ea25abcce7179b6d01446ebce2f14824bfbdbbe7f402bb9
2024-09-30 13:09:47,62,18248f005b7493422ea25abcce7179b6d01446ebce2f14824bfbdbbe7f402bb9
2024-09-30 13:09:48,62,18248f005b7493422ea25abcce7179b6d01446ebce2f14824bfbdbbe7f402bb9
2024-09-30 13:09:48,62,18248f005b7493422ea25abcce7179b6d01446ebce2f14824bfbdbbe7f402bb9
2024-09-30 13:09:49,62,18248f005b7493422ea25abcce7179b6d01446ebce2f14824bfbdbbe7f402bb9
2024-09-30 13:09:50,62,18248f005b7493422ea25abcce7179b6d01446ebce2f14824bfbdbbe7f402bb9
2024-09-30 13:09:50,62,18248f005b7493422ea25abcce7179b6d01446ebce2f14824bfbdbbe7f402bb9
2024-09-30 13:09:51,62,18248f005b7493422ea25abcce7179b6d01446ebce2f14824bfbdbbe7f402bb9
2024-09-30 13:09:52,62,18248f005b7493422ea25abcce7179b6d01446ebce2f14824bfbdbbe7f402bb9
2024-09-30 13:09:52,62,18248f005b7493422ea25abcce7179b6d01446ebce2f14824bfbdbbe7f402bb9
2024-09-30 13:09:52,62,18248f005b7493422ea25abcce7179b6d01446ebce2f14824bfbdbbe7f402bb9
2024-09-30 13:09:58,62,18248f005b7493422ea25abcce7179b6d01446ebce2f14824bfbdbbe7f402bb9
2024-09-30 13:09:58,62,18248f005b7493422ea25abcce7179b6d01446ebce2f14824bfbdbbe7f402bb9
2024-09-30 13:09:58,62,18248f005b7493422ea25abcce7179b6d01446ebce2f14824bfbdbbe7f402bb9
2024-09-30 13:09:59,62,18248f005b7493422ea25abcce7179b6d01446ebce2f14824bfbdbbe7f402bb9
2024-09-30 13:10:02,62,18248f005b7493422ea25abcce7179b6d01446ebce2f14824bfbdbbe7f402bb9
2024-09-30 13:10:02,62,18248f005b7493422ea25abcce7179b6d01446ebce2f14824bfbdbbe7f402bb9
2024-09-30 13:10:05,62,18248f005b7493422ea25abcce7179b6d01446ebce2f14824bfbdbbe7f402bb9
2024-09-30 13:10:05,62,18248f005b7493422ea25abcce7179b6d01446ebce2f14824bfbdbbe7f402bb9
2024-09-30 13:10:05,62,18248f005b7493422ea25abcce7179b6d01446ebce2f14824bfbdbbe7f402bb9
2024-09-30 13:10:10,62,18248f005b7493422ea25abcce7179b6d01446ebce2f14824bfbdbbe7f402bb9
2024-09-30 13:10:14,62,18248f005b7493422ea25abcce7179b6d01446ebce2f14824bfbdbbe7f402bb9
2024-09-30 13:10:14,62,18248f005b7493422ea25abcce7179b6d01446ebce2f14824bfbdbbe7f402bb9
2024-09-30 13:10:14,62,18248f005b7493422ea25abcce7179b6d01446ebce2f14824bfbdbbe7f402bb9
2024-09-30 13:10:29,62,18248f005b7493422ea25abcce7179b6d01446ebce2f14824bfbdbbe7f402bb9
2024-09-30 13:10:37,62,18248f005b7493422ea25abcce7179b6d01446ebce2f14824bfbdbbe7f402bb9
2024-09-30 13:10:38,62,18248f005b7493422ea25abcce7179b6d01446ebce2f14824bfbdbbe7f402bb9
2024-09-30 13:10:38,62,18248f005b7493422ea25abcce7179b6d01446ebce2f14824bfbdbbe7f402bb9
2024-09-30 13:10:40,62,18248f005b7493422ea25abcce7179b6d01446ebce2f14824bfbdbbe7f402bb9
2024-09-30 13:10:40,62,18248f005b7493422ea25abcce7179b6d01446ebce2f14824bfbdbbe7f402bb9
2024-09-30 13:10:40,62,18248f005b7493422ea25abcce7179b6d01446ebce2f14824bfbdbbe7f402bb9
2024-09-30 13:10:40,62,18248f005b7493422ea25abcce7179b6d01446ebce2f14824bfbdbbe7f402bb9
2024-09-30 13:10:40,62,18248f005b7493422ea25abcce7179b6d01446ebce2f14824bfbdbbe7f402bb9
2024-09-30 13:10:40,62,18248f005b7493422ea25abcce7179b6d01446ebce2f14824bfbdbbe7f402bb9
2024-09-30 13:10:41,62,18248f005b7493422ea25abcce7179b6d01446ebce2f14824bfbdbbe7f402bb9
2024-09-30 13:10:41,62,18248f005b7493422ea25abcce7179b6d01446ebce2f14824bfbdbbe7f402bb9
2024-09-30 13:10:41,62,18248f005b7493422ea25abcce7179b6d01446ebce2f14824bfbdbbe7f402bb9
2024-09-30 13:10:41,62,18248f005b7493422ea25abcce7179b6d01446ebce2f14824bfbdbbe7f402bb9
2024-09-30 13:10:41,62,18248f005b7493422ea25abcce7179b6d01446ebce2f14824bfbdbbe7f402bb9
2024-09-30 13:10:41,62,18248f005b7493422ea25abcce7179b6d01446ebce2f14824bfbdbbe7f402bb9
2024-09-30 13:10:43,62,18248f005b7493422ea25abcce7179b6d01446ebce2f14824bfbdbbe7f402bb9
2024-09-30 13:10:49,62,18248f005b7493422ea25abcce7179b6d01446ebce2f14824bfbdbbe7f402bb9
2024-09-30 13:10:52,62,01fbae127e8db09da74812bde292eb77d2a68a7897a5571bb7c33ad12264102a
2024-09-30 13:10:52,62,01fbae127e8db09da74812bde292eb77d2a68a7897a5571bb7c33ad12264102a
2024-09-30 13:10:54,62,18248f005b7493422ea25abcce7179b6d01446ebce2f14824bfbdbbe7f402bb9
2024-09-30 13:11:04,62,18248f005b7493422ea25abcce7179b6d01446ebce2f14824bfbdbbe7f402bb9
2024-09-30 13:11:04,62,18248f005b7493422ea25abcce7179b6d01446ebce2f14824bfbdbbe7f402bb9
2024-09-30 13:11:06,62,18248f005b7493422ea25abcce7179b6d01446ebce2f14824bfbdbbe7f402bb9
2024-09-30 13:11:06,62,18248f005b7493422ea25abcce7179b6d01446ebce2f14824bfbdbbe7f402bb9
2024-09-30 13:11:08,62,18248f005b7493422ea25abcce7179b6d01446ebce2f14824bfbdbbe7f402bb9
2024-09-30 13:11:08,62,18248f005b7493422ea25abcce7179b6d01446ebce2f14824bfbdbbe7f402bb9
2024-09-30 13:11:09,62,18248f005b7493422ea25abcce7179b6d01446ebce2f14824bfbdbbe7f402bb9
2024-09-30 13:11:09,62,18248f005b7493422ea25abcce7179b6d01446ebce2f14824bfbdbbe7f402bb9
2024-09-30 13:11:11,62,18248f005b7493422ea25abcce7179b6d01446ebce2f14824bfbdbbe7f402bb9
2024-09-30 13:11:11,62,18248f005b7493422ea25abcce7179b6d01446ebce2f14824bfbdbbe7f402bb9
2024-09-30 13:11:15,62,18248f005b7493422ea25abcce7179b6d01446ebce2f14824bfbdbbe7f402bb9
2024-09-30 13:11:28,62,18248f005b7493422ea25abcce7179b6d01446ebce2f14824bfbdbbe7f402bb9
2024-09-30 13:11:28,62,18248f005b7493422ea25abcce7179b6d01446ebce2f14824bfbdbbe7f402bb9
2024-09-30 13:12:00,62,18248f005b7493422ea25abcce7179b6d01446ebce2f14824bfbdbbe7f402bb9
2024-09-30 13:12:08,62,18248f005b7493422ea25abcce7179b6d01446ebce2f14824bfbdbbe7f402bb9
2024-09-30 13:12:34,62,18248f005b7493422ea25abcce7179b6d01446ebce2f14824bfbdbbe7f402bb9
2024-09-30 13:12:37,62,f214df8686dde5873f6737cdf93909d29f9b61e55a05fd900714072e85e7e2d9
2024-09-30 13:12:37,62,f214df8686dde5873f6737cdf93909d29f9b61e55a05fd900714072e85e7e2d9
2024-09-30 13:12:37,62,f214df8686dde5873f6737cdf93909d29f9b61e55a05fd900714072e85e7e2d9
2024-09-30 13:12:37,62,f214df8686dde5873f6737cdf93909d29f9b61e55a05fd900714072e85e7e2d9
2024-09-30 13:12:41,62,18248f005b7493422ea25abcce7179b6d01446ebce2f14824bfbdbbe7f402bb9
2024-09-30 13:12:53,62,92dec0a03d236b1673c65fd213be5f229f5bd4074d40b53ff471c1af5b5a99bb
2024-09-30 13:12:53,62,18248f005b7493422ea25abcce7179b6d01446ebce2f14824bfbdbbe7f402bb9
2024-09-30 13:12:53,62,18248f005b7493422ea25abcce7179b6d01446ebce2f14824bfbdbbe7f402bb9
2024-09-30 13:13:06,62,18248f005b7493422ea25abcce7179b6d01446ebce2f14824bfbdbbe7f402bb9
2024-09-30 13:13:06,62,18248f005b7493422ea25abcce7179b6d01446ebce2f14824bfbdbbe7f402bb9
2024-09-30 13:13:14,62,18248f005b7493422ea25abcce7179b6d01446ebce2f14824bfbdbbe7f402bb9
2024-09-30 13:13:14,62,18248f005b7493422ea25abcce7179b6d01446ebce2f14824bfbdbbe7f402bb9
2024-09-30 13:13:22,62,18248f005b7493422ea25abcce7179b6d01446ebce2f14824bfbdbbe7f402bb9
2024-09-30 13:13:27,62,18248f005b7493422ea25abcce7179b6d01446ebce2f14824bfbdbbe7f402bb9
2024-09-30 13:13:39,62,18248f005b7493422ea25abcce7179b6d01446ebce2f14824bfbdbbe7f402bb9
2024-09-30 13:13:39,62,18248f005b7493422ea25abcce7179b6d01446ebce2f14824bfbdbbe7f402bb9
2024-09-30 13:13:49,62,18248f005b7493422ea25abcce7179b6d01446ebce2f14824bfbdbbe7f402bb9
2024-09-30 13:13:50,62,18248f005b7493422ea25abcce7179b6d01446ebce2f14824bfbdbbe7f402bb9
2024-09-30 13:13:50,62,18248f005b7493422ea25abcce7179b6d01446ebce2f14824bfbdbbe7f402bb9
2024-09-30 13:13:52,62,18248f005b7493422ea25abcce7179b6d01446ebce2f14824bfbdbbe7f402bb9
2024-09-30 13:13:58,62,18248f005b7493422ea25abcce7179b6d01446ebce2f14824bfbdbbe7f402bb9
2024-09-30 13:13:58,62,18248f005b7493422ea25abcce7179b6d01446ebce2f14824bfbdbbe7f402bb9
2024-09-30 13:13:59,62,18248f005b7493422ea25abcce7179b6d01446ebce2f14824bfbdbbe7f402bb9
2024-09-30 13:13:59,62,18248f005b7493422ea25abcce7179b6d01446ebce2f14824bfbdbbe7f402bb9
2024-09-30 13:14:07,62,18248f005b7493422ea25abcce7179b6d01446ebce2f14824bfbdbbe7f402bb9
2024-09-30 13:14:07,62,18248f005b7493422ea25abcce7179b6d01446ebce2f14824bfbdbbe7f402bb9
2024-09-30 13:14:07,62,18248f005b7493422ea25abcce7179b6d01446ebce2f14824bfbdbbe7f402bb9
2024-09-30 13:14:07,62,18248f005b7493422ea25abcce7179b6d01446ebce2f14824bfbdbbe7f402bb9
2024-09-30 13:14:07,62,18248f005b7493422ea25abcce7179b6d01446ebce2f14824bfbdbbe7f402bb9
2024-09-30 13:14:07,62,18248f005b7493422ea25abcce7179b6d01446ebce2f14824bfbdbbe7f402bb9
2024-09-30 13:14:10,62,18248f005b7493422ea25abcce7179b6d01446ebce2f14824bfbdbbe7f402bb9
2024-09-30 13:14:11,62,18248f005b7493422ea25abcce7179b6d01446ebce2f14824bfbdbbe7f402bb9
2024-09-30 13:14:19,62,18248f005b7493422ea25abcce7179b6d01446ebce2f14824bfbdbbe7f402bb9
2024-09-30 13:14:19,62,18248f005b7493422ea25abcce7179b6d01446ebce2f14824bfbdbbe7f402bb9
2024-09-30 13:14:31,62,18248f005b7493422ea25abcce7179b6d01446ebce2f14824bfbdbbe7f402bb9
2024-09-30 13:14:31,62,18248f005b7493422ea25abcce7179b6d01446ebce2f14824bfbdbbe7f402bb9
2024-09-30 13:14:40,62,18248f005b7493422ea25abcce7179b6d01446ebce2f14824bfbdbbe7f402bb9
2024-09-30 13:14:40,62,18248f005b7493422ea25abcce7179b6d01446ebce2f14824bfbdbbe7f402bb9
2024-09-30 13:14:43,62,92dec0a03d236b1673c65fd213be5f229f5bd4074d40b53ff471c1af5b5a99bb
2024-09-30 13:14:43,62,92dec0a03d236b1673c65fd213be5f229f5bd4074d40b53ff471c1af5b5a99bb
2024-09-30 13:14:50,62,18248f005b7493422ea25abcce7179b6d01446ebce2f14824bfbdbbe7f402bb9
2024-09-30 13:14:50,62,18248f005b7493422ea25abcce7179b6d01446ebce2f14824bfbdbbe7f402bb9
2024-09-30 13:14:51,62,18248f005b7493422ea25abcce7179b6d01446ebce2f14824bfbdbbe7f402bb9
2024-09-30 13:14:51,62,18248f005b7493422ea25abcce7179b6d01446ebce2f14824bfbdbbe7f402bb9
2024-09-30 13:14:51,62,18248f005b7493422ea25abcce7179b6d01446ebce2f14824bfbdbbe7f402bb9
2024-09-30 13:14:57,62,18248f005b7493422ea25abcce7179b6d01446ebce2f14824bfbdbbe7f402bb9
2024-09-30 13:14:57,62,18248f005b7493422ea25abcce7179b6d01446ebce2f14824bfbdbbe7f402bb9
2024-09-30 13:15:06,62,18248f005b7493422ea25abcce7179b6d01446ebce2f14824bfbdbbe7f402bb9
2024-09-30 13:15:06,62,18248f005b7493422ea25abcce7179b6d01446ebce2f14824bfbdbbe7f402bb9
2024-09-30 13:15:07,62,18248f005b7493422ea25abcce7179b6d01446ebce2f14824bfbdbbe7f402bb9
2024-09-30 13:15:07,62,18248f005b7493422ea25abcce7179b6d01446ebce2f14824bfbdbbe7f402bb9
2024-09-30 13:15:12,62,bb77db1cfa0250872b2a983259ec0a263ff4d133554b75ed8c7b5ad48907b81e
2024-09-30 13:15:12,62,bb77db1cfa0250872b2a983259ec0a263ff4d133554b75ed8c7b5ad48907b81e
2024-09-30 13:15:13,62,18248f005b7493422ea25abcce7179b6d01446ebce2f14824bfbdbbe7f402bb9
2024-09-30 13:15:13,62,18248f005b7493422ea25abcce7179b6d01446ebce2f14824bfbdbbe7f402bb9
2024-09-30 13:15:17,62,f214df8686dde5873f6737cdf93909d29f9b61e55a05fd900714072e85e7e2d9
2024-09-30 13:15:20,62,18248f005b7493422ea25abcce7179b6d01446ebce2f14824bfbdbbe7f402bb9
2024-09-30 13:15:23,62,18248f005b7493422ea25abcce7179b6d01446ebce2f14824bfbdbbe7f402bb9
2024-09-30 13:15:23,62,18248f005b7493422ea25abcce7179b6d01446ebce2f14824bfbdbbe7f402bb9
2024-09-30 13:15:23,62,18248f005b7493422ea25abcce7179b6d01446ebce2f14824bfbdbbe7f402bb9
2024-09-30 13:15:23,62,18248f005b7493422ea25abcce7179b6d01446ebce2f14824bfbdbbe7f402bb9
2024-09-30 13:15:25,62,18248f005b7493422ea25abcce7179b6d01446ebce2f14824bfbdbbe7f402bb9
2024-09-30 13:15:36,62,18248f005b7493422ea25abcce7179b6d01446ebce2f14824bfbdbbe7f402bb9
2024-09-30 13:15:42,62,18248f005b7493422ea25abcce7179b6d01446ebce2f14824bfbdbbe7f402bb9
2024-09-30 13:15:52,62,dfba5538503c3766141e6e9c00ab0763c4ceebda26f95e18ea3df2557edff2ca
2024-09-30 13:15:52,62,dfba5538503c3766141e6e9c00ab0763c4ceebda26f95e18ea3df2557edff2ca
2024-09-30 13:15:58,62,18248f005b7493422ea25abcce7179b6d01446ebce2f14824bfbdbbe7f402bb9
2024-09-30 13:16:07,62,18248f005b7493422ea25abcce7179b6d01446ebce2f14824bfbdbbe7f402bb9
2024-09-30 13:16:07,62,18248f005b7493422ea25abcce7179b6d01446ebce2f14824bfbdbbe7f402bb9
2024-09-30 13:16:07,62,18248f005b7493422ea25abcce7179b6d01446ebce2f14824bfbdbbe7f402bb9
2024-09-30 13:16:07,62,18248f005b7493422ea25abcce7179b6d01446ebce2f14824bfbdbbe7f402bb9
2024-09-30 13:16:07,62,18248f005b7493422ea25abcce7179b6d01446ebce2f14824bfbdbbe7f402bb9
2024-09-30 13:16:07,62,18248f005b7493422ea25abcce7179b6d01446ebce2f14824bfbdbbe7f402bb9
2024-09-30 13:16:09,62,18248f005b7493422ea25abcce7179b6d01446ebce2f14824bfbdbbe7f402bb9
2024-09-30 13:16:12,62,18248f005b7493422ea25abcce7179b6d01446ebce2f14824bfbdbbe7f402bb9
2024-09-30 13:16:25,62,18248f005b7493422ea25abcce7179b6d01446ebce2f14824bfbdbbe7f402bb9
2024-09-30 13:16:26,62,18248f005b7493422ea25abcce7179b6d01446ebce2f14824bfbdbbe7f402bb9
2024-09-30 13:16:31,62,18248f005b7493422ea25abcce7179b6d01446ebce2f14824bfbdbbe7f402bb9
2024-09-30 13:16:31,62,18248f005b7493422ea25abcce7179b6d01446ebce2f14824bfbdbbe7f402bb9
2024-09-30 13:16:39,62,18248f005b7493422ea25abcce7179b6d01446ebce2f14824bfbdbbe7f402bb9
2024-09-30 13:16:40,62,18248f005b7493422ea25abcce7179b6d01446ebce2f14824bfbdbbe7f402bb9
2024-09-30 13:17:05,62,18248f005b7493422ea25abcce7179b6d01446ebce2f14824bfbdbbe7f402bb9
2024-09-30 13:17:06,62,18248f005b7493422ea25abcce7179b6d01446ebce2f14824bfbdbbe7f402bb9
2024-09-30 13:17:06,62,18248f005b7493422ea25abcce7179b6d01446ebce2f14824bfbdbbe7f402bb9
2024-09-30 13:17:10,62,18248f005b7493422ea25abcce7179b6d01446ebce2f14824bfbdbbe7f402bb9
2024-09-30 13:17:10,62,18248f005b7493422ea25abcce7179b6d01446ebce2f14824bfbdbbe7f402bb9
2024-09-30 13:17:11,62,18248f005b7493422ea25abcce7179b6d01446ebce2f14824bfbdbbe7f402bb9
2024-09-30 13:17:22,62,92dec0a03d236b1673c65fd213be5f229f5bd4074d40b53ff471c1af5b5a99bb
2024-09-30 13:17:22,62,92dec0a03d236b1673c65fd213be5f229f5bd4074d40b53ff471c1af5b5a99bb
2024-09-30 13:17:22,62,18248f005b7493422ea25abcce7179b6d01446ebce2f14824bfbdbbe7f402bb9
2024-09-30 13:17:41,62,18248f005b7493422ea25abcce7179b6d01446ebce2f14824bfbdbbe7f402bb9
2024-09-30 13:17:54,62,18248f005b7493422ea25abcce7179b6d01446ebce2f14824bfbdbbe7f402bb9
2024-09-30 13:17:54,62,18248f005b7493422ea25abcce7179b6d01446ebce2f14824bfbdbbe7f402bb9
2024-09-30 13:17:57,62,f214df8686dde5873f6737cdf93909d29f9b61e55a05fd900714072e85e7e2d9
2024-09-30 13:17:57,62,f214df8686dde5873f6737cdf93909d29f9b61e55a05fd900714072e85e7e2d9
2024-09-30 13:17:57,62,f214df8686dde5873f6737cdf93909d29f9b61e55a05fd900714072e85e7e2d9
2024-09-30 13:17:58,62,18248f005b7493422ea25abcce7179b6d01446ebce2f14824bfbdbbe7f402bb9
2024-09-30 13:17:58,62,18248f005b7493422ea25abcce7179b6d01446ebce2f14824bfbdbbe7f402bb9
2024-09-30 13:17:59,62,18248f005b7493422ea25abcce7179b6d01446ebce2f14824bfbdbbe7f402bb9
2024-09-30 13:17:59,62,18248f005b7493422ea25abcce7179b6d01446ebce2f14824bfbdbbe7f402bb9
2024-09-30 13:18:00,62,18248f005b7493422ea25abcce7179b6d01446ebce2f14824bfbdbbe7f402bb9
2024-09-30 13:18:06,62,18248f005b7493422ea25abcce7179b6d01446ebce2f14824bfbdbbe7f402bb9
2024-09-30 13:18:07,62,18248f005b7493422ea25abcce7179b6d01446ebce2f14824bfbdbbe7f402bb9
2024-09-30 13:18:10,62,18248f005b7493422ea25abcce7179b6d01446ebce2f14824bfbdbbe7f402bb9
2024-09-30 13:18:13,62,18248f005b7493422ea25abcce7179b6d01446ebce2f14824bfbdbbe7f402bb9
2024-09-30 13:18:17,62,18248f005b7493422ea25abcce7179b6d01446ebce2f14824bfbdbbe7f402bb9
2024-09-30 13:18:24,62,18248f005b7493422ea25abcce7179b6d01446ebce2f14824bfbdbbe7f402bb9
2024-09-30 13:18:31,62,18248f005b7493422ea25abcce7179b6d01446ebce2f14824bfbdbbe7f402bb9
2024-09-30 13:18:32,62,18248f005b7493422ea25abcce7179b6d01446ebce2f14824bfbdbbe7f402bb9
2024-09-30 13:18:39,62,18248f005b7493422ea25abcce7179b6d01446ebce2f14824bfbdbbe7f402bb9
2024-09-30 13:18:39,62,18248f005b7493422ea25abcce7179b6d01446ebce2f14824bfbdbbe7f402bb9
2024-09-30 13:18:39,62,18248f005b7493422ea25abcce7179b6d01446ebce2f14824bfbdbbe7f402bb9
2024-09-30 13:18:39,62,18248f005b7493422ea25abcce7179b6d01446ebce2f14824bfbdbbe7f402bb9
2024-09-30 13:18:40,62,18248f005b7493422ea25abcce7179b6d01446ebce2f14824bfbdbbe7f402bb9
2024-09-30 13:18:40,62,18248f005b7493422ea25abcce7179b6d01446ebce2f14824bfbdbbe7f402bb9
2024-09-30 13:18:40,62,18248f005b7493422ea25abcce7179b6d01446ebce2f14824bfbdbbe7f402bb9
2024-09-30 13:18:42,62,18248f005b7493422ea25abcce7179b6d01446ebce2f14824bfbdbbe7f402bb9
2024-09-30 13:18:48,62,07ee0797888134de91f8ac9ee8b96c93abea710e9543f0f7fb92280b61a692d1
2024-09-30 13:18:48,62,07ee0797888134de91f8ac9ee8b96c93abea710e9543f0f7fb92280b61a692d1
2024-09-30 13:18:49,62,07ee0797888134de91f8ac9ee8b96c93abea710e9543f0f7fb92280b61a692d1
2024-09-30 13:18:49,62,07ee0797888134de91f8ac9ee8b96c93abea710e9543f0f7fb92280b61a692d1
2024-09-30 13:18:49,62,07ee0797888134de91f8ac9ee8b96c93abea710e9543f0f7fb92280b61a692d1
2024-09-30 13:18:49,62,07ee0797888134de91f8ac9ee8b96c93abea710e9543f0f7fb92280b61a692d1
2024-09-30 13:18:49,62,07ee0797888134de91f8ac9ee8b96c93abea710e9543f0f7fb92280b61a692d1
2024-09-30 13:18:49,62,07ee0797888134de91f8ac9ee8b96c93abea710e9543f0f7fb92280b61a692d1
2024-09-30 13:18:50,62,18248f005b7493422ea25abcce7179b6d01446ebce2f14824bfbdbbe7f402bb9
2024-09-30 13:19:02,62,92dec0a03d236b1673c65fd213be5f229f5bd4074d40b53ff471c1af5b5a99bb
2024-09-30 13:19:02,62,92dec0a03d236b1673c65fd213be5f229f5bd4074d40b53ff471c1af5b5a99bb
2024-09-30 13:19:03,62,01fbae127e8db09da74812bde292eb77d2a68a7897a5571bb7c33ad12264102a
2024-09-30 13:19:06,62,18248f005b7493422ea25abcce7179b6d01446ebce2f14824bfbdbbe7f402bb9
2024-09-30 13:19:08,62,07ee0797888134de91f8ac9ee8b96c93abea710e9543f0f7fb92280b61a692d1
2024-09-30 13:19:08,62,07ee0797888134de91f8ac9ee8b96c93abea710e9543f0f7fb92280b61a692d1
2024-09-30 13:19:11,62,18248f005b7493422ea25abcce7179b6d01446ebce2f14824bfbdbbe7f402bb9
2024-09-30 13:19:14,62,01fbae127e8db09da74812bde292eb77d2a68a7897a5571bb7c33ad12264102a
2024-09-30 13:19:14,62,01fbae127e8db09da74812bde292eb77d2a68a7897a5571bb7c33ad12264102a
2024-09-30 13:19:14,62,01fbae127e8db09da74812bde292eb77d2a68a7897a5571bb7c33ad12264102a
2024-09-30 13:19:14,62,18248f005b7493422ea25abcce7179b6d01446ebce2f14824bfbdbbe7f402bb9
2024-09-30 13:19:14,62,18248f005b7493422ea25abcce7179b6d01446ebce2f14824bfbdbbe7f402bb9
2024-09-30 13:19:16,62,18248f005b7493422ea25abcce7179b6d01446ebce2f14824bfbdbbe7f402bb9
2024-09-30 13:19:17,62,18248f005b7493422ea25abcce7179b6d01446ebce2f14824bfbdbbe7f402bb9
2024-09-30 13:19:21,62,18248f005b7493422ea25abcce7179b6d01446ebce2f14824bfbdbbe7f402bb9
2024-09-30 13:19:29,62,18248f005b7493422ea25abcce7179b6d01446ebce2f14824bfbdbbe7f402bb9
2024-09-30 13:19:29,62,18248f005b7493422ea25abcce7179b6d01446ebce2f14824bfbdbbe7f402bb9
2024-09-30 13:19:30,62,01fbae127e8db09da74812bde292eb77d2a68a7897a5571bb7c33ad12264102a
2024-09-30 13:19:30,62,01fbae127e8db09da74812bde292eb77d2a68a7897a5571bb7c33ad12264102a
2024-09-30 13:19:30,62,01fbae127e8db09da74812bde292eb77d2a68a7897a5571bb7c33ad12264102a
2024-09-30 13:19:30,62,01fbae127e8db09da74812bde292eb77d2a68a7897a5571bb7c33ad12264102a
2024-09-30 13:19:31,62,01fbae127e8db09da74812bde292eb77d2a68a7897a5571bb7c33ad12264102a
2024-09-30 13:19:31,62,01fbae127e8db09da74812bde292eb77d2a68a7897a5571bb7c33ad12264102a
2024-09-30 13:19:34,62,18248f005b7493422ea25abcce7179b6d01446ebce2f14824bfbdbbe7f402bb9
2024-09-30 13:19:39,62,18248f005b7493422ea25abcce7179b6d01446ebce2f14824bfbdbbe7f402bb9
2024-09-30 13:19:39,62,18248f005b7493422ea25abcce7179b6d01446ebce2f14824bfbdbbe7f402bb9
2024-09-30 13:19:41,62,18248f005b7493422ea25abcce7179b6d01446ebce2f14824bfbdbbe7f402bb9
2024-09-30 13:19:48,62,01fbae127e8db09da74812bde292eb77d2a68a7897a5571bb7c33ad12264102a
2024-09-30 13:19:48,62,01fbae127e8db09da74812bde292eb77d2a68a7897a5571bb7c33ad12264102a
2024-09-30 13:19:51,62,18248f005b7493422ea25abcce7179b6d01446ebce2f14824bfbdbbe7f402bb9
2024-09-30 13:19:51,62,18248f005b7493422ea25abcce7179b6d01446ebce2f14824bfbdbbe7f402bb9
2024-09-30 13:19:51,62,18248f005b7493422ea25abcce7179b6d01446ebce2f14824bfbdbbe7f402bb9
2024-09-30 13:19:53,62,18248f005b7493422ea25abcce7179b6d01446ebce2f14824bfbdbbe7f402bb9
2024-09-30 13:19:53,62,18248f005b7493422ea25abcce7179b6d01446ebce2f14824bfbdbbe7f402bb9
2024-09-30 13:19:56,62,18248f005b7493422ea25abcce7179b6d01446ebce2f14824bfbdbbe7f402bb9
2024-09-30 13:20:00,62,18248f005b7493422ea25abcce7179b6d01446ebce2f14824bfbdbbe7f402bb9
2024-09-30 13:20:00,62,ac6bdf2d5686dae420b8fa528fcc9b72514a3cbbdca201fadac306c2091d9b0c
2024-09-30 13:20:00,62,ac6bdf2d5686dae420b8fa528fcc9b72514a3cbbdca201fadac306c2091d9b0c
2024-09-30 13:20:05,62,18248f005b7493422ea25abcce7179b6d01446ebce2f14824bfbdbbe7f402bb9
2024-09-30 13:20:05,62,18248f005b7493422ea25abcce7179b6d01446ebce2f14824bfbdbbe7f402bb9
2024-09-30 13:20:17,62,18248f005b7493422ea25abcce7179b6d01446ebce2f14824bfbdbbe7f402bb9
2024-09-30 13:20:17,62,18248f005b7493422ea25abcce7179b6d01446ebce2f14824bfbdbbe7f402bb9
2024-09-30 13:20:17,62,18248f005b7493422ea25abcce7179b6d01446ebce2f14824bfbdbbe7f402bb9
2024-09-30 13:20:17,62,18248f005b7493422ea25abcce7179b6d01446ebce2f14824bfbdbbe7f402bb9
2024-09-30 13:20:18,62,18248f005b7493422ea25abcce7179b6d01446ebce2f14824bfbdbbe7f402bb9
2024-09-30 13:20:18,62,18248f005b7493422ea25abcce7179b6d01446ebce2f14824bfbdbbe7f402bb9
2024-09-30 13:20:18,62,18248f005b7493422ea25abcce7179b6d01446ebce2f14824bfbdbbe7f402bb9
2024-09-30 13:20:18,62,18248f005b7493422ea25abcce7179b6d01446ebce2f14824bfbdbbe7f402bb9
2024-09-30 13:20:19,62,c168aebeba878d33b9707a2069fc1323b9d0f1ccdbc75c3bc310a84164378bd5
2024-09-30 13:20:19,62,c168aebeba878d33b9707a2069fc1323b9d0f1ccdbc75c3bc310a84164378bd5
2024-09-30 13:20:19,62,c168aebeba878d33b9707a2069fc1323b9d0f1ccdbc75c3bc310a84164378bd5
2024-09-30 13:20:19,62,c168aebeba878d33b9707a2069fc1323b9d0f1ccdbc75c3bc310a84164378bd5
2024-09-30 13:20:19,62,c168aebeba878d33b9707a2069fc1323b9d0f1ccdbc75c3bc310a84164378bd5
2024-09-30 13:20:19,62,c168aebeba878d33b9707a2069fc1323b9d0f1ccdbc75c3bc310a84164378bd5
2024-09-30 13:20:19,62,c168aebeba878d33b9707a2069fc1323b9d0f1ccdbc75c3bc310a84164378bd5
2024-09-30 13:20:19,62,18248f005b7493422ea25abcce7179b6d01446ebce2f14824bfbdbbe7f402bb9
2024-09-30 13:20:19,62,18248f005b7493422ea25abcce7179b6d01446ebce2f14824bfbdbbe7f402bb9
2024-09-30 13:20:28,62,18248f005b7493422ea25abcce7179b6d01446ebce2f14824bfbdbbe7f402bb9
2024-09-30 13:20:28,62,18248f005b7493422ea25abcce7179b6d01446ebce2f14824bfbdbbe7f402bb9
2024-09-30 13:20:34,62,18248f005b7493422ea25abcce7179b6d01446ebce2f14824bfbdbbe7f402bb9
2024-09-30 13:20:34,62,18248f005b7493422ea25abcce7179b6d01446ebce2f14824bfbdbbe7f402bb9
2024-09-30 13:20:34,62,18248f005b7493422ea25abcce7179b6d01446ebce2f14824bfbdbbe7f402bb9
2024-09-30 13:20:34,62,18248f005b7493422ea25abcce7179b6d01446ebce2f14824bfbdbbe7f402bb9
2024-09-30 13:20:37,62,f214df8686dde5873f6737cdf93909d29f9b61e55a05fd900714072e85e7e2d9
2024-09-30 13:20:39,62,c168aebeba878d33b9707a2069fc1323b9d0f1ccdbc75c3bc310a84164378bd5
2024-09-30 13:20:39,62,c168aebeba878d33b9707a2069fc1323b9d0f1ccdbc75c3bc310a84164378bd5
2024-09-30 13:20:39,62,c168aebeba878d33b9707a2069fc1323b9d0f1ccdbc75c3bc310a84164378bd5
2024-09-30 13:20:39,62,c168aebeba878d33b9707a2069fc1323b9d0f1ccdbc75c3bc310a84164378bd5
2024-09-30 13:20:39,62,c168aebeba878d33b9707a2069fc1323b9d0f1ccdbc75c3bc310a84164378bd5
2024-09-30 13:20:39,62,18248f005b7493422ea25abcce7179b6d01446ebce2f14824bfbdbbe7f402bb9
2024-09-30 13:20:39,62,18248f005b7493422ea25abcce7179b6d01446ebce2f14824bfbdbbe7f402bb9
2024-09-30 13:20:40,62,18248f005b7493422ea25abcce7179b6d01446ebce2f14824bfbdbbe7f402bb9
2024-09-30 13:20:40,62,18248f005b7493422ea25abcce7179b6d01446ebce2f14824bfbdbbe7f402bb9
2024-09-30 13:20:41,62,18248f005b7493422ea25abcce7179b6d01446ebce2f14824bfbdbbe7f402bb9
2024-09-30 13:20:41,62,18248f005b7493422ea25abcce7179b6d01446ebce2f14824bfbdbbe7f402bb9
2024-09-30 13:20:42,62,18248f005b7493422ea25abcce7179b6d01446ebce2f14824bfbdbbe7f402bb9
2024-09-30 13:20:42,62,18248f005b7493422ea25abcce7179b6d01446ebce2f14824bfbdbbe7f402bb9
2024-09-30 13:20:47,62,ac6bdf2d5686dae420b8fa528fcc9b72514a3cbbdca201fadac306c2091d9b0c
2024-09-30 13:20:52,62,18248f005b7493422ea25abcce7179b6d01446ebce2f14824bfbdbbe7f402bb9
2024-09-30 13:20:52,62,18248f005b7493422ea25abcce7179b6d01446ebce2f14824bfbdbbe7f402bb9
2024-09-30 13:20:59,62,c168aebeba878d33b9707a2069fc1323b9d0f1ccdbc75c3bc310a84164378bd5
2024-09-30 13:21:00,62,ac6bdf2d5686dae420b8fa528fcc9b72514a3cbbdca201fadac306c2091d9b0c
2024-09-30 13:21:02,62,18248f005b7493422ea25abcce7179b6d01446ebce2f14824bfbdbbe7f402bb9
2024-09-30 13:21:13,62,18248f005b7493422ea25abcce7179b6d01446ebce2f14824bfbdbbe7f402bb9
2024-09-30 13:21:25,62,18248f005b7493422ea25abcce7179b6d01446ebce2f14824bfbdbbe7f402bb9
2024-09-30 13:21:26,62,18248f005b7493422ea25abcce7179b6d01446ebce2f14824bfbdbbe7f402bb9
2024-09-30 13:21:27,62,18248f005b7493422ea25abcce7179b6d01446ebce2f14824bfbdbbe7f402bb9
2024-09-30 13:21:27,62,18248f005b7493422ea25abcce7179b6d01446ebce2f14824bfbdbbe7f402bb9
2024-09-30 13:21:27,62,18248f005b7493422ea25abcce7179b6d01446ebce2f14824bfbdbbe7f402bb9
2024-09-30 13:21:39,62,18248f005b7493422ea25abcce7179b6d01446ebce2f14824bfbdbbe7f402bb9
2024-09-30 13:21:39,62,18248f005b7493422ea25abcce7179b6d01446ebce2f14824bfbdbbe7f402bb9
2024-09-30 13:21:40,62,18248f005b7493422ea25abcce7179b6d01446ebce2f14824bfbdbbe7f402bb9
2024-09-30 13:21:40,62,18248f005b7493422ea25abcce7179b6d01446ebce2f14824bfbdbbe7f402bb9
2024-09-30 13:21:41,62,18248f005b7493422ea25abcce7179b6d01446ebce2f14824bfbdbbe7f402bb9
2024-09-30 13:21:41,62,18248f005b7493422ea25abcce7179b6d01446ebce2f14824bfbdbbe7f402bb9
2024-09-30 13:21:41,62,18248f005b7493422ea25abcce7179b6d01446ebce2f14824bfbdbbe7f402bb9
2024-09-30 13:21:52,62,18248f005b7493422ea25abcce7179b6d01446ebce2f14824bfbdbbe7f402bb9
2024-09-30 13:21:55,62,18248f005b7493422ea25abcce7179b6d01446ebce2f14824bfbdbbe7f402bb9
2024-09-30 13:21:55,62,18248f005b7493422ea25abcce7179b6d01446ebce2f14824bfbdbbe7f402bb9
2024-09-30 13:21:55,62,18248f005b7493422ea25abcce7179b6d01446ebce2f14824bfbdbbe7f402bb9
2024-09-30 13:22:12,62,18248f005b7493422ea25abcce7179b6d01446ebce2f14824bfbdbbe7f402bb9
2024-09-30 13:22:12,62,18248f005b7493422ea25abcce7179b6d01446ebce2f14824bfbdbbe7f402bb9
2024-09-30 13:22:20,62,18248f005b7493422ea25abcce7179b6d01446ebce2f14824bfbdbbe7f402bb9
2024-09-30 13:22:20,62,18248f005b7493422ea25abcce7179b6d01446ebce2f14824bfbdbbe7f402bb9
2024-09-30 13:22:23,62,18248f005b7493422ea25abcce7179b6d01446ebce2f14824bfbdbbe7f402bb9
2024-09-30 13:22:23,62,18248f005b7493422ea25abcce7179b6d01446ebce2f14824bfbdbbe7f402bb9
2024-09-30 13:22:23,62,18248f005b7493422ea25abcce7179b6d01446ebce2f14824bfbdbbe7f402bb9
2024-09-30 13:22:23,62,18248f005b7493422ea25abcce7179b6d01446ebce2f14824bfbdbbe7f402bb9
2024-09-30 13:22:25,62,18248f005b7493422ea25abcce7179b6d01446ebce2f14824bfbdbbe7f402bb9
2024-09-30 13:22:25,62,18248f005b7493422ea25abcce7179b6d01446ebce2f14824bfbdbbe7f402bb9
2024-09-30 13:22:25,62,18248f005b7493422ea25abcce7179b6d01446ebce2f14824bfbdbbe7f402bb9
2024-09-30 13:22:39,62,18248f005b7493422ea25abcce7179b6d01446ebce2f14824bfbdbbe7f402bb9
2024-09-30 13:22:39,62,18248f005b7493422ea25abcce7179b6d01446ebce2f14824bfbdbbe7f402bb9
2024-09-30 13:22:41,62,18248f005b7493422ea25abcce7179b6d01446ebce2f14824bfbdbbe7f402bb9
2024-09-30 13:22:41,62,18248f005b7493422ea25abcce7179b6d01446ebce2f14824bfbdbbe7f402bb9
2024-09-30 13:22:49,62,01fbae127e8db09da74812bde292eb77d2a68a7897a5571bb7c33ad12264102a
2024-09-30 13:22:49,62,01fbae127e8db09da74812bde292eb77d2a68a7897a5571bb7c33ad12264102a
2024-09-30 13:22:49,62,01fbae127e8db09da74812bde292eb77d2a68a7897a5571bb7c33ad12264102a
2024-09-30 13:22:49,62,01fbae127e8db09da74812bde292eb77d2a68a7897a5571bb7c33ad12264102a
2024-09-30 13:22:49,62,01fbae127e8db09da74812bde292eb77d2a68a7897a5571bb7c33ad12264102a
2024-09-30 13:22:52,62,18248f005b7493422ea25abcce7179b6d01446ebce2f14824bfbdbbe7f402bb9
2024-09-30 13:22:53,62,3901688d33322be8e6e95730a2d46b3b729d303d6507bd4ac75095ad5a7df8e8
2024-09-30 13:22:55,62,18248f005b7493422ea25abcce7179b6d01446ebce2f14824bfbdbbe7f402bb9
2024-09-30 13:22:55,62,18248f005b7493422ea25abcce7179b6d01446ebce2f14824bfbdbbe7f402bb9
2024-09-30 13:22:56,62,18248f005b7493422ea25abcce7179b6d01446ebce2f14824bfbdbbe7f402bb9
2024-09-30 13:23:03,62,18248f005b7493422ea25abcce7179b6d01446ebce2f14824bfbdbbe7f402bb9
2024-09-30 13:23:17,62,f214df8686dde5873f6737cdf93909d29f9b61e55a05fd900714072e85e7e2d9
2024-09-30 13:23:18,62,1afe1637b9f98883a0da64167b0f98da338c239c2ef656fc3ef95d01e9fa38ce
2024-09-30 13:23:20,62,c81372ca9529ddeb87790ff76f6745ec6870bc09bcdd705d8da7bfde78aed086
2024-09-30 13:23:20,62,c81372ca9529ddeb87790ff76f6745ec6870bc09bcdd705d8da7bfde78aed086
2024-09-30 13:23:20,62,c81372ca9529ddeb87790ff76f6745ec6870bc09bcdd705d8da7bfde78aed086
2024-09-30 13:23:20,62,c81372ca9529ddeb87790ff76f6745ec6870bc09bcdd705d8da7bfde78aed086
2024-09-30 13:23:20,62,c81372ca9529ddeb87790ff76f6745ec6870bc09bcdd705d8da7bfde78aed086
2024-09-30 13:23:20,62,c81372ca9529ddeb87790ff76f6745ec6870bc09bcdd705d8da7bfde78aed086
2024-09-30 13:23:21,62,18248f005b7493422ea25abcce7179b6d01446ebce2f14824bfbdbbe7f402bb9
2024-09-30 13:23:21,62,18248f005b7493422ea25abcce7179b6d01446ebce2f14824bfbdbbe7f402bb9
2024-09-30 13:23:25,62,18248f005b7493422ea25abcce7179b6d01446ebce2f14824bfbdbbe7f402bb9
2024-09-30 13:23:28,62,01fbae127e8db09da74812bde292eb77d2a68a7897a5571bb7c33ad12264102a
2024-09-30 13:23:28,62,01fbae127e8db09da74812bde292eb77d2a68a7897a5571bb7c33ad12264102a
2024-09-30 13:23:28,62,01fbae127e8db09da74812bde292eb77d2a68a7897a5571bb7c33ad12264102a
2024-09-30 13:23:28,62,01fbae127e8db09da74812bde292eb77d2a68a7897a5571bb7c33ad12264102a
2024-09-30 13:23:29,62,18248f005b7493422ea25abcce7179b6d01446ebce2f14824bfbdbbe7f402bb9
2024-09-30 13:23:30,62,18248f005b7493422ea25abcce7179b6d01446ebce2f14824bfbdbbe7f402bb9
2024-09-30 13:23:30,62,18248f005b7493422ea25abcce7179b6d01446ebce2f14824bfbdbbe7f402bb9
2024-09-30 13:23:31,62,18248f005b7493422ea25abcce7179b6d01446ebce2f14824bfbdbbe7f402bb9
2024-09-30 13:23:38,62,01fbae127e8db09da74812bde292eb77d2a68a7897a5571bb7c33ad12264102a
2024-09-30 13:23:38,62,01fbae127e8db09da74812bde292eb77d2a68a7897a5571bb7c33ad12264102a
2024-09-30 13:23:38,62,01fbae127e8db09da74812bde292eb77d2a68a7897a5571bb7c33ad12264102a
2024-09-30 13:23:38,62,01fbae127e8db09da74812bde292eb77d2a68a7897a5571bb7c33ad12264102a
2024-09-30 13:23:39,62,18248f005b7493422ea25abcce7179b6d01446ebce2f14824bfbdbbe7f402bb9
2024-09-30 13:23:39,62,18248f005b7493422ea25abcce7179b6d01446ebce2f14824bfbdbbe7f402bb9
2024-09-30 13:23:39,62,18248f005b7493422ea25abcce7179b6d01446ebce2f14824bfbdbbe7f402bb9
2024-09-30 13:23:44,62,18248f005b7493422ea25abcce7179b6d01446ebce2f14824bfbdbbe7f402bb9
2024-09-30 13:23:45,62,18248f005b7493422ea25abcce7179b6d01446ebce2f14824bfbdbbe7f402bb9
2024-09-30 13:23:45,62,18248f005b7493422ea25abcce7179b6d01446ebce2f14824bfbdbbe7f402bb9
2024-09-30 13:23:45,62,18248f005b7493422ea25abcce7179b6d01446ebce2f14824bfbdbbe7f402bb9
2024-09-30 13:23:45,62,18248f005b7493422ea25abcce7179b6d01446ebce2f14824bfbdbbe7f402bb9
2024-09-30 13:23:45,62,18248f005b7493422ea25abcce7179b6d01446ebce2f14824bfbdbbe7f402bb9
2024-09-30 13:23:48,62,18248f005b7493422ea25abcce7179b6d01446ebce2f14824bfbdbbe7f402bb9
2024-09-30 13:23:48,62,18248f005b7493422ea25abcce7179b6d01446ebce2f14824bfbdbbe7f402bb9
2024-09-30 13:23:50,62,18248f005b7493422ea25abcce7179b6d01446ebce2f14824bfbdbbe7f402bb9
2024-09-30 13:23:50,62,18248f005b7493422ea25abcce7179b6d01446ebce2f14824bfbdbbe7f402bb9
2024-09-30 13:23:53,62,18248f005b7493422ea25abcce7179b6d01446ebce2f14824bfbdbbe7f402bb9
2024-09-30 13:23:53,62,18248f005b7493422ea25abcce7179b6d01446ebce2f14824bfbdbbe7f402bb9
2024-09-30 13:23:54,62,18248f005b7493422ea25abcce7179b6d01446ebce2f14824bfbdbbe7f402bb9
2024-09-30 13:23:55,62,18248f005b7493422ea25abcce7179b6d01446ebce2f14824bfbdbbe7f402bb9
2024-09-30 13:23:55,62,18248f005b7493422ea25abcce7179b6d01446ebce2f14824bfbdbbe7f402bb9
2024-09-30 13:23:55,62,18248f005b7493422ea25abcce7179b6d01446ebce2f14824bfbdbbe7f402bb9
2024-09-30 13:24:00,62,b259ad7b374273c26bec3567023bb3cef7a54a76409fb3688a4ef5ae3e07d4ba
2024-09-30 13:24:00,62,ac6bdf2d5686dae420b8fa528fcc9b72514a3cbbdca201fadac306c2091d9b0c
2024-09-30 13:24:00,62,ac6bdf2d5686dae420b8fa528fcc9b72514a3cbbdca201fadac306c2091d9b0c
2024-09-30 13:24:00,62,ac6bdf2d5686dae420b8fa528fcc9b72514a3cbbdca201fadac306c2091d9b0c
2024-09-30 13:24:00,62,ac6bdf2d5686dae420b8fa528fcc9b72514a3cbbdca201fadac306c2091d9b0c
2024-09-30 13:24:04,62,18248f005b7493422ea25abcce7179b6d01446ebce2f14824bfbdbbe7f402bb9
2024-09-30 13:24:04,62,18248f005b7493422ea25abcce7179b6d01446ebce2f14824bfbdbbe7f402bb9
2024-09-30 13:24:27,62,01fbae127e8db09da74812bde292eb77d2a68a7897a5571bb7c33ad12264102a
2024-09-30 13:24:27,62,01fbae127e8db09da74812bde292eb77d2a68a7897a5571bb7c33ad12264102a
2024-09-30 13:24:27,62,01fbae127e8db09da74812bde292eb77d2a68a7897a5571bb7c33ad12264102a
2024-09-30 13:24:34,62,18248f005b7493422ea25abcce7179b6d01446ebce2f14824bfbdbbe7f402bb9
2024-09-30 13:24:34,62,18248f005b7493422ea25abcce7179b6d01446ebce2f14824bfbdbbe7f402bb9
2024-09-30 13:24:34,62,18248f005b7493422ea25abcce7179b6d01446ebce2f14824bfbdbbe7f402bb9
2024-09-30 13:24:34,62,18248f005b7493422ea25abcce7179b6d01446ebce2f14824bfbdbbe7f402bb9
2024-09-30 13:24:36,62,18248f005b7493422ea25abcce7179b6d01446ebce2f14824bfbdbbe7f402bb9
2024-09-30 13:24:36,62,18248f005b7493422ea25abcce7179b6d01446ebce2f14824bfbdbbe7f402bb9
2024-09-30 13:24:39,62,18248f005b7493422ea25abcce7179b6d01446ebce2f14824bfbdbbe7f402bb9
2024-09-30 13:24:45,62,18248f005b7493422ea25abcce7179b6d01446ebce2f14824bfbdbbe7f402bb9
2024-09-30 13:24:47,62,3901688d33322be8e6e95730a2d46b3b729d303d6507bd4ac75095ad5a7df8e8
2024-09-30 13:24:48,62,18248f005b7493422ea25abcce7179b6d01446ebce2f14824bfbdbbe7f402bb9
2024-09-30 13:24:48,62,18248f005b7493422ea25abcce7179b6d01446ebce2f14824bfbdbbe7f402bb9
2024-09-30 13:24:54,62,18248f005b7493422ea25abcce7179b6d01446ebce2f14824bfbdbbe7f402bb9
2024-09-30 13:24:55,62,18248f005b7493422ea25abcce7179b6d01446ebce2f14824bfbdbbe7f402bb9
2024-09-30 13:24:55,62,18248f005b7493422ea25abcce7179b6d01446ebce2f14824bfbdbbe7f402bb9
2024-09-30 13:24:56,62,18248f005b7493422ea25abcce7179b6d01446ebce2f14824bfbdbbe7f402bb9
2024-09-30 13:24:56,62,18248f005b7493422ea25abcce7179b6d01446ebce2f14824bfbdbbe7f402bb9
2024-09-30 13:25:18,62,18248f005b7493422ea25abcce7179b6d01446ebce2f14824bfbdbbe7f402bb9
2024-09-30 13:25:18,62,18248f005b7493422ea25abcce7179b6d01446ebce2f14824bfbdbbe7f402bb9
2024-09-30 13:25:18,62,18248f005b7493422ea25abcce7179b6d01446ebce2f14824bfbdbbe7f402bb9
2024-09-30 13:25:18,62,18248f005b7493422ea25abcce7179b6d01446ebce2f14824bfbdbbe7f402bb9
2024-09-30 13:25:18,62,18248f005b7493422ea25abcce7179b6d01446ebce2f14824bfbdbbe7f402bb9
2024-09-30 13:25:18,62,18248f005b7493422ea25abcce7179b6d01446ebce2f14824bfbdbbe7f402bb9
2024-09-30 13:25:18,62,18248f005b7493422ea25abcce7179b6d01446ebce2f14824bfbdbbe7f402bb9
2024-09-30 13:25:18,62,18248f005b7493422ea25abcce7179b6d01446ebce2f14824bfbdbbe7f402bb9
2024-09-30 13:25:19,62,18248f005b7493422ea25abcce7179b6d01446ebce2f14824bfbdbbe7f402bb9
2024-09-30 13:25:21,62,18248f005b7493422ea25abcce7179b6d01446ebce2f14824bfbdbbe7f402bb9
2024-09-30 13:25:24,62,18248f005b7493422ea25abcce7179b6d01446ebce2f14824bfbdbbe7f402bb9
2024-09-30 13:25:24,62,18248f005b7493422ea25abcce7179b6d01446ebce2f14824bfbdbbe7f402bb9
2024-09-30 13:25:28,62,18248f005b7493422ea25abcce7179b6d01446ebce2f14824bfbdbbe7f402bb9
2024-09-30 13:25:28,62,18248f005b7493422ea25abcce7179b6d01446ebce2f14824bfbdbbe7f402bb9
2024-09-30 13:25:28,62,18248f005b7493422ea25abcce7179b6d01446ebce2f14824bfbdbbe7f402bb9
2024-09-30 13:25:28,62,18248f005b7493422ea25abcce7179b6d01446ebce2f14824bfbdbbe7f402bb9
2024-09-30 13:25:28,62,18248f005b7493422ea25abcce7179b6d01446ebce2f14824bfbdbbe7f402bb9
2024-09-30 13:25:28,62,18248f005b7493422ea25abcce7179b6d01446ebce2f14824bfbdbbe7f402bb9
2024-09-30 13:25:33,62,18248f005b7493422ea25abcce7179b6d01446ebce2f14824bfbdbbe7f402bb9
2024-09-30 13:25:33,62,18248f005b7493422ea25abcce7179b6d01446ebce2f14824bfbdbbe7f402bb9
2024-09-30 13:25:44,62,18248f005b7493422ea25abcce7179b6d01446ebce2f14824bfbdbbe7f402bb9
2024-09-30 13:25:47,62,18248f005b7493422ea25abcce7179b6d01446ebce2f14824bfbdbbe7f402bb9
2024-09-30 13:25:53,62,01fbae127e8db09da74812bde292eb77d2a68a7897a5571bb7c33ad12264102a
2024-09-30 13:25:53,62,01fbae127e8db09da74812bde292eb77d2a68a7897a5571bb7c33ad12264102a
2024-09-30 13:25:53,62,01fbae127e8db09da74812bde292eb77d2a68a7897a5571bb7c33ad12264102a
2024-09-30 13:25:54,62,18248f005b7493422ea25abcce7179b6d01446ebce2f14824bfbdbbe7f402bb9
2024-09-30 13:25:54,62,18248f005b7493422ea25abcce7179b6d01446ebce2f14824bfbdbbe7f402bb9
2024-09-30 13:25:55,62,18248f005b7493422ea25abcce7179b6d01446ebce2f14824bfbdbbe7f402bb9
2024-09-30 13:25:55,62,18248f005b7493422ea25abcce7179b6d01446ebce2f14824bfbdbbe7f402bb9
2024-09-30 13:25:55,62,18248f005b7493422ea25abcce7179b6d01446ebce2f14824bfbdbbe7f402bb9
2024-09-30 13:25:58,62,18248f005b7493422ea25abcce7179b6d01446ebce2f14824bfbdbbe7f402bb9
2024-09-30 13:25:58,62,18248f005b7493422ea25abcce7179b6d01446ebce2f14824bfbdbbe7f402bb9
2024-09-30 13:26:14,62,18248f005b7493422ea25abcce7179b6d01446ebce2f14824bfbdbbe7f402bb9
2024-09-30 13:26:17,62,18248f005b7493422ea25abcce7179b6d01446ebce2f14824bfbdbbe7f402bb9
2024-09-30 13:26:21,62,01fbae127e8db09da74812bde292eb77d2a68a7897a5571bb7c33ad12264102a
2024-09-30 13:26:21,62,01fbae127e8db09da74812bde292eb77d2a68a7897a5571bb7c33ad12264102a
2024-09-30 13:26:27,62,18248f005b7493422ea25abcce7179b6d01446ebce2f14824bfbdbbe7f402bb9
2024-09-30 13:26:27,62,18248f005b7493422ea25abcce7179b6d01446ebce2f14824bfbdbbe7f402bb9
2024-09-30 13:26:27,62,18248f005b7493422ea25abcce7179b6d01446ebce2f14824bfbdbbe7f402bb9
2024-09-30 13:26:27,62,18248f005b7493422ea25abcce7179b6d01446ebce2f14824bfbdbbe7f402bb9
2024-09-30 13:26:27,62,18248f005b7493422ea25abcce7179b6d01446ebce2f14824bfbdbbe7f402bb9
2024-09-30 13:26:29,62,18248f005b7493422ea25abcce7179b6d01446ebce2f14824bfbdbbe7f402bb9
2024-09-30 13:26:29,62,18248f005b7493422ea25abcce7179b6d01446ebce2f14824bfbdbbe7f402bb9
2024-09-30 13:26:33,62,18248f005b7493422ea25abcce7179b6d01446ebce2f14824bfbdbbe7f402bb9
2024-09-30 13:26:33,62,18248f005b7493422ea25abcce7179b6d01446ebce2f14824bfbdbbe7f402bb9
2024-09-30 13:26:33,62,18248f005b7493422ea25abcce7179b6d01446ebce2f14824bfbdbbe7f402bb9
2024-09-30 13:26:33,62,18248f005b7493422ea25abcce7179b6d01446ebce2f14824bfbdbbe7f402bb9
2024-09-30 13:26:33,62,18248f005b7493422ea25abcce7179b6d01446ebce2f14824bfbdbbe7f402bb9
2024-09-30 13:26:33,62,18248f005b7493422ea25abcce7179b6d01446ebce2f14824bfbdbbe7f402bb9
2024-09-30 13:26:38,62,18248f005b7493422ea25abcce7179b6d01446ebce2f14824bfbdbbe7f402bb9
2024-09-30 13:26:40,62,01fbae127e8db09da74812bde292eb77d2a68a7897a5571bb7c33ad12264102a
2024-09-30 13:26:40,62,01fbae127e8db09da74812bde292eb77d2a68a7897a5571bb7c33ad12264102a
2024-09-30 13:26:40,62,18248f005b7493422ea25abcce7179b6d01446ebce2f14824bfbdbbe7f402bb9
2024-09-30 13:26:42,62,18248f005b7493422ea25abcce7179b6d01446ebce2f14824bfbdbbe7f402bb9
2024-09-30 13:26:42,62,18248f005b7493422ea25abcce7179b6d01446ebce2f14824bfbdbbe7f402bb9
2024-09-30 13:26:45,62,18248f005b7493422ea25abcce7179b6d01446ebce2f14824bfbdbbe7f402bb9
2024-09-30 13:26:46,62,18248f005b7493422ea25abcce7179b6d01446ebce2f14824bfbdbbe7f402bb9
2024-09-30 13:26:46,62,18248f005b7493422ea25abcce7179b6d01446ebce2f14824bfbdbbe7f402bb9
2024-09-30 13:26:48,62,b2f98bd08ae5d18f5d180b1c66967fe10e2c43904a86ff9f28aa7412ec31c647
2024-09-30 13:26:52,62,01fbae127e8db09da74812bde292eb77d2a68a7897a5571bb7c33ad12264102a
2024-09-30 13:26:52,62,01fbae127e8db09da74812bde292eb77d2a68a7897a5571bb7c33ad12264102a
2024-09-30 13:26:52,62,01fbae127e8db09da74812bde292eb77d2a68a7897a5571bb7c33ad12264102a
2024-09-30 13:26:52,62,01fbae127e8db09da74812bde292eb77d2a68a7897a5571bb7c33ad12264102a
2024-09-30 13:26:52,62,01fbae127e8db09da74812bde292eb77d2a68a7897a5571bb7c33ad12264102a
2024-09-30 13:27:05,62,18248f005b7493422ea25abcce7179b6d01446ebce2f14824bfbdbbe7f402bb9
2024-09-30 13:27:10,62,18248f005b7493422ea25abcce7179b6d01446ebce2f14824bfbdbbe7f402bb9
2024-09-30 13:27:10,62,18248f005b7493422ea25abcce7179b6d01446ebce2f14824bfbdbbe7f402bb9
2024-09-30 13:27:18,62,18248f005b7493422ea25abcce7179b6d01446ebce2f14824bfbdbbe7f402bb9
2024-09-30 13:27:18,62,18248f005b7493422ea25abcce7179b6d01446ebce2f14824bfbdbbe7f402bb9
2024-09-30 13:27:18,62,18248f005b7493422ea25abcce7179b6d01446ebce2f14824bfbdbbe7f402bb9
2024-09-30 13:27:22,62,18248f005b7493422ea25abcce7179b6d01446ebce2f14824bfbdbbe7f402bb9
2024-09-30 13:27:23,62,18248f005b7493422ea25abcce7179b6d01446ebce2f14824bfbdbbe7f402bb9
2024-09-30 13:27:26,62,18248f005b7493422ea25abcce7179b6d01446ebce2f14824bfbdbbe7f402bb9
2024-09-30 13:27:26,62,18248f005b7493422ea25abcce7179b6d01446ebce2f14824bfbdbbe7f402bb9
2024-09-30 13:27:26,62,18248f005b7493422ea25abcce7179b6d01446ebce2f14824bfbdbbe7f402bb9
2024-09-30 13:27:27,62,01fbae127e8db09da74812bde292eb77d2a68a7897a5571bb7c33ad12264102a
2024-09-30 13:27:27,62,01fbae127e8db09da74812bde292eb77d2a68a7897a5571bb7c33ad12264102a
2024-09-30 13:27:27,62,01fbae127e8db09da74812bde292eb77d2a68a7897a5571bb7c33ad12264102a
2024-09-30 13:27:27,62,01fbae127e8db09da74812bde292eb77d2a68a7897a5571bb7c33ad12264102a
2024-09-30 13:27:27,62,01fbae127e8db09da74812bde292eb77d2a68a7897a5571bb7c33ad12264102a
2024-09-30 13:27:30,62,01fbae127e8db09da74812bde292eb77d2a68a7897a5571bb7c33ad12264102a
2024-09-30 13:27:30,62,01fbae127e8db09da74812bde292eb77d2a68a7897a5571bb7c33ad12264102a
2024-09-30 13:27:31,62,01fbae127e8db09da74812bde292eb77d2a68a7897a5571bb7c33ad12264102a
2024-09-30 13:27:32,62,18248f005b7493422ea25abcce7179b6d01446ebce2f14824bfbdbbe7f402bb9
2024-09-30 13:27:37,62,18248f005b7493422ea25abcce7179b6d01446ebce2f14824bfbdbbe7f402bb9
2024-09-30 13:27:37,62,18248f005b7493422ea25abcce7179b6d01446ebce2f14824bfbdbbe7f402bb9
2024-09-30 13:27:37,62,18248f005b7493422ea25abcce7179b6d01446ebce2f14824bfbdbbe7f402bb9
2024-09-30 13:27:38,62,18248f005b7493422ea25abcce7179b6d01446ebce2f14824bfbdbbe7f402bb9
2024-09-30 13:27:41,62,18248f005b7493422ea25abcce7179b6d01446ebce2f14824bfbdbbe7f402bb9
2024-09-30 13:27:43,62,18248f005b7493422ea25abcce7179b6d01446ebce2f14824bfbdbbe7f402bb9
2024-09-30 13:27:43,62,18248f005b7493422ea25abcce7179b6d01446ebce2f14824bfbdbbe7f402bb9
2024-09-30 13:27:50,62,01fbae127e8db09da74812bde292eb77d2a68a7897a5571bb7c33ad12264102a
2024-09-30 13:27:50,62,01fbae127e8db09da74812bde292eb77d2a68a7897a5571bb7c33ad12264102a
2024-09-30 13:27:53,62,18248f005b7493422ea25abcce7179b6d01446ebce2f14824bfbdbbe7f402bb9
2024-09-30 13:27:55,62,01fbae127e8db09da74812bde292eb77d2a68a7897a5571bb7c33ad12264102a
2024-09-30 13:27:55,62,01fbae127e8db09da74812bde292eb77d2a68a7897a5571bb7c33ad12264102a
2024-09-30 13:27:57,62,18248f005b7493422ea25abcce7179b6d01446ebce2f14824bfbdbbe7f402bb9
2024-09-30 13:27:57,62,18248f005b7493422ea25abcce7179b6d01446ebce2f14824bfbdbbe7f402bb9
2024-09-30 13:27:58,62,18248f005b7493422ea25abcce7179b6d01446ebce2f14824bfbdbbe7f402bb9
2024-09-30 13:27:59,62,18248f005b7493422ea25abcce7179b6d01446ebce2f14824bfbdbbe7f402bb9
2024-09-30 13:27:59,62,18248f005b7493422ea25abcce7179b6d01446ebce2f14824bfbdbbe7f402bb9
2024-09-30 13:27:59,62,18248f005b7493422ea25abcce7179b6d01446ebce2f14824bfbdbbe7f402bb9
2024-09-30 13:27:59,62,18248f005b7493422ea25abcce7179b6d01446ebce2f14824bfbdbbe7f402bb9
2024-09-30 13:28:01,62,18248f005b7493422ea25abcce7179b6d01446ebce2f14824bfbdbbe7f402bb9
2024-09-30 13:28:02,62,18248f005b7493422ea25abcce7179b6d01446ebce2f14824bfbdbbe7f402bb9
2024-09-30 13:28:05,62,18248f005b7493422ea25abcce7179b6d01446ebce2f14824bfbdbbe7f402bb9
2024-09-30 13:28:05,62,18248f005b7493422ea25abcce7179b6d01446ebce2f14824bfbdbbe7f402bb9
2024-09-30 13:28:05,62,18248f005b7493422ea25abcce7179b6d01446ebce2f14824bfbdbbe7f402bb9
2024-09-30 13:28:08,62,18248f005b7493422ea25abcce7179b6d01446ebce2f14824bfbdbbe7f402bb9
2024-09-30 13:28:08,62,18248f005b7493422ea25abcce7179b6d01446ebce2f14824bfbdbbe7f402bb9
2024-09-30 13:28:08,62,18248f005b7493422ea25abcce7179b6d01446ebce2f14824bfbdbbe7f402bb9
2024-09-30 13:28:09,62,18248f005b7493422ea25abcce7179b6d01446ebce2f14824bfbdbbe7f402bb9
2024-09-30 13:28:09,62,18248f005b7493422ea25abcce7179b6d01446ebce2f14824bfbdbbe7f402bb9
2024-09-30 13:28:09,62,18248f005b7493422ea25abcce7179b6d01446ebce2f14824bfbdbbe7f402bb9
2024-09-30 13:28:09,62,18248f005b7493422ea25abcce7179b6d01446ebce2f14824bfbdbbe7f402bb9
2024-09-30 13:28:09,62,18248f005b7493422ea25abcce7179b6d01446ebce2f14824bfbdbbe7f402bb9
2024-09-30 13:28:09,62,01fbae127e8db09da74812bde292eb77d2a68a7897a5571bb7c33ad12264102a
2024-09-30 13:28:09,62,18248f005b7493422ea25abcce7179b6d01446ebce2f14824bfbdbbe7f402bb9
2024-09-30 13:28:09,62,01fbae127e8db09da74812bde292eb77d2a68a7897a5571bb7c33ad12264102a
2024-09-30 13:28:09,62,01fbae127e8db09da74812bde292eb77d2a68a7897a5571bb7c33ad12264102a
2024-09-30 13:28:09,62,01fbae127e8db09da74812bde292eb77d2a68a7897a5571bb7c33ad12264102a
2024-09-30 13:28:10,62,01fbae127e8db09da74812bde292eb77d2a68a7897a5571bb7c33ad12264102a
2024-09-30 13:28:10,62,01fbae127e8db09da74812bde292eb77d2a68a7897a5571bb7c33ad12264102a
2024-09-30 13:28:15,62,18248f005b7493422ea25abcce7179b6d01446ebce2f14824bfbdbbe7f402bb9
2024-09-30 13:28:22,62,18248f005b7493422ea25abcce7179b6d01446ebce2f14824bfbdbbe7f402bb9
2024-09-30 13:28:22,62,18248f005b7493422ea25abcce7179b6d01446ebce2f14824bfbdbbe7f402bb9
2024-09-30 13:28:22,62,18248f005b7493422ea25abcce7179b6d01446ebce2f14824bfbdbbe7f402bb9
2024-09-30 13:28:22,62,18248f005b7493422ea25abcce7179b6d01446ebce2f14824bfbdbbe7f402bb9
2024-09-30 13:28:22,62,18248f005b7493422ea25abcce7179b6d01446ebce2f14824bfbdbbe7f402bb9
2024-09-30 13:28:22,62,18248f005b7493422ea25abcce7179b6d01446ebce2f14824bfbdbbe7f402bb9
2024-09-30 13:28:27,62,18248f005b7493422ea25abcce7179b6d01446ebce2f14824bfbdbbe7f402bb9
2024-09-30 13:28:27,62,18248f005b7493422ea25abcce7179b6d01446ebce2f14824bfbdbbe7f402bb9
2024-09-30 13:28:30,62,18248f005b7493422ea25abcce7179b6d01446ebce2f14824bfbdbbe7f402bb9
2024-09-30 13:28:30,62,18248f005b7493422ea25abcce7179b6d01446ebce2f14824bfbdbbe7f402bb9
2024-09-30 13:28:37,62,3901688d33322be8e6e95730a2d46b3b729d303d6507bd4ac75095ad5a7df8e8
2024-09-30 13:28:37,62,3901688d33322be8e6e95730a2d46b3b729d303d6507bd4ac75095ad5a7df8e8
2024-09-30 13:28:37,62,f214df8686dde5873f6737cdf93909d29f9b61e55a05fd900714072e85e7e2d9
2024-09-30 13:28:37,62,f214df8686dde5873f6737cdf93909d29f9b61e55a05fd900714072e85e7e2d9
2024-09-30 13:28:37,62,f214df8686dde5873f6737cdf93909d29f9b61e55a05fd900714072e85e7e2d9
2024-09-30 13:28:37,62,f214df8686dde5873f6737cdf93909d29f9b61e55a05fd900714072e85e7e2d9
2024-09-30 13:28:43,62,18248f005b7493422ea25abcce7179b6d01446ebce2f14824bfbdbbe7f402bb9
2024-09-30 13:28:43,62,18248f005b7493422ea25abcce7179b6d01446ebce2f14824bfbdbbe7f402bb9
2024-09-30 13:28:43,62,18248f005b7493422ea25abcce7179b6d01446ebce2f14824bfbdbbe7f402bb9
2024-09-30 13:28:43,62,18248f005b7493422ea25abcce7179b6d01446ebce2f14824bfbdbbe7f402bb9
2024-09-30 13:28:44,62,18248f005b7493422ea25abcce7179b6d01446ebce2f14824bfbdbbe7f402bb9
2024-09-30 13:28:45,62,18248f005b7493422ea25abcce7179b6d01446ebce2f14824bfbdbbe7f402bb9
2024-09-30 13:28:46,62,18248f005b7493422ea25abcce7179b6d01446ebce2f14824bfbdbbe7f402bb9
2024-09-30 13:28:46,62,18248f005b7493422ea25abcce7179b6d01446ebce2f14824bfbdbbe7f402bb9
2024-09-30 13:28:48,62,18248f005b7493422ea25abcce7179b6d01446ebce2f14824bfbdbbe7f402bb9
2024-09-30 13:28:48,62,18248f005b7493422ea25abcce7179b6d01446ebce2f14824bfbdbbe7f402bb9
2024-09-30 13:28:49,62,b259ad7b374273c26bec3567023bb3cef7a54a76409fb3688a4ef5ae3e07d4ba
2024-09-30 13:28:55,62,18248f005b7493422ea25abcce7179b6d01446ebce2f14824bfbdbbe7f402bb9
2024-09-30 13:28:55,62,01fbae127e8db09da74812bde292eb77d2a68a7897a5571bb7c33ad12264102a
2024-09-30 13:28:55,62,01fbae127e8db09da74812bde292eb77d2a68a7897a5571bb7c33ad12264102a
2024-09-30 13:28:55,62,18248f005b7493422ea25abcce7179b6d01446ebce2f14824bfbdbbe7f402bb9
2024-09-30 13:28:55,62,18248f005b7493422ea25abcce7179b6d01446ebce2f14824bfbdbbe7f402bb9
2024-09-30 13:28:55,62,01fbae127e8db09da74812bde292eb77d2a68a7897a5571bb7c33ad12264102a
2024-09-30 13:28:55,62,01fbae127e8db09da74812bde292eb77d2a68a7897a5571bb7c33ad12264102a
2024-09-30 13:28:56,62,01fbae127e8db09da74812bde292eb77d2a68a7897a5571bb7c33ad12264102a
2024-09-30 13:28:58,62,18248f005b7493422ea25abcce7179b6d01446ebce2f14824bfbdbbe7f402bb9
2024-09-30 13:28:59,62,18248f005b7493422ea25abcce7179b6d01446ebce2f14824bfbdbbe7f402bb9
2024-09-30 13:28:59,62,18248f005b7493422ea25abcce7179b6d01446ebce2f14824bfbdbbe7f402bb9
2024-09-30 13:28:59,62,18248f005b7493422ea25abcce7179b6d01446ebce2f14824bfbdbbe7f402bb9
2024-09-30 13:29:05,62,18248f005b7493422ea25abcce7179b6d01446ebce2f14824bfbdbbe7f402bb9
2024-09-30 13:29:09,62,18248f005b7493422ea25abcce7179b6d01446ebce2f14824bfbdbbe7f402bb9
2024-09-30 13:29:10,62,18248f005b7493422ea25abcce7179b6d01446ebce2f14824bfbdbbe7f402bb9
2024-09-30 13:29:10,62,18248f005b7493422ea25abcce7179b6d01446ebce2f14824bfbdbbe7f402bb9
2024-09-30 13:29:12,62,18248f005b7493422ea25abcce7179b6d01446ebce2f14824bfbdbbe7f402bb9
2024-09-30 13:29:12,62,18248f005b7493422ea25abcce7179b6d01446ebce2f14824bfbdbbe7f402bb9
2024-09-30 13:29:14,62,18248f005b7493422ea25abcce7179b6d01446ebce2f14824bfbdbbe7f402bb9
2024-09-30 13:29:26,62,18248f005b7493422ea25abcce7179b6d01446ebce2f14824bfbdbbe7f402bb9
2024-09-30 13:29:26,62,18248f005b7493422ea25abcce7179b6d01446ebce2f14824bfbdbbe7f402bb9
2024-09-30 13:29:31,62,18248f005b7493422ea25abcce7179b6d01446ebce2f14824bfbdbbe7f402bb9
2024-09-30 13:29:39,62,18248f005b7493422ea25abcce7179b6d01446ebce2f14824bfbdbbe7f402bb9
2024-09-30 13:29:39,62,18248f005b7493422ea25abcce7179b6d01446ebce2f14824bfbdbbe7f402bb9
2024-09-30 13:29:39,62,18248f005b7493422ea25abcce7179b6d01446ebce2f14824bfbdbbe7f402bb9
2024-09-30 13:29:39,62,18248f005b7493422ea25abcce7179b6d01446ebce2f14824bfbdbbe7f402bb9
2024-09-30 13:29:51,62,18248f005b7493422ea25abcce7179b6d01446ebce2f14824bfbdbbe7f402bb9
2024-09-30 13:29:58,62,18248f005b7493422ea25abcce7179b6d01446ebce2f14824bfbdbbe7f402bb9
2024-09-30 13:29:59,62,18248f005b7493422ea25abcce7179b6d01446ebce2f14824bfbdbbe7f402bb9
2024-09-30 13:29:59,62,18248f005b7493422ea25abcce7179b6d01446ebce2f14824bfbdbbe7f402bb9
2024-09-30 13:30:00,62,ac6bdf2d5686dae420b8fa528fcc9b72514a3cbbdca201fadac306c2091d9b0c
2024-09-30 13:30:01,62,18248f005b7493422ea25abcce7179b6d01446ebce2f14824bfbdbbe7f402bb9
2024-09-30 13:30:01,62,18248f005b7493422ea25abcce7179b6d01446ebce2f14824bfbdbbe7f402bb9
2024-09-30 13:30:02,62,18248f005b7493422ea25abcce7179b6d01446ebce2f14824bfbdbbe7f402bb9
2024-09-30 13:30:02,62,18248f005b7493422ea25abcce7179b6d01446ebce2f14824bfbdbbe7f402bb9
2024-09-30 13:30:06,62,18248f005b7493422ea25abcce7179b6d01446ebce2f14824bfbdbbe7f402bb9
2024-09-30 13:30:06,62,18248f005b7493422ea25abcce7179b6d01446ebce2f14824bfbdbbe7f402bb9
2024-09-30 13:30:06,62,18248f005b7493422ea25abcce7179b6d01446ebce2f14824bfbdbbe7f402bb9
2024-09-30 13:30:06,62,18248f005b7493422ea25abcce7179b6d01446ebce2f14824bfbdbbe7f402bb9
2024-09-30 13:30:06,62,18248f005b7493422ea25abcce7179b6d01446ebce2f14824bfbdbbe7f402bb9
2024-09-30 13:30:06,62,18248f005b7493422ea25abcce7179b6d01446ebce2f14824bfbdbbe7f402bb9
2024-09-30 13:30:07,62,18248f005b7493422ea25abcce7179b6d01446ebce2f14824bfbdbbe7f402bb9
2024-09-30 13:30:13,62,18248f005b7493422ea25abcce7179b6d01446ebce2f14824bfbdbbe7f402bb9
2024-09-30 13:30:22,62,01fbae127e8db09da74812bde292eb77d2a68a7897a5571bb7c33ad12264102a
2024-09-30 13:30:22,62,01fbae127e8db09da74812bde292eb77d2a68a7897a5571bb7c33ad12264102a
2024-09-30 13:30:23,62,01fbae127e8db09da74812bde292eb77d2a68a7897a5571bb7c33ad12264102a
2024-09-30 13:30:23,62,01fbae127e8db09da74812bde292eb77d2a68a7897a5571bb7c33ad12264102a
2024-09-30 13:30:23,62,01fbae127e8db09da74812bde292eb77d2a68a7897a5571bb7c33ad12264102a
2024-09-30 13:30:23,62,01fbae127e8db09da74812bde292eb77d2a68a7897a5571bb7c33ad12264102a
2024-09-30 13:30:25,62,01fbae127e8db09da74812bde292eb77d2a68a7897a5571bb7c33ad12264102a
2024-09-30 13:30:25,62,01fbae127e8db09da74812bde292eb77d2a68a7897a5571bb7c33ad12264102a
2024-09-30 13:30:25,62,01fbae127e8db09da74812bde292eb77d2a68a7897a5571bb7c33ad12264102a
2024-09-30 13:30:25,62,01fbae127e8db09da74812bde292eb77d2a68a7897a5571bb7c33ad12264102a
2024-09-30 13:30:25,62,01fbae127e8db09da74812bde292eb77d2a68a7897a5571bb7c33ad12264102a
2024-09-30 13:30:29,62,18248f005b7493422ea25abcce7179b6d01446ebce2f14824bfbdbbe7f402bb9
2024-09-30 13:30:29,62,18248f005b7493422ea25abcce7179b6d01446ebce2f14824bfbdbbe7f402bb9
2024-09-30 13:30:29,62,18248f005b7493422ea25abcce7179b6d01446ebce2f14824bfbdbbe7f402bb9
2024-09-30 13:30:29,62,18248f005b7493422ea25abcce7179b6d01446ebce2f14824bfbdbbe7f402bb9
2024-09-30 13:30:37,62,18248f005b7493422ea25abcce7179b6d01446ebce2f14824bfbdbbe7f402bb9
2024-09-30 13:30:43,62,18248f005b7493422ea25abcce7179b6d01446ebce2f14824bfbdbbe7f402bb9
2024-09-30 13:30:44,62,18248f005b7493422ea25abcce7179b6d01446ebce2f14824bfbdbbe7f402bb9
2024-09-30 13:30:44,62,18248f005b7493422ea25abcce7179b6d01446ebce2f14824bfbdbbe7f402bb9
2024-09-30 13:30:52,62,18248f005b7493422ea25abcce7179b6d01446ebce2f14824bfbdbbe7f402bb9
2024-09-30 13:30:55,62,01fbae127e8db09da74812bde292eb77d2a68a7897a5571bb7c33ad12264102a
2024-09-30 13:30:55,62,01fbae127e8db09da74812bde292eb77d2a68a7897a5571bb7c33ad12264102a
2024-09-30 13:30:55,62,01fbae127e8db09da74812bde292eb77d2a68a7897a5571bb7c33ad12264102a
2024-09-30 13:30:55,62,01fbae127e8db09da74812bde292eb77d2a68a7897a5571bb7c33ad12264102a
2024-09-30 13:30:55,62,01fbae127e8db09da74812bde292eb77d2a68a7897a5571bb7c33ad12264102a
2024-09-30 13:30:55,62,01fbae127e8db09da74812bde292eb77d2a68a7897a5571bb7c33ad12264102a
2024-09-30 13:30:58,62,18248f005b7493422ea25abcce7179b6d01446ebce2f14824bfbdbbe7f402bb9
2024-09-30 13:30:58,62,18248f005b7493422ea25abcce7179b6d01446ebce2f14824bfbdbbe7f402bb9
2024-09-30 13:31:04,62,18248f005b7493422ea25abcce7179b6d01446ebce2f14824bfbdbbe7f402bb9
2024-09-30 13:31:04,62,18248f005b7493422ea25abcce7179b6d01446ebce2f14824bfbdbbe7f402bb9
2024-09-30 13:31:08,62,18248f005b7493422ea25abcce7179b6d01446ebce2f14824bfbdbbe7f402bb9
2024-09-30 13:31:10,62,18248f005b7493422ea25abcce7179b6d01446ebce2f14824bfbdbbe7f402bb9
2024-09-30 13:31:10,62,18248f005b7493422ea25abcce7179b6d01446ebce2f14824bfbdbbe7f402bb9
2024-09-30 13:31:10,62,18248f005b7493422ea25abcce7179b6d01446ebce2f14824bfbdbbe7f402bb9
2024-09-30 13:31:10,62,18248f005b7493422ea25abcce7179b6d01446ebce2f14824bfbdbbe7f402bb9
2024-09-30 13:31:10,62,18248f005b7493422ea25abcce7179b6d01446ebce2f14824bfbdbbe7f402bb9
2024-09-30 13:31:14,62,18248f005b7493422ea25abcce7179b6d01446ebce2f14824bfbdbbe7f402bb9
2024-09-30 13:31:14,62,18248f005b7493422ea25abcce7179b6d01446ebce2f14824bfbdbbe7f402bb9
2024-09-30 13:31:14,62,18248f005b7493422ea25abcce7179b6d01446ebce2f14824bfbdbbe7f402bb9
2024-09-30 13:31:14,62,18248f005b7493422ea25abcce7179b6d01446ebce2f14824bfbdbbe7f402bb9
2024-09-30 13:31:14,62,18248f005b7493422ea25abcce7179b6d01446ebce2f14824bfbdbbe7f402bb9
2024-09-30 13:31:14,62,18248f005b7493422ea25abcce7179b6d01446ebce2f14824bfbdbbe7f402bb9
2024-09-30 13:31:14,62,18248f005b7493422ea25abcce7179b6d01446ebce2f14824bfbdbbe7f402bb9
2024-09-30 13:31:15,62,18248f005b7493422ea25abcce7179b6d01446ebce2f14824bfbdbbe7f402bb9
2024-09-30 13:31:15,62,18248f005b7493422ea25abcce7179b6d01446ebce2f14824bfbdbbe7f402bb9
2024-09-30 13:31:16,62,18248f005b7493422ea25abcce7179b6d01446ebce2f14824bfbdbbe7f402bb9
2024-09-30 13:31:17,62,f214df8686dde5873f6737cdf93909d29f9b61e55a05fd900714072e85e7e2d9
2024-09-30 13:31:23,62,18248f005b7493422ea25abcce7179b6d01446ebce2f14824bfbdbbe7f402bb9
2024-09-30 13:31:23,62,18248f005b7493422ea25abcce7179b6d01446ebce2f14824bfbdbbe7f402bb9
2024-09-30 13:31:23,62,18248f005b7493422ea25abcce7179b6d01446ebce2f14824bfbdbbe7f402bb9
2024-09-30 13:31:23,62,18248f005b7493422ea25abcce7179b6d01446ebce2f14824bfbdbbe7f402bb9
2024-09-30 13:31:23,62,18248f005b7493422ea25abcce7179b6d01446ebce2f14824bfbdbbe7f402bb9
2024-09-30 13:31:23,62,18248f005b7493422ea25abcce7179b6d01446ebce2f14824bfbdbbe7f402bb9
2024-09-30 13:31:24,62,18248f005b7493422ea25abcce7179b6d01446ebce2f14824bfbdbbe7f402bb9
2024-09-30 13:31:24,62,18248f005b7493422ea25abcce7179b6d01446ebce2f14824bfbdbbe7f402bb9
2024-09-30 13:31:24,62,18248f005b7493422ea25abcce7179b6d01446ebce2f14824bfbdbbe7f402bb9
2024-09-30 13:31:24,62,18248f005b7493422ea25abcce7179b6d01446ebce2f14824bfbdbbe7f402bb9
2024-09-30 13:31:24,62,18248f005b7493422ea25abcce7179b6d01446ebce2f14824bfbdbbe7f402bb9
2024-09-30 13:31:24,62,18248f005b7493422ea25abcce7179b6d01446ebce2f14824bfbdbbe7f402bb9
2024-09-30 13:31:25,62,18248f005b7493422ea25abcce7179b6d01446ebce2f14824bfbdbbe7f402bb9
2024-09-30 13:31:25,62,18248f005b7493422ea25abcce7179b6d01446ebce2f14824bfbdbbe7f402bb9
2024-09-30 13:31:25,62,18248f005b7493422ea25abcce7179b6d01446ebce2f14824bfbdbbe7f402bb9
2024-09-30 13:31:25,62,18248f005b7493422ea25abcce7179b6d01446ebce2f14824bfbdbbe7f402bb9
2024-09-30 13:31:26,62,18248f005b7493422ea25abcce7179b6d01446ebce2f14824bfbdbbe7f402bb9
2024-09-30 13:31:26,62,18248f005b7493422ea25abcce7179b6d01446ebce2f14824bfbdbbe7f402bb9
2024-09-30 13:31:35,62,18248f005b7493422ea25abcce7179b6d01446ebce2f14824bfbdbbe7f402bb9
2024-09-30 13:31:43,62,18248f005b7493422ea25abcce7179b6d01446ebce2f14824bfbdbbe7f402bb9
2024-09-30 13:31:43,62,18248f005b7493422ea25abcce7179b6d01446ebce2f14824bfbdbbe7f402bb9
2024-09-30 13:31:44,62,18248f005b7493422ea25abcce7179b6d01446ebce2f14824bfbdbbe7f402bb9
2024-09-30 13:31:44,62,18248f005b7493422ea25abcce7179b6d01446ebce2f14824bfbdbbe7f402bb9
2024-09-30 13:31:46,62,18248f005b7493422ea25abcce7179b6d01446ebce2f14824bfbdbbe7f402bb9
2024-09-30 13:31:54,62,18248f005b7493422ea25abcce7179b6d01446ebce2f14824bfbdbbe7f402bb9
2024-09-30 13:31:57,62,18248f005b7493422ea25abcce7179b6d01446ebce2f14824bfbdbbe7f402bb9
2024-09-30 13:31:57,62,18248f005b7493422ea25abcce7179b6d01446ebce2f14824bfbdbbe7f402bb9
2024-09-30 13:31:58,62,18248f005b7493422ea25abcce7179b6d01446ebce2f14824bfbdbbe7f402bb9
2024-09-30 13:31:58,62,18248f005b7493422ea25abcce7179b6d01446ebce2f14824bfbdbbe7f402bb9
2024-09-30 13:31:58,62,18248f005b7493422ea25abcce7179b6d01446ebce2f14824bfbdbbe7f402bb9
2024-09-30 13:31:58,62,18248f005b7493422ea25abcce7179b6d01446ebce2f14824bfbdbbe7f402bb9
2024-09-30 13:32:06,62,18248f005b7493422ea25abcce7179b6d01446ebce2f14824bfbdbbe7f402bb9
2024-09-30 13:32:06,62,18248f005b7493422ea25abcce7179b6d01446ebce2f14824bfbdbbe7f402bb9
2024-09-30 13:32:06,62,18248f005b7493422ea25abcce7179b6d01446ebce2f14824bfbdbbe7f402bb9
2024-09-30 13:32:06,62,18248f005b7493422ea25abcce7179b6d01446ebce2f14824bfbdbbe7f402bb9
2024-09-30 13:32:09,62,18248f005b7493422ea25abcce7179b6d01446ebce2f14824bfbdbbe7f402bb9
2024-09-30 13:32:10,62,18248f005b7493422ea25abcce7179b6d01446ebce2f14824bfbdbbe7f402bb9
2024-09-30 13:32:10,62,18248f005b7493422ea25abcce7179b6d01446ebce2f14824bfbdbbe7f402bb9
2024-09-30 13:32:10,62,18248f005b7493422ea25abcce7179b6d01446ebce2f14824bfbdbbe7f402bb9
2024-09-30 13:32:13,62,18248f005b7493422ea25abcce7179b6d01446ebce2f14824bfbdbbe7f402bb9
2024-09-30 13:32:13,62,18248f005b7493422ea25abcce7179b6d01446ebce2f14824bfbdbbe7f402bb9
2024-09-30 13:32:14,62,18248f005b7493422ea25abcce7179b6d01446ebce2f14824bfbdbbe7f402bb9
2024-09-30 13:32:14,62,18248f005b7493422ea25abcce7179b6d01446ebce2f14824bfbdbbe7f402bb9
2024-09-30 13:32:14,62,18248f005b7493422ea25abcce7179b6d01446ebce2f14824bfbdbbe7f402bb9
2024-09-30 13:32:16,62,01fbae127e8db09da74812bde292eb77d2a68a7897a5571bb7c33ad12264102a
2024-09-30 13:32:16,62,01fbae127e8db09da74812bde292eb77d2a68a7897a5571bb7c33ad12264102a
2024-09-30 13:32:16,62,01fbae127e8db09da74812bde292eb77d2a68a7897a5571bb7c33ad12264102a
2024-09-30 13:32:16,62,18248f005b7493422ea25abcce7179b6d01446ebce2f14824bfbdbbe7f402bb9
2024-09-30 13:32:16,62,18248f005b7493422ea25abcce7179b6d01446ebce2f14824bfbdbbe7f402bb9
2024-09-30 13:32:16,62,18248f005b7493422ea25abcce7179b6d01446ebce2f14824bfbdbbe7f402bb9
2024-09-30 13:32:16,62,18248f005b7493422ea25abcce7179b6d01446ebce2f14824bfbdbbe7f402bb9
2024-09-30 13:32:20,62,18248f005b7493422ea25abcce7179b6d01446ebce2f14824bfbdbbe7f402bb9
2024-09-30 13:32:21,62,18248f005b7493422ea25abcce7179b6d01446ebce2f14824bfbdbbe7f402bb9
2024-09-30 13:32:21,62,18248f005b7493422ea25abcce7179b6d01446ebce2f14824bfbdbbe7f402bb9
2024-09-30 13:32:22,62,18248f005b7493422ea25abcce7179b6d01446ebce2f14824bfbdbbe7f402bb9
2024-09-30 13:32:25,62,18248f005b7493422ea25abcce7179b6d01446ebce2f14824bfbdbbe7f402bb9
2024-09-30 13:32:34,62,18248f005b7493422ea25abcce7179b6d01446ebce2f14824bfbdbbe7f402bb9
2024-09-30 13:32:34,62,18248f005b7493422ea25abcce7179b6d01446ebce2f14824bfbdbbe7f402bb9
2024-09-30 13:32:39,62,18248f005b7493422ea25abcce7179b6d01446ebce2f14824bfbdbbe7f402bb9
2024-09-30 13:32:42,62,18248f005b7493422ea25abcce7179b6d01446ebce2f14824bfbdbbe7f402bb9
2024-09-30 13:32:42,62,18248f005b7493422ea25abcce7179b6d01446ebce2f14824bfbdbbe7f402bb9
2024-09-30 13:32:43,62,18248f005b7493422ea25abcce7179b6d01446ebce2f14824bfbdbbe7f402bb9
2024-09-30 13:32:43,62,18248f005b7493422ea25abcce7179b6d01446ebce2f14824bfbdbbe7f402bb9
2024-09-30 13:32:46,62,01fbae127e8db09da74812bde292eb77d2a68a7897a5571bb7c33ad12264102a
2024-09-30 13:32:46,62,01fbae127e8db09da74812bde292eb77d2a68a7897a5571bb7c33ad12264102a
2024-09-30 13:32:46,62,01fbae127e8db09da74812bde292eb77d2a68a7897a5571bb7c33ad12264102a
2024-09-30 13:32:47,62,01fbae127e8db09da74812bde292eb77d2a68a7897a5571bb7c33ad12264102a
2024-09-30 13:32:51,62,18248f005b7493422ea25abcce7179b6d01446ebce2f14824bfbdbbe7f402bb9
2024-09-30 13:32:52,62,18248f005b7493422ea25abcce7179b6d01446ebce2f14824bfbdbbe7f402bb9
2024-09-30 13:32:55,62,01fbae127e8db09da74812bde292eb77d2a68a7897a5571bb7c33ad12264102a
2024-09-30 13:32:56,62,01fbae127e8db09da74812bde292eb77d2a68a7897a5571bb7c33ad12264102a
2024-09-30 13:32:56,62,01fbae127e8db09da74812bde292eb77d2a68a7897a5571bb7c33ad12264102a
2024-09-30 13:32:56,62,18248f005b7493422ea25abcce7179b6d01446ebce2f14824bfbdbbe7f402bb9
2024-09-30 13:32:56,62,18248f005b7493422ea25abcce7179b6d01446ebce2f14824bfbdbbe7f402bb9
2024-09-30 13:32:58,62,18248f005b7493422ea25abcce7179b6d01446ebce2f14824bfbdbbe7f402bb9
2024-09-30 13:32:59,62,18248f005b7493422ea25abcce7179b6d01446ebce2f14824bfbdbbe7f402bb9
2024-09-30 13:32:59,62,18248f005b7493422ea25abcce7179b6d01446ebce2f14824bfbdbbe7f402bb9
2024-09-30 13:32:59,62,18248f005b7493422ea25abcce7179b6d01446ebce2f14824bfbdbbe7f402bb9
2024-09-30 13:33:00,62,18248f005b7493422ea25abcce7179b6d01446ebce2f14824bfbdbbe7f402bb9
2024-09-30 13:33:00,62,18248f005b7493422ea25abcce7179b6d01446ebce2f14824bfbdbbe7f402bb9
2024-09-30 13:33:00,62,ac6bdf2d5686dae420b8fa528fcc9b72514a3cbbdca201fadac306c2091d9b0c
2024-09-30 13:33:05,62,01fbae127e8db09da74812bde292eb77d2a68a7897a5571bb7c33ad12264102a
2024-09-30 13:33:05,62,01fbae127e8db09da74812bde292eb77d2a68a7897a5571bb7c33ad12264102a
2024-09-30 13:33:06,62,18248f005b7493422ea25abcce7179b6d01446ebce2f14824bfbdbbe7f402bb9
2024-09-30 13:33:06,62,18248f005b7493422ea25abcce7179b6d01446ebce2f14824bfbdbbe7f402bb9
2024-09-30 13:33:07,62,18248f005b7493422ea25abcce7179b6d01446ebce2f14824bfbdbbe7f402bb9
2024-09-30 13:33:07,62,18248f005b7493422ea25abcce7179b6d01446ebce2f14824bfbdbbe7f402bb9
2024-09-30 13:33:10,62,18248f005b7493422ea25abcce7179b6d01446ebce2f14824bfbdbbe7f402bb9
2024-09-30 13:33:10,62,18248f005b7493422ea25abcce7179b6d01446ebce2f14824bfbdbbe7f402bb9
2024-09-30 13:33:10,62,18248f005b7493422ea25abcce7179b6d01446ebce2f14824bfbdbbe7f402bb9
2024-09-30 13:33:10,62,18248f005b7493422ea25abcce7179b6d01446ebce2f14824bfbdbbe7f402bb9
2024-09-30 13:33:10,62,18248f005b7493422ea25abcce7179b6d01446ebce2f14824bfbdbbe7f402bb9
2024-09-30 13:33:11,62,18248f005b7493422ea25abcce7179b6d01446ebce2f14824bfbdbbe7f402bb9
2024-09-30 13:33:11,62,18248f005b7493422ea25abcce7179b6d01446ebce2f14824bfbdbbe7f402bb9
2024-09-30 13:33:11,62,18248f005b7493422ea25abcce7179b6d01446ebce2f14824bfbdbbe7f402bb9
2024-09-30 13:33:11,62,18248f005b7493422ea25abcce7179b6d01446ebce2f14824bfbdbbe7f402bb9
2024-09-30 13:33:11,62,18248f005b7493422ea25abcce7179b6d01446ebce2f14824bfbdbbe7f402bb9
2024-09-30 13:33:14,62,18248f005b7493422ea25abcce7179b6d01446ebce2f14824bfbdbbe7f402bb9
2024-09-30 13:33:15,62,18248f005b7493422ea25abcce7179b6d01446ebce2f14824bfbdbbe7f402bb9
2024-09-30 13:33:15,62,18248f005b7493422ea25abcce7179b6d01446ebce2f14824bfbdbbe7f402bb9
2024-09-30 13:33:15,62,18248f005b7493422ea25abcce7179b6d01446ebce2f14824bfbdbbe7f402bb9
2024-09-30 13:33:16,62,18248f005b7493422ea25abcce7179b6d01446ebce2f14824bfbdbbe7f402bb9
2024-09-30 13:33:17,62,18248f005b7493422ea25abcce7179b6d01446ebce2f14824bfbdbbe7f402bb9
2024-09-30 13:33:17,62,18248f005b7493422ea25abcce7179b6d01446ebce2f14824bfbdbbe7f402bb9
2024-09-30 13:33:20,62,18248f005b7493422ea25abcce7179b6d01446ebce2f14824bfbdbbe7f402bb9
2024-09-30 13:33:22,62,18248f005b7493422ea25abcce7179b6d01446ebce2f14824bfbdbbe7f402bb9
2024-09-30 13:33:22,62,18248f005b7493422ea25abcce7179b6d01446ebce2f14824bfbdbbe7f402bb9
2024-09-30 13:33:28,62,18248f005b7493422ea25abcce7179b6d01446ebce2f14824bfbdbbe7f402bb9
2024-09-30 13:33:29,62,18248f005b7493422ea25abcce7179b6d01446ebce2f14824bfbdbbe7f402bb9
2024-09-30 13:33:35,62,18248f005b7493422ea25abcce7179b6d01446ebce2f14824bfbdbbe7f402bb9
2024-09-30 13:33:36,62,18248f005b7493422ea25abcce7179b6d01446ebce2f14824bfbdbbe7f402bb9
2024-09-30 13:33:38,62,18248f005b7493422ea25abcce7179b6d01446ebce2f14824bfbdbbe7f402bb9
2024-09-30 13:33:54,62,18248f005b7493422ea25abcce7179b6d01446ebce2f14824bfbdbbe7f402bb9
2024-09-30 13:33:54,62,18248f005b7493422ea25abcce7179b6d01446ebce2f14824bfbdbbe7f402bb9
2024-09-30 13:33:54,62,18248f005b7493422ea25abcce7179b6d01446ebce2f14824bfbdbbe7f402bb9
2024-09-30 13:33:55,62,18248f005b7493422ea25abcce7179b6d01446ebce2f14824bfbdbbe7f402bb9
2024-09-30 13:33:55,62,18248f005b7493422ea25abcce7179b6d01446ebce2f14824bfbdbbe7f402bb9
2024-09-30 13:33:55,62,18248f005b7493422ea25abcce7179b6d01446ebce2f14824bfbdbbe7f402bb9
2024-09-30 13:33:56,62,18248f005b7493422ea25abcce7179b6d01446ebce2f14824bfbdbbe7f402bb9
2024-09-30 13:33:56,62,18248f005b7493422ea25abcce7179b6d01446ebce2f14824bfbdbbe7f402bb9
2024-09-30 13:33:56,62,01fbae127e8db09da74812bde292eb77d2a68a7897a5571bb7c33ad12264102a
2024-09-30 13:33:56,62,01fbae127e8db09da74812bde292eb77d2a68a7897a5571bb7c33ad12264102a
2024-09-30 13:33:56,62,01fbae127e8db09da74812bde292eb77d2a68a7897a5571bb7c33ad12264102a
2024-09-30 13:33:56,62,01fbae127e8db09da74812bde292eb77d2a68a7897a5571bb7c33ad12264102a
2024-09-30 13:33:56,62,01fbae127e8db09da74812bde292eb77d2a68a7897a5571bb7c33ad12264102a
2024-09-30 13:33:57,62,01fbae127e8db09da74812bde292eb77d2a68a7897a5571bb7c33ad12264102a
2024-09-30 13:33:57,62,01fbae127e8db09da74812bde292eb77d2a68a7897a5571bb7c33ad12264102a
2024-09-30 13:33:57,62,f214df8686dde5873f6737cdf93909d29f9b61e55a05fd900714072e85e7e2d9
2024-09-30 13:33:57,62,f214df8686dde5873f6737cdf93909d29f9b61e55a05fd900714072e85e7e2d9
2024-09-30 13:33:57,62,f214df8686dde5873f6737cdf93909d29f9b61e55a05fd900714072e85e7e2d9
2024-09-30 13:33:57,62,18248f005b7493422ea25abcce7179b6d01446ebce2f14824bfbdbbe7f402bb9
2024-09-30 13:33:57,62,18248f005b7493422ea25abcce7179b6d01446ebce2f14824bfbdbbe7f402bb9
2024-09-30 13:33:57,62,18248f005b7493422ea25abcce7179b6d01446ebce2f14824bfbdbbe7f402bb9
2024-09-30 13:33:58,62,18248f005b7493422ea25abcce7179b6d01446ebce2f14824bfbdbbe7f402bb9
2024-09-30 13:33:58,62,18248f005b7493422ea25abcce7179b6d01446ebce2f14824bfbdbbe7f402bb9
2024-09-30 13:33:59,62,18248f005b7493422ea25abcce7179b6d01446ebce2f14824bfbdbbe7f402bb9
2024-09-30 13:33:59,62,18248f005b7493422ea25abcce7179b6d01446ebce2f14824bfbdbbe7f402bb9
2024-09-30 13:34:08,62,01fbae127e8db09da74812bde292eb77d2a68a7897a5571bb7c33ad12264102a
2024-09-30 13:34:10,62,18248f005b7493422ea25abcce7179b6d01446ebce2f14824bfbdbbe7f402bb9
2024-09-30 13:34:10,62,18248f005b7493422ea25abcce7179b6d01446ebce2f14824bfbdbbe7f402bb9
2024-09-30 13:34:10,62,18248f005b7493422ea25abcce7179b6d01446ebce2f14824bfbdbbe7f402bb9
2024-09-30 13:34:10,62,18248f005b7493422ea25abcce7179b6d01446ebce2f14824bfbdbbe7f402bb9
2024-09-30 13:34:10,62,18248f005b7493422ea25abcce7179b6d01446ebce2f14824bfbdbbe7f402bb9
2024-09-30 13:34:10,62,18248f005b7493422ea25abcce7179b6d01446ebce2f14824bfbdbbe7f402bb9
2024-09-30 13:34:10,62,18248f005b7493422ea25abcce7179b6d01446ebce2f14824bfbdbbe7f402bb9
2024-09-30 13:34:19,62,a68467b42cffcbb7fbae081a623443ef4bd3760bab34f23ab270b79384072bc6
2024-09-30 13:34:22,62,18248f005b7493422ea25abcce7179b6d01446ebce2f14824bfbdbbe7f402bb9
2024-09-30 13:34:24,62,18248f005b7493422ea25abcce7179b6d01446ebce2f14824bfbdbbe7f402bb9
2024-09-30 13:34:25,62,18248f005b7493422ea25abcce7179b6d01446ebce2f14824bfbdbbe7f402bb9
2024-09-30 13:34:25,62,18248f005b7493422ea25abcce7179b6d01446ebce2f14824bfbdbbe7f402bb9
2024-09-30 13:34:25,62,a68467b42cffcbb7fbae081a623443ef4bd3760bab34f23ab270b79384072bc6
2024-09-30 13:34:25,62,a68467b42cffcbb7fbae081a623443ef4bd3760bab34f23ab270b79384072bc6
2024-09-30 13:34:25,62,a68467b42cffcbb7fbae081a623443ef4bd3760bab34f23ab270b79384072bc6
2024-09-30 13:34:25,62,a68467b42cffcbb7fbae081a623443ef4bd3760bab34f23ab270b79384072bc6
2024-09-30 13:34:27,62,18248f005b7493422ea25abcce7179b6d01446ebce2f14824bfbdbbe7f402bb9
2024-09-30 13:34:30,62,01fbae127e8db09da74812bde292eb77d2a68a7897a5571bb7c33ad12264102a
2024-09-30 13:34:31,62,01fbae127e8db09da74812bde292eb77d2a68a7897a5571bb7c33ad12264102a
2024-09-30 13:34:37,62,18248f005b7493422ea25abcce7179b6d01446ebce2f14824bfbdbbe7f402bb9
2024-09-30 13:34:38,62,a68467b42cffcbb7fbae081a623443ef4bd3760bab34f23ab270b79384072bc6
2024-09-30 13:34:38,62,a68467b42cffcbb7fbae081a623443ef4bd3760bab34f23ab270b79384072bc6
2024-09-30 13:34:40,62,01fbae127e8db09da74812bde292eb77d2a68a7897a5571bb7c33ad12264102a
2024-09-30 13:34:40,62,01fbae127e8db09da74812bde292eb77d2a68a7897a5571bb7c33ad12264102a
2024-09-30 13:34:44,62,a68467b42cffcbb7fbae081a623443ef4bd3760bab34f23ab270b79384072bc6
2024-09-30 13:34:44,62,a68467b42cffcbb7fbae081a623443ef4bd3760bab34f23ab270b79384072bc6
2024-09-30 13:34:44,62,01fbae127e8db09da74812bde292eb77d2a68a7897a5571bb7c33ad12264102a
2024-09-30 13:34:44,62,01fbae127e8db09da74812bde292eb77d2a68a7897a5571bb7c33ad12264102a
2024-09-30 13:34:45,62,01fbae127e8db09da74812bde292eb77d2a68a7897a5571bb7c33ad12264102a
2024-09-30 13:34:50,62,18248f005b7493422ea25abcce7179b6d01446ebce2f14824bfbdbbe7f402bb9
2024-09-30 13:34:52,62,01fbae127e8db09da74812bde292eb77d2a68a7897a5571bb7c33ad12264102a
2024-09-30 13:34:52,62,01fbae127e8db09da74812bde292eb77d2a68a7897a5571bb7c33ad12264102a
2024-09-30 13:34:52,62,01fbae127e8db09da74812bde292eb77d2a68a7897a5571bb7c33ad12264102a
2024-09-30 13:34:52,62,01fbae127e8db09da74812bde292eb77d2a68a7897a5571bb7c33ad12264102a
2024-09-30 13:34:52,62,01fbae127e8db09da74812bde292eb77d2a68a7897a5571bb7c33ad12264102a
2024-09-30 13:34:57,62,18248f005b7493422ea25abcce7179b6d01446ebce2f14824bfbdbbe7f402bb9
2024-09-30 13:35:04,62,18248f005b7493422ea25abcce7179b6d01446ebce2f14824bfbdbbe7f402bb9
2024-09-30 13:35:04,62,18248f005b7493422ea25abcce7179b6d01446ebce2f14824bfbdbbe7f402bb9
2024-09-30 13:35:04,62,18248f005b7493422ea25abcce7179b6d01446ebce2f14824bfbdbbe7f402bb9
2024-09-30 13:35:07,62,18248f005b7493422ea25abcce7179b6d01446ebce2f14824bfbdbbe7f402bb9
2024-09-30 13:35:07,62,18248f005b7493422ea25abcce7179b6d01446ebce2f14824bfbdbbe7f402bb9
2024-09-30 13:35:07,62,18248f005b7493422ea25abcce7179b6d01446ebce2f14824bfbdbbe7f402bb9
2024-09-30 13:35:07,62,18248f005b7493422ea25abcce7179b6d01446ebce2f14824bfbdbbe7f402bb9
2024-09-30 13:35:07,62,18248f005b7493422ea25abcce7179b6d01446ebce2f14824bfbdbbe7f402bb9
2024-09-30 13:35:07,62,18248f005b7493422ea25abcce7179b6d01446ebce2f14824bfbdbbe7f402bb9
2024-09-30 13:35:10,62,18248f005b7493422ea25abcce7179b6d01446ebce2f14824bfbdbbe7f402bb9
2024-09-30 13:35:10,62,18248f005b7493422ea25abcce7179b6d01446ebce2f14824bfbdbbe7f402bb9
2024-09-30 13:35:10,62,18248f005b7493422ea25abcce7179b6d01446ebce2f14824bfbdbbe7f402bb9
2024-09-30 13:35:11,62,18248f005b7493422ea25abcce7179b6d01446ebce2f14824bfbdbbe7f402bb9
2024-09-30 13:35:11,62,18248f005b7493422ea25abcce7179b6d01446ebce2f14824bfbdbbe7f402bb9
2024-09-30 13:35:12,62,01fbae127e8db09da74812bde292eb77d2a68a7897a5571bb7c33ad12264102a
2024-09-30 13:35:12,62,01fbae127e8db09da74812bde292eb77d2a68a7897a5571bb7c33ad12264102a
2024-09-30 13:35:12,62,01fbae127e8db09da74812bde292eb77d2a68a7897a5571bb7c33ad12264102a
2024-09-30 13:35:16,62,584fadc5481423104c26d11f7df9e9a427b3f316657647a1d8514982e6f86329
2024-09-30 13:35:16,62,584fadc5481423104c26d11f7df9e9a427b3f316657647a1d8514982e6f86329
2024-09-30 13:35:17,62,584fadc5481423104c26d11f7df9e9a427b3f316657647a1d8514982e6f86329
2024-09-30 13:35:17,62,584fadc5481423104c26d11f7df9e9a427b3f316657647a1d8514982e6f86329
2024-09-30 13:35:17,62,a68467b42cffcbb7fbae081a623443ef4bd3760bab34f23ab270b79384072bc6
2024-09-30 13:35:17,62,a68467b42cffcbb7fbae081a623443ef4bd3760bab34f23ab270b79384072bc6
2024-09-30 13:35:17,62,a68467b42cffcbb7fbae081a623443ef4bd3760bab34f23ab270b79384072bc6
2024-09-30 13:35:19,62,18248f005b7493422ea25abcce7179b6d01446ebce2f14824bfbdbbe7f402bb9
2024-09-30 13:35:19,62,18248f005b7493422ea25abcce7179b6d01446ebce2f14824bfbdbbe7f402bb9
2024-09-30 13:35:19,62,18248f005b7493422ea25abcce7179b6d01446ebce2f14824bfbdbbe7f402bb9
2024-09-30 13:35:19,62,18248f005b7493422ea25abcce7179b6d01446ebce2f14824bfbdbbe7f402bb9
2024-09-30 13:35:19,62,18248f005b7493422ea25abcce7179b6d01446ebce2f14824bfbdbbe7f402bb9
2024-09-30 13:35:19,62,18248f005b7493422ea25abcce7179b6d01446ebce2f14824bfbdbbe7f402bb9
2024-09-30 13:35:19,62,18248f005b7493422ea25abcce7179b6d01446ebce2f14824bfbdbbe7f402bb9
2024-09-30 13:35:19,62,18248f005b7493422ea25abcce7179b6d01446ebce2f14824bfbdbbe7f402bb9
2024-09-30 13:35:20,62,18248f005b7493422ea25abcce7179b6d01446ebce2f14824bfbdbbe7f402bb9
2024-09-30 13:35:20,62,18248f005b7493422ea25abcce7179b6d01446ebce2f14824bfbdbbe7f402bb9
2024-09-30 13:35:21,62,ae9edac7327f00442b78b86c5ce0d6502af1098aafb4312f93a224f836513400
2024-09-30 13:35:22,62,01fbae127e8db09da74812bde292eb77d2a68a7897a5571bb7c33ad12264102a
2024-09-30 13:35:22,62,01fbae127e8db09da74812bde292eb77d2a68a7897a5571bb7c33ad12264102a
2024-09-30 13:35:23,62,01fbae127e8db09da74812bde292eb77d2a68a7897a5571bb7c33ad12264102a
2024-09-30 13:35:23,62,01fbae127e8db09da74812bde292eb77d2a68a7897a5571bb7c33ad12264102a
2024-09-30 13:35:23,62,01fbae127e8db09da74812bde292eb77d2a68a7897a5571bb7c33ad12264102a
2024-09-30 13:35:23,62,a68467b42cffcbb7fbae081a623443ef4bd3760bab34f23ab270b79384072bc6
2024-09-30 13:35:23,62,a68467b42cffcbb7fbae081a623443ef4bd3760bab34f23ab270b79384072bc6
2024-09-30 13:35:23,62,a68467b42cffcbb7fbae081a623443ef4bd3760bab34f23ab270b79384072bc6
2024-09-30 13:35:29,62,a68467b42cffcbb7fbae081a623443ef4bd3760bab34f23ab270b79384072bc6
2024-09-30 13:35:29,62,a68467b42cffcbb7fbae081a623443ef4bd3760bab34f23ab270b79384072bc6
2024-09-30 13:35:30,62,a68467b42cffcbb7fbae081a623443ef4bd3760bab34f23ab270b79384072bc6
2024-09-30 13:35:30,62,a68467b42cffcbb7fbae081a623443ef4bd3760bab34f23ab270b79384072bc6
2024-09-30 13:35:30,62,a68467b42cffcbb7fbae081a623443ef4bd3760bab34f23ab270b79384072bc6
2024-09-30 13:35:36,62,a68467b42cffcbb7fbae081a623443ef4bd3760bab34f23ab270b79384072bc6
2024-09-30 13:35:36,62,a68467b42cffcbb7fbae081a623443ef4bd3760bab34f23ab270b79384072bc6
2024-09-30 13:35:36,62,a68467b42cffcbb7fbae081a623443ef4bd3760bab34f23ab270b79384072bc6
2024-09-30 13:35:42,62,18248f005b7493422ea25abcce7179b6d01446ebce2f14824bfbdbbe7f402bb9
2024-09-30 13:35:42,62,18248f005b7493422ea25abcce7179b6d01446ebce2f14824bfbdbbe7f402bb9
2024-09-30 13:35:42,62,01fbae127e8db09da74812bde292eb77d2a68a7897a5571bb7c33ad12264102a
2024-09-30 13:35:42,62,01fbae127e8db09da74812bde292eb77d2a68a7897a5571bb7c33ad12264102a
2024-09-30 13:35:43,62,18248f005b7493422ea25abcce7179b6d01446ebce2f14824bfbdbbe7f402bb9
2024-09-30 13:35:43,62,01fbae127e8db09da74812bde292eb77d2a68a7897a5571bb7c33ad12264102a
2024-09-30 13:35:43,62,01fbae127e8db09da74812bde292eb77d2a68a7897a5571bb7c33ad12264102a
2024-09-30 13:35:43,62,18248f005b7493422ea25abcce7179b6d01446ebce2f14824bfbdbbe7f402bb9
2024-09-30 13:35:43,62,18248f005b7493422ea25abcce7179b6d01446ebce2f14824bfbdbbe7f402bb9
2024-09-30 13:35:43,62,18248f005b7493422ea25abcce7179b6d01446ebce2f14824bfbdbbe7f402bb9
2024-09-30 13:35:43,62,18248f005b7493422ea25abcce7179b6d01446ebce2f14824bfbdbbe7f402bb9
2024-09-30 13:35:43,62,18248f005b7493422ea25abcce7179b6d01446ebce2f14824bfbdbbe7f402bb9
2024-09-30 13:35:44,62,18248f005b7493422ea25abcce7179b6d01446ebce2f14824bfbdbbe7f402bb9
2024-09-30 13:35:44,62,18248f005b7493422ea25abcce7179b6d01446ebce2f14824bfbdbbe7f402bb9
2024-09-30 13:35:45,62,18248f005b7493422ea25abcce7179b6d01446ebce2f14824bfbdbbe7f402bb9
2024-09-30 13:35:51,62,18248f005b7493422ea25abcce7179b6d01446ebce2f14824bfbdbbe7f402bb9
2024-09-30 13:35:51,62,a68467b42cffcbb7fbae081a623443ef4bd3760bab34f23ab270b79384072bc6
2024-09-30 13:35:51,62,a68467b42cffcbb7fbae081a623443ef4bd3760bab34f23ab270b79384072bc6
2024-09-30 13:36:00,62,ac6bdf2d5686dae420b8fa528fcc9b72514a3cbbdca201fadac306c2091d9b0c
2024-09-30 13:36:00,62,ac6bdf2d5686dae420b8fa528fcc9b72514a3cbbdca201fadac306c2091d9b0c
2024-09-30 13:36:02,62,18248f005b7493422ea25abcce7179b6d01446ebce2f14824bfbdbbe7f402bb9
2024-09-30 13:36:06,62,18248f005b7493422ea25abcce7179b6d01446ebce2f14824bfbdbbe7f402bb9
2024-09-30 13:36:06,62,18248f005b7493422ea25abcce7179b6d01446ebce2f14824bfbdbbe7f402bb9
2024-09-30 13:36:14,62,18248f005b7493422ea25abcce7179b6d01446ebce2f14824bfbdbbe7f402bb9
2024-09-30 13:36:14,62,18248f005b7493422ea25abcce7179b6d01446ebce2f14824bfbdbbe7f402bb9
2024-09-30 13:36:16,62,18248f005b7493422ea25abcce7179b6d01446ebce2f14824bfbdbbe7f402bb9
2024-09-30 13:36:16,62,01fbae127e8db09da74812bde292eb77d2a68a7897a5571bb7c33ad12264102a
2024-09-30 13:36:16,62,01fbae127e8db09da74812bde292eb77d2a68a7897a5571bb7c33ad12264102a
2024-09-30 13:36:16,62,01fbae127e8db09da74812bde292eb77d2a68a7897a5571bb7c33ad12264102a
2024-09-30 13:36:17,62,18248f005b7493422ea25abcce7179b6d01446ebce2f14824bfbdbbe7f402bb9
2024-09-30 13:36:17,62,18248f005b7493422ea25abcce7179b6d01446ebce2f14824bfbdbbe7f402bb9
2024-09-30 13:36:19,62,18248f005b7493422ea25abcce7179b6d01446ebce2f14824bfbdbbe7f402bb9
2024-09-30 13:36:19,62,18248f005b7493422ea25abcce7179b6d01446ebce2f14824bfbdbbe7f402bb9
2024-09-30 13:36:19,62,18248f005b7493422ea25abcce7179b6d01446ebce2f14824bfbdbbe7f402bb9
2024-09-30 13:36:21,62,18248f005b7493422ea25abcce7179b6d01446ebce2f14824bfbdbbe7f402bb9
2024-09-30 13:36:25,62,01fbae127e8db09da74812bde292eb77d2a68a7897a5571bb7c33ad12264102a
2024-09-30 13:36:25,62,01fbae127e8db09da74812bde292eb77d2a68a7897a5571bb7c33ad12264102a
2024-09-30 13:36:27,62,0da0408cf172cf652980c296e04f6da88b4cd082b95640e05b763cd9c6b21fa6
2024-09-30 13:36:27,62,0da0408cf172cf652980c296e04f6da88b4cd082b95640e05b763cd9c6b21fa6
2024-09-30 13:36:27,62,0da0408cf172cf652980c296e04f6da88b4cd082b95640e05b763cd9c6b21fa6
2024-09-30 13:36:27,62,18248f005b7493422ea25abcce7179b6d01446ebce2f14824bfbdbbe7f402bb9
2024-09-30 13:36:32,62,01fbae127e8db09da74812bde292eb77d2a68a7897a5571bb7c33ad12264102a
2024-09-30 13:36:32,62,01fbae127e8db09da74812bde292eb77d2a68a7897a5571bb7c33ad12264102a
2024-09-30 13:36:32,62,01fbae127e8db09da74812bde292eb77d2a68a7897a5571bb7c33ad12264102a
2024-09-30 13:36:32,62,01fbae127e8db09da74812bde292eb77d2a68a7897a5571bb7c33ad12264102a
2024-09-30 13:36:32,62,18248f005b7493422ea25abcce7179b6d01446ebce2f14824bfbdbbe7f402bb9
2024-09-30 13:36:32,62,18248f005b7493422ea25abcce7179b6d01446ebce2f14824bfbdbbe7f402bb9
2024-09-30 13:36:33,62,18248f005b7493422ea25abcce7179b6d01446ebce2f14824bfbdbbe7f402bb9
2024-09-30 13:36:33,62,18248f005b7493422ea25abcce7179b6d01446ebce2f14824bfbdbbe7f402bb9
2024-09-30 13:36:33,62,18248f005b7493422ea25abcce7179b6d01446ebce2f14824bfbdbbe7f402bb9
2024-09-30 13:36:40,62,18248f005b7493422ea25abcce7179b6d01446ebce2f14824bfbdbbe7f402bb9
2024-09-30 13:36:41,62,18248f005b7493422ea25abcce7179b6d01446ebce2f14824bfbdbbe7f402bb9
2024-09-30 13:36:41,62,18248f005b7493422ea25abcce7179b6d01446ebce2f14824bfbdbbe7f402bb9
2024-09-30 13:36:48,62,01fbae127e8db09da74812bde292eb77d2a68a7897a5571bb7c33ad12264102a
2024-09-30 13:36:48,62,01fbae127e8db09da74812bde292eb77d2a68a7897a5571bb7c33ad12264102a
2024-09-30 13:36:48,62,01fbae127e8db09da74812bde292eb77d2a68a7897a5571bb7c33ad12264102a
2024-09-30 13:36:48,62,01fbae127e8db09da74812bde292eb77d2a68a7897a5571bb7c33ad12264102a
2024-09-30 13:36:48,62,01fbae127e8db09da74812bde292eb77d2a68a7897a5571bb7c33ad12264102a
2024-09-30 13:36:48,62,01fbae127e8db09da74812bde292eb77d2a68a7897a5571bb7c33ad12264102a
2024-09-30 13:36:52,62,18248f005b7493422ea25abcce7179b6d01446ebce2f14824bfbdbbe7f402bb9
2024-09-30 13:36:52,62,18248f005b7493422ea25abcce7179b6d01446ebce2f14824bfbdbbe7f402bb9
2024-09-30 13:36:53,62,18248f005b7493422ea25abcce7179b6d01446ebce2f14824bfbdbbe7f402bb9
2024-09-30 13:36:53,62,18248f005b7493422ea25abcce7179b6d01446ebce2f14824bfbdbbe7f402bb9
2024-09-30 13:36:53,62,18248f005b7493422ea25abcce7179b6d01446ebce2f14824bfbdbbe7f402bb9
2024-09-30 13:36:53,62,18248f005b7493422ea25abcce7179b6d01446ebce2f14824bfbdbbe7f402bb9
2024-09-30 13:36:56,62,18248f005b7493422ea25abcce7179b6d01446ebce2f14824bfbdbbe7f402bb9
2024-09-30 13:36:56,62,18248f005b7493422ea25abcce7179b6d01446ebce2f14824bfbdbbe7f402bb9
2024-09-30 13:36:57,62,18248f005b7493422ea25abcce7179b6d01446ebce2f14824bfbdbbe7f402bb9
2024-09-30 13:36:58,62,01fbae127e8db09da74812bde292eb77d2a68a7897a5571bb7c33ad12264102a
2024-09-30 13:37:14,62,01fbae127e8db09da74812bde292eb77d2a68a7897a5571bb7c33ad12264102a
2024-09-30 13:37:14,62,01fbae127e8db09da74812bde292eb77d2a68a7897a5571bb7c33ad12264102a
2024-09-30 13:37:14,62,01fbae127e8db09da74812bde292eb77d2a68a7897a5571bb7c33ad12264102a
2024-09-30 13:37:14,62,01fbae127e8db09da74812bde292eb77d2a68a7897a5571bb7c33ad12264102a
2024-09-30 13:37:15,62,18248f005b7493422ea25abcce7179b6d01446ebce2f14824bfbdbbe7f402bb9
2024-09-30 13:37:15,62,18248f005b7493422ea25abcce7179b6d01446ebce2f14824bfbdbbe7f402bb9
2024-09-30 13:37:15,62,18248f005b7493422ea25abcce7179b6d01446ebce2f14824bfbdbbe7f402bb9
2024-09-30 13:37:17,62,18248f005b7493422ea25abcce7179b6d01446ebce2f14824bfbdbbe7f402bb9
2024-09-30 13:37:22,62,18248f005b7493422ea25abcce7179b6d01446ebce2f14824bfbdbbe7f402bb9
2024-09-30 13:37:22,62,18248f005b7493422ea25abcce7179b6d01446ebce2f14824bfbdbbe7f402bb9
2024-09-30 13:37:25,62,18248f005b7493422ea25abcce7179b6d01446ebce2f14824bfbdbbe7f402bb9
2024-09-30 13:37:26,62,18248f005b7493422ea25abcce7179b6d01446ebce2f14824bfbdbbe7f402bb9
2024-09-30 13:37:26,62,18248f005b7493422ea25abcce7179b6d01446ebce2f14824bfbdbbe7f402bb9
2024-09-30 13:37:27,62,18248f005b7493422ea25abcce7179b6d01446ebce2f14824bfbdbbe7f402bb9
2024-09-30 13:37:27,62,18248f005b7493422ea25abcce7179b6d01446ebce2f14824bfbdbbe7f402bb9
2024-09-30 13:37:27,62,18248f005b7493422ea25abcce7179b6d01446ebce2f14824bfbdbbe7f402bb9
2024-09-30 13:37:27,62,18248f005b7493422ea25abcce7179b6d01446ebce2f14824bfbdbbe7f402bb9
2024-09-30 13:37:27,62,01fbae127e8db09da74812bde292eb77d2a68a7897a5571bb7c33ad12264102a
2024-09-30 13:37:27,62,01fbae127e8db09da74812bde292eb77d2a68a7897a5571bb7c33ad12264102a
2024-09-30 13:37:27,62,01fbae127e8db09da74812bde292eb77d2a68a7897a5571bb7c33ad12264102a
2024-09-30 13:37:31,62,18248f005b7493422ea25abcce7179b6d01446ebce2f14824bfbdbbe7f402bb9
2024-09-30 13:37:34,62,18248f005b7493422ea25abcce7179b6d01446ebce2f14824bfbdbbe7f402bb9
2024-09-30 13:37:39,62,18248f005b7493422ea25abcce7179b6d01446ebce2f14824bfbdbbe7f402bb9
2024-09-30 13:37:43,62,18248f005b7493422ea25abcce7179b6d01446ebce2f14824bfbdbbe7f402bb9
2024-09-30 13:37:43,62,18248f005b7493422ea25abcce7179b6d01446ebce2f14824bfbdbbe7f402bb9
2024-09-30 13:37:43,62,18248f005b7493422ea25abcce7179b6d01446ebce2f14824bfbdbbe7f402bb9
2024-09-30 13:37:43,62,18248f005b7493422ea25abcce7179b6d01446ebce2f14824bfbdbbe7f402bb9
2024-09-30 13:37:43,62,18248f005b7493422ea25abcce7179b6d01446ebce2f14824bfbdbbe7f402bb9
2024-09-30 13:37:43,62,18248f005b7493422ea25abcce7179b6d01446ebce2f14824bfbdbbe7f402bb9
2024-09-30 13:37:43,62,18248f005b7493422ea25abcce7179b6d01446ebce2f14824bfbdbbe7f402bb9
2024-09-30 13:37:44,62,18248f005b7493422ea25abcce7179b6d01446ebce2f14824bfbdbbe7f402bb9
2024-09-30 13:37:44,62,18248f005b7493422ea25abcce7179b6d01446ebce2f14824bfbdbbe7f402bb9
2024-09-30 13:37:44,62,18248f005b7493422ea25abcce7179b6d01446ebce2f14824bfbdbbe7f402bb9
2024-09-30 13:37:46,62,18248f005b7493422ea25abcce7179b6d01446ebce2f14824bfbdbbe7f402bb9
2024-09-30 13:37:48,62,01fbae127e8db09da74812bde292eb77d2a68a7897a5571bb7c33ad12264102a
2024-09-30 13:37:48,62,01fbae127e8db09da74812bde292eb77d2a68a7897a5571bb7c33ad12264102a
2024-09-30 13:37:48,62,18248f005b7493422ea25abcce7179b6d01446ebce2f14824bfbdbbe7f402bb9
2024-09-30 13:37:48,62,18248f005b7493422ea25abcce7179b6d01446ebce2f14824bfbdbbe7f402bb9
2024-09-30 13:37:50,62,18248f005b7493422ea25abcce7179b6d01446ebce2f14824bfbdbbe7f402bb9
2024-09-30 13:37:50,62,18248f005b7493422ea25abcce7179b6d01446ebce2f14824bfbdbbe7f402bb9
2024-09-30 13:37:53,62,18248f005b7493422ea25abcce7179b6d01446ebce2f14824bfbdbbe7f402bb9
2024-09-30 13:37:54,62,01fbae127e8db09da74812bde292eb77d2a68a7897a5571bb7c33ad12264102a
2024-09-30 13:37:54,62,01fbae127e8db09da74812bde292eb77d2a68a7897a5571bb7c33ad12264102a
2024-09-30 13:37:54,62,01fbae127e8db09da74812bde292eb77d2a68a7897a5571bb7c33ad12264102a
2024-09-30 13:37:54,62,01fbae127e8db09da74812bde292eb77d2a68a7897a5571bb7c33ad12264102a
2024-09-30 13:37:54,62,01fbae127e8db09da74812bde292eb77d2a68a7897a5571bb7c33ad12264102a
2024-09-30 13:37:57,62,18248f005b7493422ea25abcce7179b6d01446ebce2f14824bfbdbbe7f402bb9
2024-09-30 13:38:02,62,18248f005b7493422ea25abcce7179b6d01446ebce2f14824bfbdbbe7f402bb9
2024-09-30 13:38:08,62,18248f005b7493422ea25abcce7179b6d01446ebce2f14824bfbdbbe7f402bb9
2024-09-30 13:38:09,62,18248f005b7493422ea25abcce7179b6d01446ebce2f14824bfbdbbe7f402bb9
2024-09-30 13:38:09,62,18248f005b7493422ea25abcce7179b6d01446ebce2f14824bfbdbbe7f402bb9
2024-09-30 13:38:09,62,18248f005b7493422ea25abcce7179b6d01446ebce2f14824bfbdbbe7f402bb9
2024-09-30 13:38:09,62,18248f005b7493422ea25abcce7179b6d01446ebce2f14824bfbdbbe7f402bb9
2024-09-30 13:38:09,62,584fadc5481423104c26d11f7df9e9a427b3f316657647a1d8514982e6f86329
2024-09-30 13:38:10,62,584fadc5481423104c26d11f7df9e9a427b3f316657647a1d8514982e6f86329
2024-09-30 13:38:10,62,584fadc5481423104c26d11f7df9e9a427b3f316657647a1d8514982e6f86329
2024-09-30 13:38:10,62,584fadc5481423104c26d11f7df9e9a427b3f316657647a1d8514982e6f86329
2024-09-30 13:38:10,62,584fadc5481423104c26d11f7df9e9a427b3f316657647a1d8514982e6f86329
2024-09-30 13:38:10,62,584fadc5481423104c26d11f7df9e9a427b3f316657647a1d8514982e6f86329
2024-09-30 13:38:10,62,584fadc5481423104c26d11f7df9e9a427b3f316657647a1d8514982e6f86329
2024-09-30 13:38:10,62,584fadc5481423104c26d11f7df9e9a427b3f316657647a1d8514982e6f86329
2024-09-30 13:38:10,62,584fadc5481423104c26d11f7df9e9a427b3f316657647a1d8514982e6f86329
2024-09-30 13:38:10,62,584fadc5481423104c26d11f7df9e9a427b3f316657647a1d8514982e6f86329
2024-09-30 13:38:16,62,18248f005b7493422ea25abcce7179b6d01446ebce2f14824bfbdbbe7f402bb9
2024-09-30 13:38:16,62,18248f005b7493422ea25abcce7179b6d01446ebce2f14824bfbdbbe7f402bb9
2024-09-30 13:38:16,62,18248f005b7493422ea25abcce7179b6d01446ebce2f14824bfbdbbe7f402bb9
2024-09-30 13:38:16,62,18248f005b7493422ea25abcce7179b6d01446ebce2f14824bfbdbbe7f402bb9
2024-09-30 13:38:17,62,18248f005b7493422ea25abcce7179b6d01446ebce2f14824bfbdbbe7f402bb9
2024-09-30 13:38:19,62,18248f005b7493422ea25abcce7179b6d01446ebce2f14824bfbdbbe7f402bb9
2024-09-30 13:38:19,62,18248f005b7493422ea25abcce7179b6d01446ebce2f14824bfbdbbe7f402bb9
2024-09-30 13:38:21,62,18248f005b7493422ea25abcce7179b6d01446ebce2f14824bfbdbbe7f402bb9
2024-09-30 13:38:21,62,18248f005b7493422ea25abcce7179b6d01446ebce2f14824bfbdbbe7f402bb9
2024-09-30 13:38:21,62,18248f005b7493422ea25abcce7179b6d01446ebce2f14824bfbdbbe7f402bb9
2024-09-30 13:38:22,62,18248f005b7493422ea25abcce7179b6d01446ebce2f14824bfbdbbe7f402bb9
2024-09-30 13:38:22,62,18248f005b7493422ea25abcce7179b6d01446ebce2f14824bfbdbbe7f402bb9
2024-09-30 13:38:25,62,18248f005b7493422ea25abcce7179b6d01446ebce2f14824bfbdbbe7f402bb9
2024-09-30 13:38:25,62,18248f005b7493422ea25abcce7179b6d01446ebce2f14824bfbdbbe7f402bb9
2024-09-30 13:38:25,62,18248f005b7493422ea25abcce7179b6d01446ebce2f14824bfbdbbe7f402bb9
2024-09-30 13:38:25,62,18248f005b7493422ea25abcce7179b6d01446ebce2f14824bfbdbbe7f402bb9
2024-09-30 13:38:35,62,18248f005b7493422ea25abcce7179b6d01446ebce2f14824bfbdbbe7f402bb9
2024-09-30 13:38:35,62,18248f005b7493422ea25abcce7179b6d01446ebce2f14824bfbdbbe7f402bb9
2024-09-30 13:38:37,62,18248f005b7493422ea25abcce7179b6d01446ebce2f14824bfbdbbe7f402bb9
2024-09-30 13:38:44,62,18248f005b7493422ea25abcce7179b6d01446ebce2f14824bfbdbbe7f402bb9
2024-09-30 13:38:44,62,18248f005b7493422ea25abcce7179b6d01446ebce2f14824bfbdbbe7f402bb9
2024-09-30 13:38:44,62,584fadc5481423104c26d11f7df9e9a427b3f316657647a1d8514982e6f86329
2024-09-30 13:38:44,62,584fadc5481423104c26d11f7df9e9a427b3f316657647a1d8514982e6f86329
2024-09-30 13:38:44,62,584fadc5481423104c26d11f7df9e9a427b3f316657647a1d8514982e6f86329
2024-09-30 13:38:44,62,584fadc5481423104c26d11f7df9e9a427b3f316657647a1d8514982e6f86329
2024-09-30 13:38:44,62,584fadc5481423104c26d11f7df9e9a427b3f316657647a1d8514982e6f86329
2024-09-30 13:38:44,62,584fadc5481423104c26d11f7df9e9a427b3f316657647a1d8514982e6f86329
2024-09-30 13:38:45,62,584fadc5481423104c26d11f7df9e9a427b3f316657647a1d8514982e6f86329
2024-09-30 13:38:45,62,584fadc5481423104c26d11f7df9e9a427b3f316657647a1d8514982e6f86329
2024-09-30 13:38:45,62,584fadc5481423104c26d11f7df9e9a427b3f316657647a1d8514982e6f86329
2024-09-30 13:38:45,62,584fadc5481423104c26d11f7df9e9a427b3f316657647a1d8514982e6f86329
2024-09-30 13:38:45,62,584fadc5481423104c26d11f7df9e9a427b3f316657647a1d8514982e6f86329
2024-09-30 13:38:45,62,584fadc5481423104c26d11f7df9e9a427b3f316657647a1d8514982e6f86329
2024-09-30 13:38:45,62,584fadc5481423104c26d11f7df9e9a427b3f316657647a1d8514982e6f86329
2024-09-30 13:38:45,62,584fadc5481423104c26d11f7df9e9a427b3f316657647a1d8514982e6f86329
2024-09-30 13:38:45,62,584fadc5481423104c26d11f7df9e9a427b3f316657647a1d8514982e6f86329
2024-09-30 13:38:45,62,584fadc5481423104c26d11f7df9e9a427b3f316657647a1d8514982e6f86329
2024-09-30 13:38:45,62,584fadc5481423104c26d11f7df9e9a427b3f316657647a1d8514982e6f86329
2024-09-30 13:38:45,62,584fadc5481423104c26d11f7df9e9a427b3f316657647a1d8514982e6f86329
2024-09-30 13:38:45,62,584fadc5481423104c26d11f7df9e9a427b3f316657647a1d8514982e6f86329
2024-09-30 13:38:45,62,584fadc5481423104c26d11f7df9e9a427b3f316657647a1d8514982e6f86329
2024-09-30 13:38:45,62,18248f005b7493422ea25abcce7179b6d01446ebce2f14824bfbdbbe7f402bb9
2024-09-30 13:38:45,62,18248f005b7493422ea25abcce7179b6d01446ebce2f14824bfbdbbe7f402bb9
2024-09-30 13:38:49,62,18248f005b7493422ea25abcce7179b6d01446ebce2f14824bfbdbbe7f402bb9
2024-09-30 13:38:51,62,18248f005b7493422ea25abcce7179b6d01446ebce2f14824bfbdbbe7f402bb9
2024-09-30 13:38:53,62,18248f005b7493422ea25abcce7179b6d01446ebce2f14824bfbdbbe7f402bb9
2024-09-30 13:38:54,62,18248f005b7493422ea25abcce7179b6d01446ebce2f14824bfbdbbe7f402bb9
2024-09-30 13:38:58,62,18248f005b7493422ea25abcce7179b6d01446ebce2f14824bfbdbbe7f402bb9
2024-09-30 13:38:58,62,18248f005b7493422ea25abcce7179b6d01446ebce2f14824bfbdbbe7f402bb9
2024-09-30 13:38:58,62,18248f005b7493422ea25abcce7179b6d01446ebce2f14824bfbdbbe7f402bb9
2024-09-30 13:38:58,62,18248f005b7493422ea25abcce7179b6d01446ebce2f14824bfbdbbe7f402bb9
2024-09-30 13:38:59,62,18248f005b7493422ea25abcce7179b6d01446ebce2f14824bfbdbbe7f402bb9
2024-09-30 13:38:59,62,18248f005b7493422ea25abcce7179b6d01446ebce2f14824bfbdbbe7f402bb9
2024-09-30 13:39:00,62,ac6bdf2d5686dae420b8fa528fcc9b72514a3cbbdca201fadac306c2091d9b0c
2024-09-30 13:39:05,62,18248f005b7493422ea25abcce7179b6d01446ebce2f14824bfbdbbe7f402bb9
2024-09-30 13:39:17,62,584fadc5481423104c26d11f7df9e9a427b3f316657647a1d8514982e6f86329
2024-09-30 13:39:17,62,584fadc5481423104c26d11f7df9e9a427b3f316657647a1d8514982e6f86329
2024-09-30 13:39:17,62,584fadc5481423104c26d11f7df9e9a427b3f316657647a1d8514982e6f86329
2024-09-30 13:39:17,62,584fadc5481423104c26d11f7df9e9a427b3f316657647a1d8514982e6f86329
2024-09-30 13:39:17,62,584fadc5481423104c26d11f7df9e9a427b3f316657647a1d8514982e6f86329
2024-09-30 13:39:17,62,584fadc5481423104c26d11f7df9e9a427b3f316657647a1d8514982e6f86329
2024-09-30 13:39:17,62,584fadc5481423104c26d11f7df9e9a427b3f316657647a1d8514982e6f86329
2024-09-30 13:39:17,62,584fadc5481423104c26d11f7df9e9a427b3f316657647a1d8514982e6f86329
2024-09-30 13:39:20,62,18248f005b7493422ea25abcce7179b6d01446ebce2f14824bfbdbbe7f402bb9
2024-09-30 13:39:24,62,18248f005b7493422ea25abcce7179b6d01446ebce2f14824bfbdbbe7f402bb9
2024-09-30 13:39:31,62,18248f005b7493422ea25abcce7179b6d01446ebce2f14824bfbdbbe7f402bb9
2024-09-30 13:39:31,62,18248f005b7493422ea25abcce7179b6d01446ebce2f14824bfbdbbe7f402bb9
2024-09-30 13:39:31,62,18248f005b7493422ea25abcce7179b6d01446ebce2f14824bfbdbbe7f402bb9
2024-09-30 13:39:33,62,18248f005b7493422ea25abcce7179b6d01446ebce2f14824bfbdbbe7f402bb9
2024-09-30 13:39:33,62,18248f005b7493422ea25abcce7179b6d01446ebce2f14824bfbdbbe7f402bb9
2024-09-30 13:39:33,62,18248f005b7493422ea25abcce7179b6d01446ebce2f14824bfbdbbe7f402bb9
2024-09-30 13:39:33,62,18248f005b7493422ea25abcce7179b6d01446ebce2f14824bfbdbbe7f402bb9
2024-09-30 13:39:35,62,18248f005b7493422ea25abcce7179b6d01446ebce2f14824bfbdbbe7f402bb9
2024-09-30 13:39:35,62,18248f005b7493422ea25abcce7179b6d01446ebce2f14824bfbdbbe7f402bb9
2024-09-30 13:39:43,62,18248f005b7493422ea25abcce7179b6d01446ebce2f14824bfbdbbe7f402bb9
2024-09-30 13:39:43,62,18248f005b7493422ea25abcce7179b6d01446ebce2f14824bfbdbbe7f402bb9
2024-09-30 13:39:48,62,18248f005b7493422ea25abcce7179b6d01446ebce2f14824bfbdbbe7f402bb9
2024-09-30 13:39:48,62,18248f005b7493422ea25abcce7179b6d01446ebce2f14824bfbdbbe7f402bb9
2024-09-30 13:39:48,62,18248f005b7493422ea25abcce7179b6d01446ebce2f14824bfbdbbe7f402bb9
2024-09-30 13:39:49,62,18248f005b7493422ea25abcce7179b6d01446ebce2f14824bfbdbbe7f402bb9
2024-09-30 13:39:53,62,18248f005b7493422ea25abcce7179b6d01446ebce2f14824bfbdbbe7f402bb9
2024-09-30 13:39:54,62,584fadc5481423104c26d11f7df9e9a427b3f316657647a1d8514982e6f86329
2024-09-30 13:39:54,62,584fadc5481423104c26d11f7df9e9a427b3f316657647a1d8514982e6f86329
2024-09-30 13:39:54,62,584fadc5481423104c26d11f7df9e9a427b3f316657647a1d8514982e6f86329
2024-09-30 13:39:54,62,584fadc5481423104c26d11f7df9e9a427b3f316657647a1d8514982e6f86329
2024-09-30 13:39:54,62,584fadc5481423104c26d11f7df9e9a427b3f316657647a1d8514982e6f86329
2024-09-30 13:39:55,62,584fadc5481423104c26d11f7df9e9a427b3f316657647a1d8514982e6f86329
2024-09-30 13:39:55,62,584fadc5481423104c26d11f7df9e9a427b3f316657647a1d8514982e6f86329
2024-09-30 13:39:55,62,584fadc5481423104c26d11f7df9e9a427b3f316657647a1d8514982e6f86329
2024-09-30 13:39:57,62,18248f005b7493422ea25abcce7179b6d01446ebce2f14824bfbdbbe7f402bb9
2024-09-30 13:39:57,62,18248f005b7493422ea25abcce7179b6d01446ebce2f14824bfbdbbe7f402bb9
2024-09-30 13:40:01,62,18248f005b7493422ea25abcce7179b6d01446ebce2f14824bfbdbbe7f402bb9
2024-09-30 13:40:01,62,18248f005b7493422ea25abcce7179b6d01446ebce2f14824bfbdbbe7f402bb9
2024-09-30 13:40:02,62,18248f005b7493422ea25abcce7179b6d01446ebce2f14824bfbdbbe7f402bb9
2024-09-30 13:40:02,62,18248f005b7493422ea25abcce7179b6d01446ebce2f14824bfbdbbe7f402bb9
2024-09-30 13:40:02,62,18248f005b7493422ea25abcce7179b6d01446ebce2f14824bfbdbbe7f402bb9
2024-09-30 13:40:02,62,18248f005b7493422ea25abcce7179b6d01446ebce2f14824bfbdbbe7f402bb9
2024-09-30 13:40:08,62,18248f005b7493422ea25abcce7179b6d01446ebce2f14824bfbdbbe7f402bb9
2024-09-30 13:40:08,62,18248f005b7493422ea25abcce7179b6d01446ebce2f14824bfbdbbe7f402bb9
2024-09-30 13:40:15,62,18248f005b7493422ea25abcce7179b6d01446ebce2f14824bfbdbbe7f402bb9
2024-09-30 13:40:15,62,18248f005b7493422ea25abcce7179b6d01446ebce2f14824bfbdbbe7f402bb9
2024-09-30 13:40:15,62,18248f005b7493422ea25abcce7179b6d01446ebce2f14824bfbdbbe7f402bb9
2024-09-30 13:40:15,62,18248f005b7493422ea25abcce7179b6d01446ebce2f14824bfbdbbe7f402bb9
2024-09-30 13:40:15,62,18248f005b7493422ea25abcce7179b6d01446ebce2f14824bfbdbbe7f402bb9
2024-09-30 13:40:15,62,18248f005b7493422ea25abcce7179b6d01446ebce2f14824bfbdbbe7f402bb9
2024-09-30 13:40:15,62,18248f005b7493422ea25abcce7179b6d01446ebce2f14824bfbdbbe7f402bb9
2024-09-30 13:40:16,62,18248f005b7493422ea25abcce7179b6d01446ebce2f14824bfbdbbe7f402bb9
2024-09-30 13:40:16,62,18248f005b7493422ea25abcce7179b6d01446ebce2f14824bfbdbbe7f402bb9
2024-09-30 13:40:17,62,18248f005b7493422ea25abcce7179b6d01446ebce2f14824bfbdbbe7f402bb9
2024-09-30 13:40:19,62,18248f005b7493422ea25abcce7179b6d01446ebce2f14824bfbdbbe7f402bb9
2024-09-30 13:40:20,62,18248f005b7493422ea25abcce7179b6d01446ebce2f14824bfbdbbe7f402bb9
2024-09-30 13:40:20,62,18248f005b7493422ea25abcce7179b6d01446ebce2f14824bfbdbbe7f402bb9
2024-09-30 13:40:21,62,01fbae127e8db09da74812bde292eb77d2a68a7897a5571bb7c33ad12264102a
2024-09-30 13:40:25,62,18248f005b7493422ea25abcce7179b6d01446ebce2f14824bfbdbbe7f402bb9
2024-09-30 13:40:25,62,18248f005b7493422ea25abcce7179b6d01446ebce2f14824bfbdbbe7f402bb9
2024-09-30 13:40:25,62,18248f005b7493422ea25abcce7179b6d01446ebce2f14824bfbdbbe7f402bb9
2024-09-30 13:40:28,62,d787358040843e660eb94b464371ac26c3ccc54906bd94fcbf398471ccb0e763
2024-09-30 13:40:28,62,d787358040843e660eb94b464371ac26c3ccc54906bd94fcbf398471ccb0e763
2024-09-30 13:40:28,62,0da0408cf172cf652980c296e04f6da88b4cd082b95640e05b763cd9c6b21fa6
2024-09-30 13:40:28,62,0da0408cf172cf652980c296e04f6da88b4cd082b95640e05b763cd9c6b21fa6
2024-09-30 13:40:28,62,0da0408cf172cf652980c296e04f6da88b4cd082b95640e05b763cd9c6b21fa6
2024-09-30 13:40:28,62,0da0408cf172cf652980c296e04f6da88b4cd082b95640e05b763cd9c6b21fa6
2024-09-30 13:40:28,62,0da0408cf172cf652980c296e04f6da88b4cd082b95640e05b763cd9c6b21fa6
2024-09-30 13:40:28,62,0da0408cf172cf652980c296e04f6da88b4cd082b95640e05b763cd9c6b21fa6
2024-09-30 13:40:29,62,18248f005b7493422ea25abcce7179b6d01446ebce2f14824bfbdbbe7f402bb9
2024-09-30 13:40:29,62,18248f005b7493422ea25abcce7179b6d01446ebce2f14824bfbdbbe7f402bb9
2024-09-30 13:40:29,62,18248f005b7493422ea25abcce7179b6d01446ebce2f14824bfbdbbe7f402bb9
2024-09-30 13:40:30,62,18248f005b7493422ea25abcce7179b6d01446ebce2f14824bfbdbbe7f402bb9
2024-09-30 13:40:31,62,18248f005b7493422ea25abcce7179b6d01446ebce2f14824bfbdbbe7f402bb9
2024-09-30 13:40:31,62,18248f005b7493422ea25abcce7179b6d01446ebce2f14824bfbdbbe7f402bb9
2024-09-30 13:40:31,62,18248f005b7493422ea25abcce7179b6d01446ebce2f14824bfbdbbe7f402bb9
2024-09-30 13:40:34,62,18248f005b7493422ea25abcce7179b6d01446ebce2f14824bfbdbbe7f402bb9
2024-09-30 13:40:34,62,18248f005b7493422ea25abcce7179b6d01446ebce2f14824bfbdbbe7f402bb9
2024-09-30 13:40:34,62,18248f005b7493422ea25abcce7179b6d01446ebce2f14824bfbdbbe7f402bb9
2024-09-30 13:40:35,62,18248f005b7493422ea25abcce7179b6d01446ebce2f14824bfbdbbe7f402bb9
2024-09-30 13:40:35,62,18248f005b7493422ea25abcce7179b6d01446ebce2f14824bfbdbbe7f402bb9
2024-09-30 13:40:36,62,18248f005b7493422ea25abcce7179b6d01446ebce2f14824bfbdbbe7f402bb9
2024-09-30 13:40:36,62,18248f005b7493422ea25abcce7179b6d01446ebce2f14824bfbdbbe7f402bb9
2024-09-30 13:40:36,62,18248f005b7493422ea25abcce7179b6d01446ebce2f14824bfbdbbe7f402bb9
2024-09-30 13:40:36,62,18248f005b7493422ea25abcce7179b6d01446ebce2f14824bfbdbbe7f402bb9
2024-09-30 13:40:36,62,18248f005b7493422ea25abcce7179b6d01446ebce2f14824bfbdbbe7f402bb9
2024-09-30 13:40:36,62,01fbae127e8db09da74812bde292eb77d2a68a7897a5571bb7c33ad12264102a
2024-09-30 13:40:46,62,18248f005b7493422ea25abcce7179b6d01446ebce2f14824bfbdbbe7f402bb9
2024-09-30 13:40:46,62,18248f005b7493422ea25abcce7179b6d01446ebce2f14824bfbdbbe7f402bb9
2024-09-30 13:40:46,62,18248f005b7493422ea25abcce7179b6d01446ebce2f14824bfbdbbe7f402bb9
2024-09-30 13:40:46,62,18248f005b7493422ea25abcce7179b6d01446ebce2f14824bfbdbbe7f402bb9
2024-09-30 13:40:47,62,01fbae127e8db09da74812bde292eb77d2a68a7897a5571bb7c33ad12264102a
2024-09-30 13:40:47,62,01fbae127e8db09da74812bde292eb77d2a68a7897a5571bb7c33ad12264102a
2024-09-30 13:40:51,62,18248f005b7493422ea25abcce7179b6d01446ebce2f14824bfbdbbe7f402bb9
2024-09-30 13:40:51,62,18248f005b7493422ea25abcce7179b6d01446ebce2f14824bfbdbbe7f402bb9
2024-09-30 13:40:52,62,18248f005b7493422ea25abcce7179b6d01446ebce2f14824bfbdbbe7f402bb9
2024-09-30 13:40:54,62,18248f005b7493422ea25abcce7179b6d01446ebce2f14824bfbdbbe7f402bb9
2024-09-30 13:40:54,62,18248f005b7493422ea25abcce7179b6d01446ebce2f14824bfbdbbe7f402bb9
2024-09-30 13:40:54,62,18248f005b7493422ea25abcce7179b6d01446ebce2f14824bfbdbbe7f402bb9
2024-09-30 13:40:56,62,18248f005b7493422ea25abcce7179b6d01446ebce2f14824bfbdbbe7f402bb9
2024-09-30 13:40:56,62,18248f005b7493422ea25abcce7179b6d01446ebce2f14824bfbdbbe7f402bb9
2024-09-30 13:40:56,62,01fbae127e8db09da74812bde292eb77d2a68a7897a5571bb7c33ad12264102a
2024-09-30 13:40:56,62,01fbae127e8db09da74812bde292eb77d2a68a7897a5571bb7c33ad12264102a
2024-09-30 13:40:57,62,01fbae127e8db09da74812bde292eb77d2a68a7897a5571bb7c33ad12264102a
2024-09-30 13:40:59,62,584fadc5481423104c26d11f7df9e9a427b3f316657647a1d8514982e6f86329
2024-09-30 13:40:59,62,584fadc5481423104c26d11f7df9e9a427b3f316657647a1d8514982e6f86329
2024-09-30 13:40:59,62,584fadc5481423104c26d11f7df9e9a427b3f316657647a1d8514982e6f86329
2024-09-30 13:40:59,62,584fadc5481423104c26d11f7df9e9a427b3f316657647a1d8514982e6f86329
2024-09-30 13:40:59,62,584fadc5481423104c26d11f7df9e9a427b3f316657647a1d8514982e6f86329
2024-09-30 13:40:59,62,584fadc5481423104c26d11f7df9e9a427b3f316657647a1d8514982e6f86329
2024-09-30 13:40:59,62,584fadc5481423104c26d11f7df9e9a427b3f316657647a1d8514982e6f86329
2024-09-30 13:40:59,62,584fadc5481423104c26d11f7df9e9a427b3f316657647a1d8514982e6f86329
2024-09-30 13:40:59,62,584fadc5481423104c26d11f7df9e9a427b3f316657647a1d8514982e6f86329
2024-09-30 13:40:59,62,584fadc5481423104c26d11f7df9e9a427b3f316657647a1d8514982e6f86329
2024-09-30 13:40:59,62,584fadc5481423104c26d11f7df9e9a427b3f316657647a1d8514982e6f86329
2024-09-30 13:40:59,62,584fadc5481423104c26d11f7df9e9a427b3f316657647a1d8514982e6f86329
2024-09-30 13:40:59,62,584fadc5481423104c26d11f7df9e9a427b3f316657647a1d8514982e6f86329
2024-09-30 13:40:59,62,584fadc5481423104c26d11f7df9e9a427b3f316657647a1d8514982e6f86329
2024-09-30 13:40:59,62,18248f005b7493422ea25abcce7179b6d01446ebce2f14824bfbdbbe7f402bb9
2024-09-30 13:41:04,62,18248f005b7493422ea25abcce7179b6d01446ebce2f14824bfbdbbe7f402bb9
2024-09-30 13:41:08,62,18248f005b7493422ea25abcce7179b6d01446ebce2f14824bfbdbbe7f402bb9
2024-09-30 13:41:09,62,18248f005b7493422ea25abcce7179b6d01446ebce2f14824bfbdbbe7f402bb9
2024-09-30 13:41:09,62,18248f005b7493422ea25abcce7179b6d01446ebce2f14824bfbdbbe7f402bb9
2024-09-30 13:41:09,62,18248f005b7493422ea25abcce7179b6d01446ebce2f14824bfbdbbe7f402bb9
2024-09-30 13:41:09,62,18248f005b7493422ea25abcce7179b6d01446ebce2f14824bfbdbbe7f402bb9
2024-09-30 13:41:17,62,18248f005b7493422ea25abcce7179b6d01446ebce2f14824bfbdbbe7f402bb9
2024-09-30 13:41:17,62,18248f005b7493422ea25abcce7179b6d01446ebce2f14824bfbdbbe7f402bb9
2024-09-30 13:41:17,62,584fadc5481423104c26d11f7df9e9a427b3f316657647a1d8514982e6f86329
2024-09-30 13:41:17,62,584fadc5481423104c26d11f7df9e9a427b3f316657647a1d8514982e6f86329
2024-09-30 13:41:17,62,584fadc5481423104c26d11f7df9e9a427b3f316657647a1d8514982e6f86329
2024-09-30 13:41:17,62,584fadc5481423104c26d11f7df9e9a427b3f316657647a1d8514982e6f86329
2024-09-30 13:41:17,62,584fadc5481423104c26d11f7df9e9a427b3f316657647a1d8514982e6f86329
2024-09-30 13:41:17,62,584fadc5481423104c26d11f7df9e9a427b3f316657647a1d8514982e6f86329
2024-09-30 13:41:17,62,18248f005b7493422ea25abcce7179b6d01446ebce2f14824bfbdbbe7f402bb9
2024-09-30 13:41:18,62,18248f005b7493422ea25abcce7179b6d01446ebce2f14824bfbdbbe7f402bb9
2024-09-30 13:41:18,62,18248f005b7493422ea25abcce7179b6d01446ebce2f14824bfbdbbe7f402bb9
2024-09-30 13:41:19,62,18248f005b7493422ea25abcce7179b6d01446ebce2f14824bfbdbbe7f402bb9
2024-09-30 13:41:19,62,18248f005b7493422ea25abcce7179b6d01446ebce2f14824bfbdbbe7f402bb9
2024-09-30 13:41:19,62,18248f005b7493422ea25abcce7179b6d01446ebce2f14824bfbdbbe7f402bb9
2024-09-30 13:41:19,62,18248f005b7493422ea25abcce7179b6d01446ebce2f14824bfbdbbe7f402bb9
2024-09-30 13:41:19,62,18248f005b7493422ea25abcce7179b6d01446ebce2f14824bfbdbbe7f402bb9
2024-09-30 13:41:21,62,18248f005b7493422ea25abcce7179b6d01446ebce2f14824bfbdbbe7f402bb9
2024-09-30 13:41:21,62,18248f005b7493422ea25abcce7179b6d01446ebce2f14824bfbdbbe7f402bb9
2024-09-30 13:41:21,62,18248f005b7493422ea25abcce7179b6d01446ebce2f14824bfbdbbe7f402bb9
2024-09-30 13:41:21,62,18248f005b7493422ea25abcce7179b6d01446ebce2f14824bfbdbbe7f402bb9
2024-09-30 13:41:22,62,18248f005b7493422ea25abcce7179b6d01446ebce2f14824bfbdbbe7f402bb9
2024-09-30 13:41:22,62,18248f005b7493422ea25abcce7179b6d01446ebce2f14824bfbdbbe7f402bb9
2024-09-30 13:41:23,62,18248f005b7493422ea25abcce7179b6d01446ebce2f14824bfbdbbe7f402bb9
2024-09-30 13:41:23,62,18248f005b7493422ea25abcce7179b6d01446ebce2f14824bfbdbbe7f402bb9
2024-09-30 13:41:25,62,18248f005b7493422ea25abcce7179b6d01446ebce2f14824bfbdbbe7f402bb9
2024-09-30 13:41:25,62,18248f005b7493422ea25abcce7179b6d01446ebce2f14824bfbdbbe7f402bb9
2024-09-30 13:41:26,62,18248f005b7493422ea25abcce7179b6d01446ebce2f14824bfbdbbe7f402bb9
2024-09-30 13:41:26,62,18248f005b7493422ea25abcce7179b6d01446ebce2f14824bfbdbbe7f402bb9
2024-09-30 13:41:26,62,18248f005b7493422ea25abcce7179b6d01446ebce2f14824bfbdbbe7f402bb9
2024-09-30 13:41:26,62,18248f005b7493422ea25abcce7179b6d01446ebce2f14824bfbdbbe7f402bb9
2024-09-30 13:41:26,62,18248f005b7493422ea25abcce7179b6d01446ebce2f14824bfbdbbe7f402bb9
2024-09-30 13:41:26,62,18248f005b7493422ea25abcce7179b6d01446ebce2f14824bfbdbbe7f402bb9
2024-09-30 13:41:26,62,18248f005b7493422ea25abcce7179b6d01446ebce2f14824bfbdbbe7f402bb9
2024-09-30 13:41:26,62,18248f005b7493422ea25abcce7179b6d01446ebce2f14824bfbdbbe7f402bb9
2024-09-30 13:41:26,62,18248f005b7493422ea25abcce7179b6d01446ebce2f14824bfbdbbe7f402bb9
2024-09-30 13:41:30,62,18248f005b7493422ea25abcce7179b6d01446ebce2f14824bfbdbbe7f402bb9
2024-09-30 13:41:33,62,01fbae127e8db09da74812bde292eb77d2a68a7897a5571bb7c33ad12264102a
2024-09-30 13:41:33,62,01fbae127e8db09da74812bde292eb77d2a68a7897a5571bb7c33ad12264102a
2024-09-30 13:41:33,62,01fbae127e8db09da74812bde292eb77d2a68a7897a5571bb7c33ad12264102a
2024-09-30 13:41:34,62,18248f005b7493422ea25abcce7179b6d01446ebce2f14824bfbdbbe7f402bb9
2024-09-30 13:41:35,62,18248f005b7493422ea25abcce7179b6d01446ebce2f14824bfbdbbe7f402bb9
2024-09-30 13:41:35,62,18248f005b7493422ea25abcce7179b6d01446ebce2f14824bfbdbbe7f402bb9
2024-09-30 13:41:39,62,18248f005b7493422ea25abcce7179b6d01446ebce2f14824bfbdbbe7f402bb9
2024-09-30 13:41:39,62,18248f005b7493422ea25abcce7179b6d01446ebce2f14824bfbdbbe7f402bb9
2024-09-30 13:41:39,62,18248f005b7493422ea25abcce7179b6d01446ebce2f14824bfbdbbe7f402bb9
2024-09-30 13:41:39,62,18248f005b7493422ea25abcce7179b6d01446ebce2f14824bfbdbbe7f402bb9
2024-09-30 13:41:39,62,18248f005b7493422ea25abcce7179b6d01446ebce2f14824bfbdbbe7f402bb9
2024-09-30 13:41:40,62,18248f005b7493422ea25abcce7179b6d01446ebce2f14824bfbdbbe7f402bb9
2024-09-30 13:41:40,62,18248f005b7493422ea25abcce7179b6d01446ebce2f14824bfbdbbe7f402bb9
2024-09-30 13:41:40,62,18248f005b7493422ea25abcce7179b6d01446ebce2f14824bfbdbbe7f402bb9
2024-09-30 13:41:40,62,18248f005b7493422ea25abcce7179b6d01446ebce2f14824bfbdbbe7f402bb9
2024-09-30 13:41:50,62,18248f005b7493422ea25abcce7179b6d01446ebce2f14824bfbdbbe7f402bb9
2024-09-30 13:41:50,62,18248f005b7493422ea25abcce7179b6d01446ebce2f14824bfbdbbe7f402bb9
2024-09-30 13:41:52,62,01fbae127e8db09da74812bde292eb77d2a68a7897a5571bb7c33ad12264102a
2024-09-30 13:41:53,62,01fbae127e8db09da74812bde292eb77d2a68a7897a5571bb7c33ad12264102a
2024-09-30 13:41:53,62,01fbae127e8db09da74812bde292eb77d2a68a7897a5571bb7c33ad12264102a
2024-09-30 13:41:53,62,01fbae127e8db09da74812bde292eb77d2a68a7897a5571bb7c33ad12264102a
2024-09-30 13:41:53,62,01fbae127e8db09da74812bde292eb77d2a68a7897a5571bb7c33ad12264102a
2024-09-30 13:42:00,62,18248f005b7493422ea25abcce7179b6d01446ebce2f14824bfbdbbe7f402bb9
2024-09-30 13:42:00,62,ac6bdf2d5686dae420b8fa528fcc9b72514a3cbbdca201fadac306c2091d9b0c
2024-09-30 13:42:01,62,18248f005b7493422ea25abcce7179b6d01446ebce2f14824bfbdbbe7f402bb9
2024-09-30 13:42:01,62,18248f005b7493422ea25abcce7179b6d01446ebce2f14824bfbdbbe7f402bb9
2024-09-30 13:42:01,62,18248f005b7493422ea25abcce7179b6d01446ebce2f14824bfbdbbe7f402bb9
2024-09-30 13:42:01,62,18248f005b7493422ea25abcce7179b6d01446ebce2f14824bfbdbbe7f402bb9
2024-09-30 13:42:02,62,18248f005b7493422ea25abcce7179b6d01446ebce2f14824bfbdbbe7f402bb9
2024-09-30 13:42:03,62,18248f005b7493422ea25abcce7179b6d01446ebce2f14824bfbdbbe7f402bb9
2024-09-30 13:42:03,62,18248f005b7493422ea25abcce7179b6d01446ebce2f14824bfbdbbe7f402bb9
2024-09-30 13:42:03,62,bf2c2f0f075485f729148b9a032c5aad4314def9953c37f89024b63d1968dd38
2024-09-30 13:42:04,62,18248f005b7493422ea25abcce7179b6d01446ebce2f14824bfbdbbe7f402bb9
2024-09-30 13:42:04,62,18248f005b7493422ea25abcce7179b6d01446ebce2f14824bfbdbbe7f402bb9
2024-09-30 13:42:05,62,3901688d33322be8e6e95730a2d46b3b729d303d6507bd4ac75095ad5a7df8e8
2024-09-30 13:42:07,62,18248f005b7493422ea25abcce7179b6d01446ebce2f14824bfbdbbe7f402bb9
2024-09-30 13:42:10,62,18248f005b7493422ea25abcce7179b6d01446ebce2f14824bfbdbbe7f402bb9
2024-09-30 13:42:10,62,18248f005b7493422ea25abcce7179b6d01446ebce2f14824bfbdbbe7f402bb9
2024-09-30 13:42:10,62,18248f005b7493422ea25abcce7179b6d01446ebce2f14824bfbdbbe7f402bb9
2024-09-30 13:42:14,62,584fadc5481423104c26d11f7df9e9a427b3f316657647a1d8514982e6f86329
2024-09-30 13:42:14,62,584fadc5481423104c26d11f7df9e9a427b3f316657647a1d8514982e6f86329
2024-09-30 13:42:14,62,584fadc5481423104c26d11f7df9e9a427b3f316657647a1d8514982e6f86329
2024-09-30 13:42:14,62,584fadc5481423104c26d11f7df9e9a427b3f316657647a1d8514982e6f86329
2024-09-30 13:42:14,62,584fadc5481423104c26d11f7df9e9a427b3f316657647a1d8514982e6f86329
2024-09-30 13:42:14,62,584fadc5481423104c26d11f7df9e9a427b3f316657647a1d8514982e6f86329
2024-09-30 13:42:14,62,584fadc5481423104c26d11f7df9e9a427b3f316657647a1d8514982e6f86329
2024-09-30 13:42:15,62,584fadc5481423104c26d11f7df9e9a427b3f316657647a1d8514982e6f86329
2024-09-30 13:42:15,62,18248f005b7493422ea25abcce7179b6d01446ebce2f14824bfbdbbe7f402bb9
2024-09-30 13:42:15,62,18248f005b7493422ea25abcce7179b6d01446ebce2f14824bfbdbbe7f402bb9
2024-09-30 13:42:15,62,18248f005b7493422ea25abcce7179b6d01446ebce2f14824bfbdbbe7f402bb9
2024-09-30 13:42:15,62,18248f005b7493422ea25abcce7179b6d01446ebce2f14824bfbdbbe7f402bb9
2024-09-30 13:42:15,62,18248f005b7493422ea25abcce7179b6d01446ebce2f14824bfbdbbe7f402bb9
2024-09-30 13:42:17,62,18248f005b7493422ea25abcce7179b6d01446ebce2f14824bfbdbbe7f402bb9
2024-09-30 13:42:17,62,18248f005b7493422ea25abcce7179b6d01446ebce2f14824bfbdbbe7f402bb9
2024-09-30 13:42:17,62,18248f005b7493422ea25abcce7179b6d01446ebce2f14824bfbdbbe7f402bb9
2024-09-30 13:42:19,62,18248f005b7493422ea25abcce7179b6d01446ebce2f14824bfbdbbe7f402bb9
2024-09-30 13:42:19,62,18248f005b7493422ea25abcce7179b6d01446ebce2f14824bfbdbbe7f402bb9
2024-09-30 13:42:19,62,18248f005b7493422ea25abcce7179b6d01446ebce2f14824bfbdbbe7f402bb9
2024-09-30 13:42:20,62,18248f005b7493422ea25abcce7179b6d01446ebce2f14824bfbdbbe7f402bb9
2024-09-30 13:42:20,62,18248f005b7493422ea25abcce7179b6d01446ebce2f14824bfbdbbe7f402bb9
2024-09-30 13:42:21,62,18248f005b7493422ea25abcce7179b6d01446ebce2f14824bfbdbbe7f402bb9
2024-09-30 13:42:26,62,18248f005b7493422ea25abcce7179b6d01446ebce2f14824bfbdbbe7f402bb9
2024-09-30 13:42:26,62,18248f005b7493422ea25abcce7179b6d01446ebce2f14824bfbdbbe7f402bb9
2024-09-30 13:42:27,62,18248f005b7493422ea25abcce7179b6d01446ebce2f14824bfbdbbe7f402bb9
2024-09-30 13:42:28,62,18248f005b7493422ea25abcce7179b6d01446ebce2f14824bfbdbbe7f402bb9
2024-09-30 13:42:28,62,18248f005b7493422ea25abcce7179b6d01446ebce2f14824bfbdbbe7f402bb9
2024-09-30 13:42:30,62,18248f005b7493422ea25abcce7179b6d01446ebce2f14824bfbdbbe7f402bb9
2024-09-30 13:42:30,62,18248f005b7493422ea25abcce7179b6d01446ebce2f14824bfbdbbe7f402bb9
2024-09-30 13:42:30,62,18248f005b7493422ea25abcce7179b6d01446ebce2f14824bfbdbbe7f402bb9
2024-09-30 13:42:30,62,18248f005b7493422ea25abcce7179b6d01446ebce2f14824bfbdbbe7f402bb9
2024-09-30 13:42:33,62,18248f005b7493422ea25abcce7179b6d01446ebce2f14824bfbdbbe7f402bb9
2024-09-30 13:42:36,62,01fbae127e8db09da74812bde292eb77d2a68a7897a5571bb7c33ad12264102a
2024-09-30 13:42:36,62,01fbae127e8db09da74812bde292eb77d2a68a7897a5571bb7c33ad12264102a
2024-09-30 13:42:37,62,01fbae127e8db09da74812bde292eb77d2a68a7897a5571bb7c33ad12264102a
2024-09-30 13:42:37,62,01fbae127e8db09da74812bde292eb77d2a68a7897a5571bb7c33ad12264102a
2024-09-30 13:42:37,62,01fbae127e8db09da74812bde292eb77d2a68a7897a5571bb7c33ad12264102a
2024-09-30 13:42:37,62,01fbae127e8db09da74812bde292eb77d2a68a7897a5571bb7c33ad12264102a
2024-09-30 13:42:42,62,18248f005b7493422ea25abcce7179b6d01446ebce2f14824bfbdbbe7f402bb9
2024-09-30 13:42:51,62,18248f005b7493422ea25abcce7179b6d01446ebce2f14824bfbdbbe7f402bb9
2024-09-30 13:42:51,62,18248f005b7493422ea25abcce7179b6d01446ebce2f14824bfbdbbe7f402bb9
2024-09-30 13:42:52,62,18248f005b7493422ea25abcce7179b6d01446ebce2f14824bfbdbbe7f402bb9
2024-09-30 13:42:52,62,18248f005b7493422ea25abcce7179b6d01446ebce2f14824bfbdbbe7f402bb9
2024-09-30 13:42:52,62,18248f005b7493422ea25abcce7179b6d01446ebce2f14824bfbdbbe7f402bb9
2024-09-30 13:42:52,62,18248f005b7493422ea25abcce7179b6d01446ebce2f14824bfbdbbe7f402bb9
2024-09-30 13:42:53,62,18248f005b7493422ea25abcce7179b6d01446ebce2f14824bfbdbbe7f402bb9
2024-09-30 13:42:53,62,01fbae127e8db09da74812bde292eb77d2a68a7897a5571bb7c33ad12264102a
2024-09-30 13:42:55,62,18248f005b7493422ea25abcce7179b6d01446ebce2f14824bfbdbbe7f402bb9
2024-09-30 13:43:01,62,d787358040843e660eb94b464371ac26c3ccc54906bd94fcbf398471ccb0e763
2024-09-30 13:43:01,62,d787358040843e660eb94b464371ac26c3ccc54906bd94fcbf398471ccb0e763
2024-09-30 13:43:04,62,18248f005b7493422ea25abcce7179b6d01446ebce2f14824bfbdbbe7f402bb9
2024-09-30 13:43:09,62,18248f005b7493422ea25abcce7179b6d01446ebce2f14824bfbdbbe7f402bb9
2024-09-30 13:43:09,62,18248f005b7493422ea25abcce7179b6d01446ebce2f14824bfbdbbe7f402bb9
2024-09-30 13:43:09,62,18248f005b7493422ea25abcce7179b6d01446ebce2f14824bfbdbbe7f402bb9
2024-09-30 13:43:15,62,18248f005b7493422ea25abcce7179b6d01446ebce2f14824bfbdbbe7f402bb9
2024-09-30 13:43:17,62,584fadc5481423104c26d11f7df9e9a427b3f316657647a1d8514982e6f86329
2024-09-30 13:43:17,62,584fadc5481423104c26d11f7df9e9a427b3f316657647a1d8514982e6f86329
2024-09-30 13:43:17,62,584fadc5481423104c26d11f7df9e9a427b3f316657647a1d8514982e6f86329
2024-09-30 13:43:17,62,584fadc5481423104c26d11f7df9e9a427b3f316657647a1d8514982e6f86329
2024-09-30 13:43:17,62,584fadc5481423104c26d11f7df9e9a427b3f316657647a1d8514982e6f86329
2024-09-30 13:43:17,62,584fadc5481423104c26d11f7df9e9a427b3f316657647a1d8514982e6f86329
2024-09-30 13:43:21,62,18248f005b7493422ea25abcce7179b6d01446ebce2f14824bfbdbbe7f402bb9
2024-09-30 13:43:22,62,18248f005b7493422ea25abcce7179b6d01446ebce2f14824bfbdbbe7f402bb9
2024-09-30 13:43:22,62,18248f005b7493422ea25abcce7179b6d01446ebce2f14824bfbdbbe7f402bb9
2024-09-30 13:43:22,62,18248f005b7493422ea25abcce7179b6d01446ebce2f14824bfbdbbe7f402bb9
2024-09-30 13:43:22,62,18248f005b7493422ea25abcce7179b6d01446ebce2f14824bfbdbbe7f402bb9
2024-09-30 13:43:23,62,18248f005b7493422ea25abcce7179b6d01446ebce2f14824bfbdbbe7f402bb9
2024-09-30 13:43:23,62,18248f005b7493422ea25abcce7179b6d01446ebce2f14824bfbdbbe7f402bb9
2024-09-30 13:43:23,62,18248f005b7493422ea25abcce7179b6d01446ebce2f14824bfbdbbe7f402bb9
2024-09-30 13:43:23,62,18248f005b7493422ea25abcce7179b6d01446ebce2f14824bfbdbbe7f402bb9
2024-09-30 13:43:23,62,18248f005b7493422ea25abcce7179b6d01446ebce2f14824bfbdbbe7f402bb9
2024-09-30 13:43:23,62,f214df8686dde5873f6737cdf93909d29f9b61e55a05fd900714072e85e7e2d9
2024-09-30 13:43:23,62,f214df8686dde5873f6737cdf93909d29f9b61e55a05fd900714072e85e7e2d9
2024-09-30 13:43:24,62,18248f005b7493422ea25abcce7179b6d01446ebce2f14824bfbdbbe7f402bb9
2024-09-30 13:43:31,62,18248f005b7493422ea25abcce7179b6d01446ebce2f14824bfbdbbe7f402bb9
2024-09-30 13:43:31,62,18248f005b7493422ea25abcce7179b6d01446ebce2f14824bfbdbbe7f402bb9
2024-09-30 13:43:32,62,01fbae127e8db09da74812bde292eb77d2a68a7897a5571bb7c33ad12264102a
2024-09-30 13:43:32,62,01fbae127e8db09da74812bde292eb77d2a68a7897a5571bb7c33ad12264102a
2024-09-30 13:43:32,62,01fbae127e8db09da74812bde292eb77d2a68a7897a5571bb7c33ad12264102a
2024-09-30 13:43:32,62,01fbae127e8db09da74812bde292eb77d2a68a7897a5571bb7c33ad12264102a
2024-09-30 13:43:33,62,18248f005b7493422ea25abcce7179b6d01446ebce2f14824bfbdbbe7f402bb9
2024-09-30 13:43:36,62,d787358040843e660eb94b464371ac26c3ccc54906bd94fcbf398471ccb0e763
2024-09-30 13:43:36,62,d787358040843e660eb94b464371ac26c3ccc54906bd94fcbf398471ccb0e763
2024-09-30 13:43:40,62,18248f005b7493422ea25abcce7179b6d01446ebce2f14824bfbdbbe7f402bb9
2024-09-30 13:43:43,62,18248f005b7493422ea25abcce7179b6d01446ebce2f14824bfbdbbe7f402bb9
2024-09-30 13:43:43,62,18248f005b7493422ea25abcce7179b6d01446ebce2f14824bfbdbbe7f402bb9
2024-09-30 13:43:44,62,18248f005b7493422ea25abcce7179b6d01446ebce2f14824bfbdbbe7f402bb9
2024-09-30 13:43:47,62,01fbae127e8db09da74812bde292eb77d2a68a7897a5571bb7c33ad12264102a
2024-09-30 13:43:47,62,01fbae127e8db09da74812bde292eb77d2a68a7897a5571bb7c33ad12264102a
2024-09-30 13:43:47,62,01fbae127e8db09da74812bde292eb77d2a68a7897a5571bb7c33ad12264102a
2024-09-30 13:43:47,62,01fbae127e8db09da74812bde292eb77d2a68a7897a5571bb7c33ad12264102a
2024-09-30 13:43:48,62,18248f005b7493422ea25abcce7179b6d01446ebce2f14824bfbdbbe7f402bb9
2024-09-30 13:43:53,62,18248f005b7493422ea25abcce7179b6d01446ebce2f14824bfbdbbe7f402bb9
2024-09-30 13:43:58,62,18248f005b7493422ea25abcce7179b6d01446ebce2f14824bfbdbbe7f402bb9
2024-09-30 13:43:58,62,18248f005b7493422ea25abcce7179b6d01446ebce2f14824bfbdbbe7f402bb9
2024-09-30 13:43:58,62,18248f005b7493422ea25abcce7179b6d01446ebce2f14824bfbdbbe7f402bb9
2024-09-30 13:43:58,62,18248f005b7493422ea25abcce7179b6d01446ebce2f14824bfbdbbe7f402bb9
2024-09-30 13:44:00,62,18248f005b7493422ea25abcce7179b6d01446ebce2f14824bfbdbbe7f402bb9
2024-09-30 13:44:00,62,18248f005b7493422ea25abcce7179b6d01446ebce2f14824bfbdbbe7f402bb9
2024-09-30 13:44:00,62,18248f005b7493422ea25abcce7179b6d01446ebce2f14824bfbdbbe7f402bb9
2024-09-30 13:44:03,62,18248f005b7493422ea25abcce7179b6d01446ebce2f14824bfbdbbe7f402bb9
2024-09-30 13:44:03,62,18248f005b7493422ea25abcce7179b6d01446ebce2f14824bfbdbbe7f402bb9
2024-09-30 13:44:03,62,18248f005b7493422ea25abcce7179b6d01446ebce2f14824bfbdbbe7f402bb9
2024-09-30 13:44:08,62,01fbae127e8db09da74812bde292eb77d2a68a7897a5571bb7c33ad12264102a
2024-09-30 13:44:08,62,01fbae127e8db09da74812bde292eb77d2a68a7897a5571bb7c33ad12264102a
2024-09-30 13:44:11,62,18248f005b7493422ea25abcce7179b6d01446ebce2f14824bfbdbbe7f402bb9
2024-09-30 13:44:14,62,01fbae127e8db09da74812bde292eb77d2a68a7897a5571bb7c33ad12264102a
2024-09-30 13:44:23,62,18248f005b7493422ea25abcce7179b6d01446ebce2f14824bfbdbbe7f402bb9
2024-09-30 13:44:23,62,18248f005b7493422ea25abcce7179b6d01446ebce2f14824bfbdbbe7f402bb9
2024-09-30 13:44:23,62,18248f005b7493422ea25abcce7179b6d01446ebce2f14824bfbdbbe7f402bb9
2024-09-30 13:44:23,62,18248f005b7493422ea25abcce7179b6d01446ebce2f14824bfbdbbe7f402bb9
2024-09-30 13:44:23,62,18248f005b7493422ea25abcce7179b6d01446ebce2f14824bfbdbbe7f402bb9
2024-09-30 13:44:28,62,18248f005b7493422ea25abcce7179b6d01446ebce2f14824bfbdbbe7f402bb9
2024-09-30 13:44:37,62,18248f005b7493422ea25abcce7179b6d01446ebce2f14824bfbdbbe7f402bb9
2024-09-30 13:44:37,62,18248f005b7493422ea25abcce7179b6d01446ebce2f14824bfbdbbe7f402bb9
2024-09-30 13:44:37,62,18248f005b7493422ea25abcce7179b6d01446ebce2f14824bfbdbbe7f402bb9
2024-09-30 13:44:38,62,18248f005b7493422ea25abcce7179b6d01446ebce2f14824bfbdbbe7f402bb9
2024-09-30 13:44:38,62,18248f005b7493422ea25abcce7179b6d01446ebce2f14824bfbdbbe7f402bb9
2024-09-30 13:44:48,62,18248f005b7493422ea25abcce7179b6d01446ebce2f14824bfbdbbe7f402bb9
2024-09-30 13:44:51,62,01fbae127e8db09da74812bde292eb77d2a68a7897a5571bb7c33ad12264102a
2024-09-30 13:44:51,62,01fbae127e8db09da74812bde292eb77d2a68a7897a5571bb7c33ad12264102a
2024-09-30 13:44:51,62,01fbae127e8db09da74812bde292eb77d2a68a7897a5571bb7c33ad12264102a
2024-09-30 13:44:51,62,01fbae127e8db09da74812bde292eb77d2a68a7897a5571bb7c33ad12264102a
2024-09-30 13:44:51,62,01fbae127e8db09da74812bde292eb77d2a68a7897a5571bb7c33ad12264102a
2024-09-30 13:44:54,62,18248f005b7493422ea25abcce7179b6d01446ebce2f14824bfbdbbe7f402bb9
2024-09-30 13:44:56,62,01fbae127e8db09da74812bde292eb77d2a68a7897a5571bb7c33ad12264102a
2024-09-30 13:44:56,62,01fbae127e8db09da74812bde292eb77d2a68a7897a5571bb7c33ad12264102a
2024-09-30 13:44:56,62,01fbae127e8db09da74812bde292eb77d2a68a7897a5571bb7c33ad12264102a
2024-09-30 13:44:56,62,01fbae127e8db09da74812bde292eb77d2a68a7897a5571bb7c33ad12264102a
2024-09-30 13:44:58,62,3901688d33322be8e6e95730a2d46b3b729d303d6507bd4ac75095ad5a7df8e8
2024-09-30 13:45:00,62,ac6bdf2d5686dae420b8fa528fcc9b72514a3cbbdca201fadac306c2091d9b0c
2024-09-30 13:45:00,62,ac6bdf2d5686dae420b8fa528fcc9b72514a3cbbdca201fadac306c2091d9b0c
2024-09-30 13:45:03,62,18248f005b7493422ea25abcce7179b6d01446ebce2f14824bfbdbbe7f402bb9
2024-09-30 13:45:13,62,18248f005b7493422ea25abcce7179b6d01446ebce2f14824bfbdbbe7f402bb9
2024-09-30 13:45:14,62,18248f005b7493422ea25abcce7179b6d01446ebce2f14824bfbdbbe7f402bb9
2024-09-30 13:45:14,62,18248f005b7493422ea25abcce7179b6d01446ebce2f14824bfbdbbe7f402bb9
2024-09-30 13:45:18,62,584fadc5481423104c26d11f7df9e9a427b3f316657647a1d8514982e6f86329
2024-09-30 13:45:18,62,584fadc5481423104c26d11f7df9e9a427b3f316657647a1d8514982e6f86329
2024-09-30 13:45:18,62,584fadc5481423104c26d11f7df9e9a427b3f316657647a1d8514982e6f86329
2024-09-30 13:45:18,62,584fadc5481423104c26d11f7df9e9a427b3f316657647a1d8514982e6f86329
2024-09-30 13:45:18,62,584fadc5481423104c26d11f7df9e9a427b3f316657647a1d8514982e6f86329
2024-09-30 13:45:18,62,584fadc5481423104c26d11f7df9e9a427b3f316657647a1d8514982e6f86329
2024-09-30 13:45:19,62,584fadc5481423104c26d11f7df9e9a427b3f316657647a1d8514982e6f86329
2024-09-30 13:45:19,62,584fadc5481423104c26d11f7df9e9a427b3f316657647a1d8514982e6f86329
2024-09-30 13:45:19,62,01fbae127e8db09da74812bde292eb77d2a68a7897a5571bb7c33ad12264102a
2024-09-30 13:45:19,62,01fbae127e8db09da74812bde292eb77d2a68a7897a5571bb7c33ad12264102a
2024-09-30 13:45:20,62,01fbae127e8db09da74812bde292eb77d2a68a7897a5571bb7c33ad12264102a
2024-09-30 13:45:20,62,01fbae127e8db09da74812bde292eb77d2a68a7897a5571bb7c33ad12264102a
2024-09-30 13:45:30,62,18248f005b7493422ea25abcce7179b6d01446ebce2f14824bfbdbbe7f402bb9
2024-09-30 13:45:30,62,18248f005b7493422ea25abcce7179b6d01446ebce2f14824bfbdbbe7f402bb9
2024-09-30 13:45:30,62,18248f005b7493422ea25abcce7179b6d01446ebce2f14824bfbdbbe7f402bb9
2024-09-30 13:45:35,62,18248f005b7493422ea25abcce7179b6d01446ebce2f14824bfbdbbe7f402bb9
2024-09-30 13:45:35,62,18248f005b7493422ea25abcce7179b6d01446ebce2f14824bfbdbbe7f402bb9
2024-09-30 13:45:37,62,18248f005b7493422ea25abcce7179b6d01446ebce2f14824bfbdbbe7f402bb9
2024-09-30 13:45:37,62,18248f005b7493422ea25abcce7179b6d01446ebce2f14824bfbdbbe7f402bb9
2024-09-30 13:45:37,62,18248f005b7493422ea25abcce7179b6d01446ebce2f14824bfbdbbe7f402bb9
2024-09-30 13:45:40,62,18248f005b7493422ea25abcce7179b6d01446ebce2f14824bfbdbbe7f402bb9
2024-09-30 13:45:41,62,01fbae127e8db09da74812bde292eb77d2a68a7897a5571bb7c33ad12264102a
2024-09-30 13:45:41,62,01fbae127e8db09da74812bde292eb77d2a68a7897a5571bb7c33ad12264102a
2024-09-30 13:45:58,62,18248f005b7493422ea25abcce7179b6d01446ebce2f14824bfbdbbe7f402bb9
2024-09-30 13:45:58,62,18248f005b7493422ea25abcce7179b6d01446ebce2f14824bfbdbbe7f402bb9
2024-09-30 13:45:58,62,18248f005b7493422ea25abcce7179b6d01446ebce2f14824bfbdbbe7f402bb9
2024-09-30 13:45:58,62,18248f005b7493422ea25abcce7179b6d01446ebce2f14824bfbdbbe7f402bb9
2024-09-30 13:45:58,62,18248f005b7493422ea25abcce7179b6d01446ebce2f14824bfbdbbe7f402bb9
2024-09-30 13:45:58,62,18248f005b7493422ea25abcce7179b6d01446ebce2f14824bfbdbbe7f402bb9
2024-09-30 13:45:58,62,18248f005b7493422ea25abcce7179b6d01446ebce2f14824bfbdbbe7f402bb9
2024-09-30 13:45:58,62,18248f005b7493422ea25abcce7179b6d01446ebce2f14824bfbdbbe7f402bb9
2024-09-30 13:46:02,62,18248f005b7493422ea25abcce7179b6d01446ebce2f14824bfbdbbe7f402bb9
2024-09-30 13:46:03,62,d787358040843e660eb94b464371ac26c3ccc54906bd94fcbf398471ccb0e763
2024-09-30 13:46:03,62,d787358040843e660eb94b464371ac26c3ccc54906bd94fcbf398471ccb0e763
2024-09-30 13:46:03,62,f214df8686dde5873f6737cdf93909d29f9b61e55a05fd900714072e85e7e2d9
2024-09-30 13:46:13,62,18248f005b7493422ea25abcce7179b6d01446ebce2f14824bfbdbbe7f402bb9
2024-09-30 13:46:13,62,18248f005b7493422ea25abcce7179b6d01446ebce2f14824bfbdbbe7f402bb9
2024-09-30 13:46:15,62,18248f005b7493422ea25abcce7179b6d01446ebce2f14824bfbdbbe7f402bb9
2024-09-30 13:46:15,62,18248f005b7493422ea25abcce7179b6d01446ebce2f14824bfbdbbe7f402bb9
2024-09-30 13:46:15,62,18248f005b7493422ea25abcce7179b6d01446ebce2f14824bfbdbbe7f402bb9
2024-09-30 13:46:15,62,18248f005b7493422ea25abcce7179b6d01446ebce2f14824bfbdbbe7f402bb9
2024-09-30 13:46:22,62,18248f005b7493422ea25abcce7179b6d01446ebce2f14824bfbdbbe7f402bb9
2024-09-30 13:46:22,62,18248f005b7493422ea25abcce7179b6d01446ebce2f14824bfbdbbe7f402bb9
2024-09-30 13:46:22,62,18248f005b7493422ea25abcce7179b6d01446ebce2f14824bfbdbbe7f402bb9
2024-09-30 13:46:22,62,3901688d33322be8e6e95730a2d46b3b729d303d6507bd4ac75095ad5a7df8e8
2024-09-30 13:46:22,62,18248f005b7493422ea25abcce7179b6d01446ebce2f14824bfbdbbe7f402bb9
2024-09-30 13:46:24,62,18248f005b7493422ea25abcce7179b6d01446ebce2f14824bfbdbbe7f402bb9
2024-09-30 13:46:24,62,18248f005b7493422ea25abcce7179b6d01446ebce2f14824bfbdbbe7f402bb9
2024-09-30 13:46:24,62,18248f005b7493422ea25abcce7179b6d01446ebce2f14824bfbdbbe7f402bb9
2024-09-30 13:46:27,62,18248f005b7493422ea25abcce7179b6d01446ebce2f14824bfbdbbe7f402bb9
2024-09-30 13:46:33,62,18248f005b7493422ea25abcce7179b6d01446ebce2f14824bfbdbbe7f402bb9
2024-09-30 13:46:36,62,18248f005b7493422ea25abcce7179b6d01446ebce2f14824bfbdbbe7f402bb9
2024-09-30 13:46:36,62,18248f005b7493422ea25abcce7179b6d01446ebce2f14824bfbdbbe7f402bb9
2024-09-30 13:46:37,62,18248f005b7493422ea25abcce7179b6d01446ebce2f14824bfbdbbe7f402bb9
2024-09-30 13:46:37,62,18248f005b7493422ea25abcce7179b6d01446ebce2f14824bfbdbbe7f402bb9
2024-09-30 13:46:39,62,d787358040843e660eb94b464371ac26c3ccc54906bd94fcbf398471ccb0e763
2024-09-30 13:46:39,62,d787358040843e660eb94b464371ac26c3ccc54906bd94fcbf398471ccb0e763
2024-09-30 13:46:42,62,18248f005b7493422ea25abcce7179b6d01446ebce2f14824bfbdbbe7f402bb9
2024-09-30 13:46:42,62,18248f005b7493422ea25abcce7179b6d01446ebce2f14824bfbdbbe7f402bb9
2024-09-30 13:46:42,62,18248f005b7493422ea25abcce7179b6d01446ebce2f14824bfbdbbe7f402bb9
2024-09-30 13:46:42,62,18248f005b7493422ea25abcce7179b6d01446ebce2f14824bfbdbbe7f402bb9
2024-09-30 13:46:42,62,18248f005b7493422ea25abcce7179b6d01446ebce2f14824bfbdbbe7f402bb9
2024-09-30 13:46:42,62,18248f005b7493422ea25abcce7179b6d01446ebce2f14824bfbdbbe7f402bb9
2024-09-30 13:46:42,62,18248f005b7493422ea25abcce7179b6d01446ebce2f14824bfbdbbe7f402bb9
2024-09-30 13:46:42,62,18248f005b7493422ea25abcce7179b6d01446ebce2f14824bfbdbbe7f402bb9
2024-09-30 13:46:42,62,18248f005b7493422ea25abcce7179b6d01446ebce2f14824bfbdbbe7f402bb9
2024-09-30 13:46:43,62,01fbae127e8db09da74812bde292eb77d2a68a7897a5571bb7c33ad12264102a
2024-09-30 13:46:43,62,01fbae127e8db09da74812bde292eb77d2a68a7897a5571bb7c33ad12264102a
2024-09-30 13:46:44,62,18248f005b7493422ea25abcce7179b6d01446ebce2f14824bfbdbbe7f402bb9
2024-09-30 13:46:44,62,18248f005b7493422ea25abcce7179b6d01446ebce2f14824bfbdbbe7f402bb9
2024-09-30 13:46:44,62,18248f005b7493422ea25abcce7179b6d01446ebce2f14824bfbdbbe7f402bb9
2024-09-30 13:46:45,62,18248f005b7493422ea25abcce7179b6d01446ebce2f14824bfbdbbe7f402bb9
2024-09-30 13:46:45,62,18248f005b7493422ea25abcce7179b6d01446ebce2f14824bfbdbbe7f402bb9
2024-09-30 13:46:46,62,18248f005b7493422ea25abcce7179b6d01446ebce2f14824bfbdbbe7f402bb9
2024-09-30 13:46:46,62,18248f005b7493422ea25abcce7179b6d01446ebce2f14824bfbdbbe7f402bb9
2024-09-30 13:46:47,62,18248f005b7493422ea25abcce7179b6d01446ebce2f14824bfbdbbe7f402bb9
2024-09-30 13:46:47,62,18248f005b7493422ea25abcce7179b6d01446ebce2f14824bfbdbbe7f402bb9
2024-09-30 13:46:47,62,18248f005b7493422ea25abcce7179b6d01446ebce2f14824bfbdbbe7f402bb9
2024-09-30 13:46:47,62,18248f005b7493422ea25abcce7179b6d01446ebce2f14824bfbdbbe7f402bb9
2024-09-30 13:46:47,62,18248f005b7493422ea25abcce7179b6d01446ebce2f14824bfbdbbe7f402bb9
2024-09-30 13:46:47,62,18248f005b7493422ea25abcce7179b6d01446ebce2f14824bfbdbbe7f402bb9
2024-09-30 13:46:48,62,18248f005b7493422ea25abcce7179b6d01446ebce2f14824bfbdbbe7f402bb9
2024-09-30 13:46:48,62,18248f005b7493422ea25abcce7179b6d01446ebce2f14824bfbdbbe7f402bb9
2024-09-30 13:46:48,62,18248f005b7493422ea25abcce7179b6d01446ebce2f14824bfbdbbe7f402bb9
2024-09-30 13:46:49,62,18248f005b7493422ea25abcce7179b6d01446ebce2f14824bfbdbbe7f402bb9
2024-09-30 13:46:50,62,18248f005b7493422ea25abcce7179b6d01446ebce2f14824bfbdbbe7f402bb9
2024-09-30 13:46:50,62,18248f005b7493422ea25abcce7179b6d01446ebce2f14824bfbdbbe7f402bb9
2024-09-30 13:46:51,62,18248f005b7493422ea25abcce7179b6d01446ebce2f14824bfbdbbe7f402bb9
2024-09-30 13:46:51,62,18248f005b7493422ea25abcce7179b6d01446ebce2f14824bfbdbbe7f402bb9
2024-09-30 13:46:52,62,18248f005b7493422ea25abcce7179b6d01446ebce2f14824bfbdbbe7f402bb9
2024-09-30 13:46:52,62,18248f005b7493422ea25abcce7179b6d01446ebce2f14824bfbdbbe7f402bb9
2024-09-30 13:46:53,62,18248f005b7493422ea25abcce7179b6d01446ebce2f14824bfbdbbe7f402bb9
2024-09-30 13:46:53,62,18248f005b7493422ea25abcce7179b6d01446ebce2f14824bfbdbbe7f402bb9
2024-09-30 13:46:54,62,18248f005b7493422ea25abcce7179b6d01446ebce2f14824bfbdbbe7f402bb9
2024-09-30 13:46:54,62,18248f005b7493422ea25abcce7179b6d01446ebce2f14824bfbdbbe7f402bb9
2024-09-30 13:46:54,62,18248f005b7493422ea25abcce7179b6d01446ebce2f14824bfbdbbe7f402bb9
2024-09-30 13:46:54,62,18248f005b7493422ea25abcce7179b6d01446ebce2f14824bfbdbbe7f402bb9
2024-09-30 13:46:54,62,18248f005b7493422ea25abcce7179b6d01446ebce2f14824bfbdbbe7f402bb9
2024-09-30 13:46:54,62,18248f005b7493422ea25abcce7179b6d01446ebce2f14824bfbdbbe7f402bb9
2024-09-30 13:46:55,62,18248f005b7493422ea25abcce7179b6d01446ebce2f14824bfbdbbe7f402bb9
2024-09-30 13:46:55,62,18248f005b7493422ea25abcce7179b6d01446ebce2f14824bfbdbbe7f402bb9
2024-09-30 13:46:56,62,18248f005b7493422ea25abcce7179b6d01446ebce2f14824bfbdbbe7f402bb9
2024-09-30 13:46:57,62,18248f005b7493422ea25abcce7179b6d01446ebce2f14824bfbdbbe7f402bb9
2024-09-30 13:46:57,62,18248f005b7493422ea25abcce7179b6d01446ebce2f14824bfbdbbe7f402bb9
2024-09-30 13:46:57,62,18248f005b7493422ea25abcce7179b6d01446ebce2f14824bfbdbbe7f402bb9
2024-09-30 13:46:57,62,18248f005b7493422ea25abcce7179b6d01446ebce2f14824bfbdbbe7f402bb9
2024-09-30 13:47:02,62,01fbae127e8db09da74812bde292eb77d2a68a7897a5571bb7c33ad12264102a
2024-09-30 13:47:02,62,01fbae127e8db09da74812bde292eb77d2a68a7897a5571bb7c33ad12264102a
2024-09-30 13:47:02,62,01fbae127e8db09da74812bde292eb77d2a68a7897a5571bb7c33ad12264102a
2024-09-30 13:47:02,62,01fbae127e8db09da74812bde292eb77d2a68a7897a5571bb7c33ad12264102a
2024-09-30 13:47:02,62,01fbae127e8db09da74812bde292eb77d2a68a7897a5571bb7c33ad12264102a
2024-09-30 13:47:07,62,d787358040843e660eb94b464371ac26c3ccc54906bd94fcbf398471ccb0e763
2024-09-30 13:47:09,62,01fbae127e8db09da74812bde292eb77d2a68a7897a5571bb7c33ad12264102a
2024-09-30 13:47:10,62,01fbae127e8db09da74812bde292eb77d2a68a7897a5571bb7c33ad12264102a
2024-09-30 13:47:13,62,18248f005b7493422ea25abcce7179b6d01446ebce2f14824bfbdbbe7f402bb9
2024-09-30 13:47:17,62,01fbae127e8db09da74812bde292eb77d2a68a7897a5571bb7c33ad12264102a
2024-09-30 13:47:17,62,01fbae127e8db09da74812bde292eb77d2a68a7897a5571bb7c33ad12264102a
2024-09-30 13:47:18,62,18248f005b7493422ea25abcce7179b6d01446ebce2f14824bfbdbbe7f402bb9
2024-09-30 13:47:18,62,18248f005b7493422ea25abcce7179b6d01446ebce2f14824bfbdbbe7f402bb9
2024-09-30 13:47:18,62,18248f005b7493422ea25abcce7179b6d01446ebce2f14824bfbdbbe7f402bb9
2024-09-30 13:47:18,62,18248f005b7493422ea25abcce7179b6d01446ebce2f14824bfbdbbe7f402bb9
2024-09-30 13:47:18,62,18248f005b7493422ea25abcce7179b6d01446ebce2f14824bfbdbbe7f402bb9
2024-09-30 13:47:18,62,18248f005b7493422ea25abcce7179b6d01446ebce2f14824bfbdbbe7f402bb9
2024-09-30 13:47:18,62,18248f005b7493422ea25abcce7179b6d01446ebce2f14824bfbdbbe7f402bb9
2024-09-30 13:47:20,62,584fadc5481423104c26d11f7df9e9a427b3f316657647a1d8514982e6f86329
2024-09-30 13:47:20,62,584fadc5481423104c26d11f7df9e9a427b3f316657647a1d8514982e6f86329
2024-09-30 13:47:20,62,584fadc5481423104c26d11f7df9e9a427b3f316657647a1d8514982e6f86329
2024-09-30 13:47:20,62,584fadc5481423104c26d11f7df9e9a427b3f316657647a1d8514982e6f86329
2024-09-30 13:47:20,62,18248f005b7493422ea25abcce7179b6d01446ebce2f14824bfbdbbe7f402bb9
2024-09-30 13:47:21,62,18248f005b7493422ea25abcce7179b6d01446ebce2f14824bfbdbbe7f402bb9
2024-09-30 13:47:21,62,d787358040843e660eb94b464371ac26c3ccc54906bd94fcbf398471ccb0e763
2024-09-30 13:47:21,62,d787358040843e660eb94b464371ac26c3ccc54906bd94fcbf398471ccb0e763
2024-09-30 13:47:21,62,18248f005b7493422ea25abcce7179b6d01446ebce2f14824bfbdbbe7f402bb9
2024-09-30 13:47:21,62,18248f005b7493422ea25abcce7179b6d01446ebce2f14824bfbdbbe7f402bb9
2024-09-30 13:47:21,62,18248f005b7493422ea25abcce7179b6d01446ebce2f14824bfbdbbe7f402bb9
2024-09-30 13:47:23,62,18248f005b7493422ea25abcce7179b6d01446ebce2f14824bfbdbbe7f402bb9
2024-09-30 13:47:30,62,18248f005b7493422ea25abcce7179b6d01446ebce2f14824bfbdbbe7f402bb9
2024-09-30 13:47:30,62,18248f005b7493422ea25abcce7179b6d01446ebce2f14824bfbdbbe7f402bb9
2024-09-30 13:47:30,62,18248f005b7493422ea25abcce7179b6d01446ebce2f14824bfbdbbe7f402bb9
2024-09-30 13:47:31,62,18248f005b7493422ea25abcce7179b6d01446ebce2f14824bfbdbbe7f402bb9
2024-09-30 13:47:31,62,18248f005b7493422ea25abcce7179b6d01446ebce2f14824bfbdbbe7f402bb9
2024-09-30 13:47:31,62,18248f005b7493422ea25abcce7179b6d01446ebce2f14824bfbdbbe7f402bb9
2024-09-30 13:47:31,62,18248f005b7493422ea25abcce7179b6d01446ebce2f14824bfbdbbe7f402bb9
2024-09-30 13:47:31,62,18248f005b7493422ea25abcce7179b6d01446ebce2f14824bfbdbbe7f402bb9
2024-09-30 13:47:31,62,18248f005b7493422ea25abcce7179b6d01446ebce2f14824bfbdbbe7f402bb9
2024-09-30 13:47:31,62,18248f005b7493422ea25abcce7179b6d01446ebce2f14824bfbdbbe7f402bb9
2024-09-30 13:47:32,62,18248f005b7493422ea25abcce7179b6d01446ebce2f14824bfbdbbe7f402bb9
2024-09-30 13:47:32,62,18248f005b7493422ea25abcce7179b6d01446ebce2f14824bfbdbbe7f402bb9
2024-09-30 13:47:32,62,18248f005b7493422ea25abcce7179b6d01446ebce2f14824bfbdbbe7f402bb9
2024-09-30 13:47:32,62,18248f005b7493422ea25abcce7179b6d01446ebce2f14824bfbdbbe7f402bb9
2024-09-30 13:47:32,62,18248f005b7493422ea25abcce7179b6d01446ebce2f14824bfbdbbe7f402bb9
2024-09-30 13:47:37,62,18248f005b7493422ea25abcce7179b6d01446ebce2f14824bfbdbbe7f402bb9
2024-09-30 13:47:37,62,18248f005b7493422ea25abcce7179b6d01446ebce2f14824bfbdbbe7f402bb9
2024-09-30 13:47:42,62,18248f005b7493422ea25abcce7179b6d01446ebce2f14824bfbdbbe7f402bb9
2024-09-30 13:47:44,62,18248f005b7493422ea25abcce7179b6d01446ebce2f14824bfbdbbe7f402bb9
2024-09-30 13:47:44,62,18248f005b7493422ea25abcce7179b6d01446ebce2f14824bfbdbbe7f402bb9
2024-09-30 13:47:44,62,18248f005b7493422ea25abcce7179b6d01446ebce2f14824bfbdbbe7f402bb9
2024-09-30 13:47:44,62,18248f005b7493422ea25abcce7179b6d01446ebce2f14824bfbdbbe7f402bb9
2024-09-30 13:47:46,62,18248f005b7493422ea25abcce7179b6d01446ebce2f14824bfbdbbe7f402bb9
2024-09-30 13:47:49,62,01fbae127e8db09da74812bde292eb77d2a68a7897a5571bb7c33ad12264102a
2024-09-30 13:47:49,62,d787358040843e660eb94b464371ac26c3ccc54906bd94fcbf398471ccb0e763
2024-09-30 13:47:49,62,d787358040843e660eb94b464371ac26c3ccc54906bd94fcbf398471ccb0e763
2024-09-30 13:47:49,62,01fbae127e8db09da74812bde292eb77d2a68a7897a5571bb7c33ad12264102a
2024-09-30 13:47:49,62,01fbae127e8db09da74812bde292eb77d2a68a7897a5571bb7c33ad12264102a
2024-09-30 13:47:52,62,cc8436b64151fd52cdf3d956133112a1da3dd2aafea0e295772cea62deb699e3
2024-09-30 13:47:53,62,18248f005b7493422ea25abcce7179b6d01446ebce2f14824bfbdbbe7f402bb9
2024-09-30 13:47:53,62,18248f005b7493422ea25abcce7179b6d01446ebce2f14824bfbdbbe7f402bb9
2024-09-30 13:47:53,62,18248f005b7493422ea25abcce7179b6d01446ebce2f14824bfbdbbe7f402bb9
2024-09-30 13:47:57,62,18248f005b7493422ea25abcce7179b6d01446ebce2f14824bfbdbbe7f402bb9
2024-09-30 13:47:57,62,18248f005b7493422ea25abcce7179b6d01446ebce2f14824bfbdbbe7f402bb9
2024-09-30 13:47:57,62,18248f005b7493422ea25abcce7179b6d01446ebce2f14824bfbdbbe7f402bb9
2024-09-30 13:47:58,62,18248f005b7493422ea25abcce7179b6d01446ebce2f14824bfbdbbe7f402bb9
2024-09-30 13:47:59,62,18248f005b7493422ea25abcce7179b6d01446ebce2f14824bfbdbbe7f402bb9
2024-09-30 13:48:00,62,18248f005b7493422ea25abcce7179b6d01446ebce2f14824bfbdbbe7f402bb9
2024-09-30 13:48:00,62,18248f005b7493422ea25abcce7179b6d01446ebce2f14824bfbdbbe7f402bb9
2024-09-30 13:48:00,62,18248f005b7493422ea25abcce7179b6d01446ebce2f14824bfbdbbe7f402bb9
2024-09-30 13:48:00,62,ac6bdf2d5686dae420b8fa528fcc9b72514a3cbbdca201fadac306c2091d9b0c
2024-09-30 13:48:02,62,18248f005b7493422ea25abcce7179b6d01446ebce2f14824bfbdbbe7f402bb9
2024-09-30 13:48:02,62,18248f005b7493422ea25abcce7179b6d01446ebce2f14824bfbdbbe7f402bb9
2024-09-30 13:48:04,62,18248f005b7493422ea25abcce7179b6d01446ebce2f14824bfbdbbe7f402bb9
2024-09-30 13:48:04,62,18248f005b7493422ea25abcce7179b6d01446ebce2f14824bfbdbbe7f402bb9
2024-09-30 13:48:11,62,18248f005b7493422ea25abcce7179b6d01446ebce2f14824bfbdbbe7f402bb9
2024-09-30 13:48:11,62,18248f005b7493422ea25abcce7179b6d01446ebce2f14824bfbdbbe7f402bb9
2024-09-30 13:48:12,62,18248f005b7493422ea25abcce7179b6d01446ebce2f14824bfbdbbe7f402bb9
2024-09-30 13:48:12,62,18248f005b7493422ea25abcce7179b6d01446ebce2f14824bfbdbbe7f402bb9
2024-09-30 13:48:19,62,18248f005b7493422ea25abcce7179b6d01446ebce2f14824bfbdbbe7f402bb9
2024-09-30 13:48:24,62,18248f005b7493422ea25abcce7179b6d01446ebce2f14824bfbdbbe7f402bb9
2024-09-30 13:48:24,62,18248f005b7493422ea25abcce7179b6d01446ebce2f14824bfbdbbe7f402bb9
2024-09-30 13:48:24,62,18248f005b7493422ea25abcce7179b6d01446ebce2f14824bfbdbbe7f402bb9
2024-09-30 13:48:24,62,18248f005b7493422ea25abcce7179b6d01446ebce2f14824bfbdbbe7f402bb9
2024-09-30 13:48:26,62,18248f005b7493422ea25abcce7179b6d01446ebce2f14824bfbdbbe7f402bb9
2024-09-30 13:48:26,62,18248f005b7493422ea25abcce7179b6d01446ebce2f14824bfbdbbe7f402bb9
2024-09-30 13:48:26,62,18248f005b7493422ea25abcce7179b6d01446ebce2f14824bfbdbbe7f402bb9
2024-09-30 13:48:27,62,18248f005b7493422ea25abcce7179b6d01446ebce2f14824bfbdbbe7f402bb9
2024-09-30 13:48:27,62,18248f005b7493422ea25abcce7179b6d01446ebce2f14824bfbdbbe7f402bb9
2024-09-30 13:48:27,62,18248f005b7493422ea25abcce7179b6d01446ebce2f14824bfbdbbe7f402bb9
2024-09-30 13:48:27,62,18248f005b7493422ea25abcce7179b6d01446ebce2f14824bfbdbbe7f402bb9
2024-09-30 13:48:27,62,18248f005b7493422ea25abcce7179b6d01446ebce2f14824bfbdbbe7f402bb9
2024-09-30 13:48:29,62,18248f005b7493422ea25abcce7179b6d01446ebce2f14824bfbdbbe7f402bb9
2024-09-30 13:48:31,62,18248f005b7493422ea25abcce7179b6d01446ebce2f14824bfbdbbe7f402bb9
2024-09-30 13:48:39,62,18248f005b7493422ea25abcce7179b6d01446ebce2f14824bfbdbbe7f402bb9
2024-09-30 13:48:39,62,18248f005b7493422ea25abcce7179b6d01446ebce2f14824bfbdbbe7f402bb9
2024-09-30 13:48:39,62,18248f005b7493422ea25abcce7179b6d01446ebce2f14824bfbdbbe7f402bb9
2024-09-30 13:48:39,62,18248f005b7493422ea25abcce7179b6d01446ebce2f14824bfbdbbe7f402bb9
2024-09-30 13:48:39,62,18248f005b7493422ea25abcce7179b6d01446ebce2f14824bfbdbbe7f402bb9
2024-09-30 13:48:40,62,18248f005b7493422ea25abcce7179b6d01446ebce2f14824bfbdbbe7f402bb9
2024-09-30 13:48:40,62,18248f005b7493422ea25abcce7179b6d01446ebce2f14824bfbdbbe7f402bb9
2024-09-30 13:48:40,62,18248f005b7493422ea25abcce7179b6d01446ebce2f14824bfbdbbe7f402bb9
2024-09-30 13:48:40,62,18248f005b7493422ea25abcce7179b6d01446ebce2f14824bfbdbbe7f402bb9
2024-09-30 13:48:40,62,18248f005b7493422ea25abcce7179b6d01446ebce2f14824bfbdbbe7f402bb9
2024-09-30 13:48:40,62,18248f005b7493422ea25abcce7179b6d01446ebce2f14824bfbdbbe7f402bb9
2024-09-30 13:48:40,62,18248f005b7493422ea25abcce7179b6d01446ebce2f14824bfbdbbe7f402bb9
2024-09-30 13:48:40,62,18248f005b7493422ea25abcce7179b6d01446ebce2f14824bfbdbbe7f402bb9
2024-09-30 13:48:41,62,18248f005b7493422ea25abcce7179b6d01446ebce2f14824bfbdbbe7f402bb9
2024-09-30 13:48:41,62,18248f005b7493422ea25abcce7179b6d01446ebce2f14824bfbdbbe7f402bb9
2024-09-30 13:48:45,62,0da0408cf172cf652980c296e04f6da88b4cd082b95640e05b763cd9c6b21fa6
2024-09-30 13:48:45,62,0da0408cf172cf652980c296e04f6da88b4cd082b95640e05b763cd9c6b21fa6
2024-09-30 13:48:45,62,0da0408cf172cf652980c296e04f6da88b4cd082b95640e05b763cd9c6b21fa6
2024-09-30 13:48:45,62,0da0408cf172cf652980c296e04f6da88b4cd082b95640e05b763cd9c6b21fa6
2024-09-30 13:48:45,62,0da0408cf172cf652980c296e04f6da88b4cd082b95640e05b763cd9c6b21fa6
2024-09-30 13:48:45,62,0da0408cf172cf652980c296e04f6da88b4cd082b95640e05b763cd9c6b21fa6
2024-09-30 13:48:45,62,0da0408cf172cf652980c296e04f6da88b4cd082b95640e05b763cd9c6b21fa6
2024-09-30 13:48:45,62,0da0408cf172cf652980c296e04f6da88b4cd082b95640e05b763cd9c6b21fa6
2024-09-30 13:48:45,62,0da0408cf172cf652980c296e04f6da88b4cd082b95640e05b763cd9c6b21fa6
2024-09-30 13:48:48,62,01fbae127e8db09da74812bde292eb77d2a68a7897a5571bb7c33ad12264102a
2024-09-30 13:48:48,62,01fbae127e8db09da74812bde292eb77d2a68a7897a5571bb7c33ad12264102a
2024-09-30 13:48:48,62,01fbae127e8db09da74812bde292eb77d2a68a7897a5571bb7c33ad12264102a
2024-09-30 13:48:48,62,01fbae127e8db09da74812bde292eb77d2a68a7897a5571bb7c33ad12264102a
2024-09-30 13:48:48,62,01fbae127e8db09da74812bde292eb77d2a68a7897a5571bb7c33ad12264102a
2024-09-30 13:48:49,62,01fbae127e8db09da74812bde292eb77d2a68a7897a5571bb7c33ad12264102a
2024-09-30 13:48:50,62,01fbae127e8db09da74812bde292eb77d2a68a7897a5571bb7c33ad12264102a
2024-09-30 13:48:56,62,18248f005b7493422ea25abcce7179b6d01446ebce2f14824bfbdbbe7f402bb9
2024-09-30 13:48:56,62,18248f005b7493422ea25abcce7179b6d01446ebce2f14824bfbdbbe7f402bb9
2024-09-30 13:48:56,62,18248f005b7493422ea25abcce7179b6d01446ebce2f14824bfbdbbe7f402bb9
2024-09-30 13:49:04,62,18248f005b7493422ea25abcce7179b6d01446ebce2f14824bfbdbbe7f402bb9
2024-09-30 13:49:10,62,18248f005b7493422ea25abcce7179b6d01446ebce2f14824bfbdbbe7f402bb9
2024-09-30 13:49:10,62,18248f005b7493422ea25abcce7179b6d01446ebce2f14824bfbdbbe7f402bb9
2024-09-30 13:49:10,62,18248f005b7493422ea25abcce7179b6d01446ebce2f14824bfbdbbe7f402bb9
2024-09-30 13:49:10,62,18248f005b7493422ea25abcce7179b6d01446ebce2f14824bfbdbbe7f402bb9
2024-09-30 13:49:10,62,18248f005b7493422ea25abcce7179b6d01446ebce2f14824bfbdbbe7f402bb9
2024-09-30 13:49:10,62,18248f005b7493422ea25abcce7179b6d01446ebce2f14824bfbdbbe7f402bb9
2024-09-30 13:49:14,62,18248f005b7493422ea25abcce7179b6d01446ebce2f14824bfbdbbe7f402bb9
2024-09-30 13:49:20,62,01fbae127e8db09da74812bde292eb77d2a68a7897a5571bb7c33ad12264102a
2024-09-30 13:49:20,62,18248f005b7493422ea25abcce7179b6d01446ebce2f14824bfbdbbe7f402bb9
2024-09-30 13:49:20,62,01fbae127e8db09da74812bde292eb77d2a68a7897a5571bb7c33ad12264102a
2024-09-30 13:49:20,62,18248f005b7493422ea25abcce7179b6d01446ebce2f14824bfbdbbe7f402bb9
2024-09-30 13:49:23,62,18248f005b7493422ea25abcce7179b6d01446ebce2f14824bfbdbbe7f402bb9
2024-09-30 13:49:24,62,18248f005b7493422ea25abcce7179b6d01446ebce2f14824bfbdbbe7f402bb9
2024-09-30 13:49:24,62,18248f005b7493422ea25abcce7179b6d01446ebce2f14824bfbdbbe7f402bb9
2024-09-30 13:49:24,62,18248f005b7493422ea25abcce7179b6d01446ebce2f14824bfbdbbe7f402bb9
2024-09-30 13:49:24,62,18248f005b7493422ea25abcce7179b6d01446ebce2f14824bfbdbbe7f402bb9
2024-09-30 13:49:25,62,18248f005b7493422ea25abcce7179b6d01446ebce2f14824bfbdbbe7f402bb9
2024-09-30 13:49:25,62,18248f005b7493422ea25abcce7179b6d01446ebce2f14824bfbdbbe7f402bb9
2024-09-30 13:49:35,62,01fbae127e8db09da74812bde292eb77d2a68a7897a5571bb7c33ad12264102a
2024-09-30 13:49:35,62,01fbae127e8db09da74812bde292eb77d2a68a7897a5571bb7c33ad12264102a
2024-09-30 13:49:35,62,01fbae127e8db09da74812bde292eb77d2a68a7897a5571bb7c33ad12264102a
2024-09-30 13:49:35,62,01fbae127e8db09da74812bde292eb77d2a68a7897a5571bb7c33ad12264102a
2024-09-30 13:49:37,62,18248f005b7493422ea25abcce7179b6d01446ebce2f14824bfbdbbe7f402bb9
2024-09-30 13:49:56,62,b259ad7b374273c26bec3567023bb3cef7a54a76409fb3688a4ef5ae3e07d4ba
2024-09-30 13:49:56,62,b259ad7b374273c26bec3567023bb3cef7a54a76409fb3688a4ef5ae3e07d4ba
2024-09-30 13:49:56,62,b259ad7b374273c26bec3567023bb3cef7a54a76409fb3688a4ef5ae3e07d4ba
2024-09-30 13:49:56,62,b259ad7b374273c26bec3567023bb3cef7a54a76409fb3688a4ef5ae3e07d4ba
2024-09-30 13:49:56,62,b259ad7b374273c26bec3567023bb3cef7a54a76409fb3688a4ef5ae3e07d4ba
2024-09-30 13:49:57,62,18248f005b7493422ea25abcce7179b6d01446ebce2f14824bfbdbbe7f402bb9
2024-09-30 13:49:57,62,18248f005b7493422ea25abcce7179b6d01446ebce2f14824bfbdbbe7f402bb9
2024-09-30 13:50:11,62,18248f005b7493422ea25abcce7179b6d01446ebce2f14824bfbdbbe7f402bb9
2024-09-30 13:50:17,62,18248f005b7493422ea25abcce7179b6d01446ebce2f14824bfbdbbe7f402bb9
2024-09-30 13:50:17,62,18248f005b7493422ea25abcce7179b6d01446ebce2f14824bfbdbbe7f402bb9
2024-09-30 13:50:17,62,18248f005b7493422ea25abcce7179b6d01446ebce2f14824bfbdbbe7f402bb9
2024-09-30 13:50:17,62,18248f005b7493422ea25abcce7179b6d01446ebce2f14824bfbdbbe7f402bb9
2024-09-30 13:50:17,62,18248f005b7493422ea25abcce7179b6d01446ebce2f14824bfbdbbe7f402bb9
2024-09-30 13:50:17,62,18248f005b7493422ea25abcce7179b6d01446ebce2f14824bfbdbbe7f402bb9
2024-09-30 13:50:17,62,18248f005b7493422ea25abcce7179b6d01446ebce2f14824bfbdbbe7f402bb9
2024-09-30 13:50:25,62,18248f005b7493422ea25abcce7179b6d01446ebce2f14824bfbdbbe7f402bb9
2024-09-30 13:50:26,62,18248f005b7493422ea25abcce7179b6d01446ebce2f14824bfbdbbe7f402bb9
2024-09-30 13:50:26,62,18248f005b7493422ea25abcce7179b6d01446ebce2f14824bfbdbbe7f402bb9
2024-09-30 13:50:26,62,18248f005b7493422ea25abcce7179b6d01446ebce2f14824bfbdbbe7f402bb9
2024-09-30 13:50:26,62,18248f005b7493422ea25abcce7179b6d01446ebce2f14824bfbdbbe7f402bb9
2024-09-30 13:50:27,62,584fadc5481423104c26d11f7df9e9a427b3f316657647a1d8514982e6f86329
2024-09-30 13:50:27,62,584fadc5481423104c26d11f7df9e9a427b3f316657647a1d8514982e6f86329
2024-09-30 13:50:27,62,01fbae127e8db09da74812bde292eb77d2a68a7897a5571bb7c33ad12264102a
2024-09-30 13:50:27,62,584fadc5481423104c26d11f7df9e9a427b3f316657647a1d8514982e6f86329
2024-09-30 13:50:27,62,584fadc5481423104c26d11f7df9e9a427b3f316657647a1d8514982e6f86329
2024-09-30 13:50:27,62,584fadc5481423104c26d11f7df9e9a427b3f316657647a1d8514982e6f86329
2024-09-30 13:50:27,62,584fadc5481423104c26d11f7df9e9a427b3f316657647a1d8514982e6f86329
2024-09-30 13:50:27,62,584fadc5481423104c26d11f7df9e9a427b3f316657647a1d8514982e6f86329
2024-09-30 13:50:27,62,584fadc5481423104c26d11f7df9e9a427b3f316657647a1d8514982e6f86329
2024-09-30 13:50:27,62,584fadc5481423104c26d11f7df9e9a427b3f316657647a1d8514982e6f86329
2024-09-30 13:50:27,62,584fadc5481423104c26d11f7df9e9a427b3f316657647a1d8514982e6f86329
2024-09-30 13:50:27,62,584fadc5481423104c26d11f7df9e9a427b3f316657647a1d8514982e6f86329
2024-09-30 13:50:34,62,18248f005b7493422ea25abcce7179b6d01446ebce2f14824bfbdbbe7f402bb9
2024-09-30 13:50:35,62,18248f005b7493422ea25abcce7179b6d01446ebce2f14824bfbdbbe7f402bb9
2024-09-30 13:50:37,62,18248f005b7493422ea25abcce7179b6d01446ebce2f14824bfbdbbe7f402bb9
2024-09-30 13:50:37,62,18248f005b7493422ea25abcce7179b6d01446ebce2f14824bfbdbbe7f402bb9
2024-09-30 13:50:37,62,18248f005b7493422ea25abcce7179b6d01446ebce2f14824bfbdbbe7f402bb9
2024-09-30 13:50:41,62,584fadc5481423104c26d11f7df9e9a427b3f316657647a1d8514982e6f86329
2024-09-30 13:50:41,62,584fadc5481423104c26d11f7df9e9a427b3f316657647a1d8514982e6f86329
2024-09-30 13:50:41,62,584fadc5481423104c26d11f7df9e9a427b3f316657647a1d8514982e6f86329
2024-09-30 13:50:41,62,584fadc5481423104c26d11f7df9e9a427b3f316657647a1d8514982e6f86329
2024-09-30 13:50:41,62,584fadc5481423104c26d11f7df9e9a427b3f316657647a1d8514982e6f86329
2024-09-30 13:50:41,62,584fadc5481423104c26d11f7df9e9a427b3f316657647a1d8514982e6f86329
2024-09-30 13:50:44,62,584fadc5481423104c26d11f7df9e9a427b3f316657647a1d8514982e6f86329
2024-09-30 13:50:44,62,584fadc5481423104c26d11f7df9e9a427b3f316657647a1d8514982e6f86329
2024-09-30 13:50:44,62,584fadc5481423104c26d11f7df9e9a427b3f316657647a1d8514982e6f86329
2024-09-30 13:50:44,62,584fadc5481423104c26d11f7df9e9a427b3f316657647a1d8514982e6f86329
2024-09-30 13:50:44,62,584fadc5481423104c26d11f7df9e9a427b3f316657647a1d8514982e6f86329
2024-09-30 13:50:44,62,584fadc5481423104c26d11f7df9e9a427b3f316657647a1d8514982e6f86329
2024-09-30 13:50:44,62,584fadc5481423104c26d11f7df9e9a427b3f316657647a1d8514982e6f86329
2024-09-30 13:50:44,62,584fadc5481423104c26d11f7df9e9a427b3f316657647a1d8514982e6f86329
2024-09-30 13:50:44,62,584fadc5481423104c26d11f7df9e9a427b3f316657647a1d8514982e6f86329
2024-09-30 13:50:45,62,0da0408cf172cf652980c296e04f6da88b4cd082b95640e05b763cd9c6b21fa6
2024-09-30 13:50:45,62,0da0408cf172cf652980c296e04f6da88b4cd082b95640e05b763cd9c6b21fa6
2024-09-30 13:50:45,62,0da0408cf172cf652980c296e04f6da88b4cd082b95640e05b763cd9c6b21fa6
2024-09-30 13:50:45,62,0da0408cf172cf652980c296e04f6da88b4cd082b95640e05b763cd9c6b21fa6
2024-09-30 13:50:45,62,18248f005b7493422ea25abcce7179b6d01446ebce2f14824bfbdbbe7f402bb9
2024-09-30 13:50:45,62,0da0408cf172cf652980c296e04f6da88b4cd082b95640e05b763cd9c6b21fa6
2024-09-30 13:50:45,62,18248f005b7493422ea25abcce7179b6d01446ebce2f14824bfbdbbe7f402bb9
2024-09-30 13:50:45,62,0da0408cf172cf652980c296e04f6da88b4cd082b95640e05b763cd9c6b21fa6
2024-09-30 13:50:45,62,0da0408cf172cf652980c296e04f6da88b4cd082b95640e05b763cd9c6b21fa6
2024-09-30 13:50:45,62,0da0408cf172cf652980c296e04f6da88b4cd082b95640e05b763cd9c6b21fa6
2024-09-30 13:50:45,62,0da0408cf172cf652980c296e04f6da88b4cd082b95640e05b763cd9c6b21fa6
2024-09-30 13:50:45,62,0da0408cf172cf652980c296e04f6da88b4cd082b95640e05b763cd9c6b21fa6
2024-09-30 13:50:45,62,0da0408cf172cf652980c296e04f6da88b4cd082b95640e05b763cd9c6b21fa6
2024-09-30 13:50:51,62,584fadc5481423104c26d11f7df9e9a427b3f316657647a1d8514982e6f86329
2024-09-30 13:50:51,62,584fadc5481423104c26d11f7df9e9a427b3f316657647a1d8514982e6f86329
2024-09-30 13:50:51,62,584fadc5481423104c26d11f7df9e9a427b3f316657647a1d8514982e6f86329
2024-09-30 13:50:51,62,584fadc5481423104c26d11f7df9e9a427b3f316657647a1d8514982e6f86329
2024-09-30 13:50:51,62,584fadc5481423104c26d11f7df9e9a427b3f316657647a1d8514982e6f86329
2024-09-30 13:50:51,62,584fadc5481423104c26d11f7df9e9a427b3f316657647a1d8514982e6f86329
2024-09-30 13:50:53,62,18248f005b7493422ea25abcce7179b6d01446ebce2f14824bfbdbbe7f402bb9
2024-09-30 13:50:55,62,18248f005b7493422ea25abcce7179b6d01446ebce2f14824bfbdbbe7f402bb9
2024-09-30 13:50:55,62,18248f005b7493422ea25abcce7179b6d01446ebce2f14824bfbdbbe7f402bb9
2024-09-30 13:50:56,62,584fadc5481423104c26d11f7df9e9a427b3f316657647a1d8514982e6f86329
2024-09-30 13:50:56,62,584fadc5481423104c26d11f7df9e9a427b3f316657647a1d8514982e6f86329
2024-09-30 13:50:56,62,584fadc5481423104c26d11f7df9e9a427b3f316657647a1d8514982e6f86329
2024-09-30 13:50:56,62,584fadc5481423104c26d11f7df9e9a427b3f316657647a1d8514982e6f86329
2024-09-30 13:50:56,62,584fadc5481423104c26d11f7df9e9a427b3f316657647a1d8514982e6f86329
2024-09-30 13:50:56,62,584fadc5481423104c26d11f7df9e9a427b3f316657647a1d8514982e6f86329
2024-09-30 13:51:00,62,ac6bdf2d5686dae420b8fa528fcc9b72514a3cbbdca201fadac306c2091d9b0c
2024-09-30 13:51:01,62,584fadc5481423104c26d11f7df9e9a427b3f316657647a1d8514982e6f86329
2024-09-30 13:51:01,62,584fadc5481423104c26d11f7df9e9a427b3f316657647a1d8514982e6f86329
2024-09-30 13:51:01,62,584fadc5481423104c26d11f7df9e9a427b3f316657647a1d8514982e6f86329
2024-09-30 13:51:01,62,584fadc5481423104c26d11f7df9e9a427b3f316657647a1d8514982e6f86329
2024-09-30 13:51:01,62,584fadc5481423104c26d11f7df9e9a427b3f316657647a1d8514982e6f86329
2024-09-30 13:51:03,62,18248f005b7493422ea25abcce7179b6d01446ebce2f14824bfbdbbe7f402bb9
2024-09-30 13:51:06,62,584fadc5481423104c26d11f7df9e9a427b3f316657647a1d8514982e6f86329
2024-09-30 13:51:06,62,584fadc5481423104c26d11f7df9e9a427b3f316657647a1d8514982e6f86329
2024-09-30 13:51:06,62,584fadc5481423104c26d11f7df9e9a427b3f316657647a1d8514982e6f86329
2024-09-30 13:51:06,62,584fadc5481423104c26d11f7df9e9a427b3f316657647a1d8514982e6f86329
2024-09-30 13:51:06,62,584fadc5481423104c26d11f7df9e9a427b3f316657647a1d8514982e6f86329
2024-09-30 13:51:06,62,584fadc5481423104c26d11f7df9e9a427b3f316657647a1d8514982e6f86329
2024-09-30 13:51:06,62,584fadc5481423104c26d11f7df9e9a427b3f316657647a1d8514982e6f86329
2024-09-30 13:51:16,62,584fadc5481423104c26d11f7df9e9a427b3f316657647a1d8514982e6f86329
2024-09-30 13:51:16,62,584fadc5481423104c26d11f7df9e9a427b3f316657647a1d8514982e6f86329
2024-09-30 13:51:16,62,584fadc5481423104c26d11f7df9e9a427b3f316657647a1d8514982e6f86329
2024-09-30 13:51:16,62,584fadc5481423104c26d11f7df9e9a427b3f316657647a1d8514982e6f86329
2024-09-30 13:51:16,62,584fadc5481423104c26d11f7df9e9a427b3f316657647a1d8514982e6f86329
2024-09-30 13:51:16,62,584fadc5481423104c26d11f7df9e9a427b3f316657647a1d8514982e6f86329
2024-09-30 13:51:16,62,584fadc5481423104c26d11f7df9e9a427b3f316657647a1d8514982e6f86329
2024-09-30 13:51:19,62,584fadc5481423104c26d11f7df9e9a427b3f316657647a1d8514982e6f86329
2024-09-30 13:51:19,62,584fadc5481423104c26d11f7df9e9a427b3f316657647a1d8514982e6f86329
2024-09-30 13:51:19,62,584fadc5481423104c26d11f7df9e9a427b3f316657647a1d8514982e6f86329
2024-09-30 13:51:19,62,584fadc5481423104c26d11f7df9e9a427b3f316657647a1d8514982e6f86329
2024-09-30 13:51:19,62,584fadc5481423104c26d11f7df9e9a427b3f316657647a1d8514982e6f86329
2024-09-30 13:51:19,62,584fadc5481423104c26d11f7df9e9a427b3f316657647a1d8514982e6f86329
2024-09-30 13:51:19,62,584fadc5481423104c26d11f7df9e9a427b3f316657647a1d8514982e6f86329
2024-09-30 13:51:19,62,584fadc5481423104c26d11f7df9e9a427b3f316657647a1d8514982e6f86329
2024-09-30 13:51:19,62,584fadc5481423104c26d11f7df9e9a427b3f316657647a1d8514982e6f86329
2024-09-30 13:51:19,62,584fadc5481423104c26d11f7df9e9a427b3f316657647a1d8514982e6f86329
2024-09-30 13:51:19,62,584fadc5481423104c26d11f7df9e9a427b3f316657647a1d8514982e6f86329
2024-09-30 13:51:19,62,584fadc5481423104c26d11f7df9e9a427b3f316657647a1d8514982e6f86329
2024-09-30 13:51:19,62,584fadc5481423104c26d11f7df9e9a427b3f316657647a1d8514982e6f86329
2024-09-30 13:51:24,62,f214df8686dde5873f6737cdf93909d29f9b61e55a05fd900714072e85e7e2d9
2024-09-30 13:51:24,62,f214df8686dde5873f6737cdf93909d29f9b61e55a05fd900714072e85e7e2d9
2024-09-30 13:51:24,62,f214df8686dde5873f6737cdf93909d29f9b61e55a05fd900714072e85e7e2d9
2024-09-30 13:51:24,62,f214df8686dde5873f6737cdf93909d29f9b61e55a05fd900714072e85e7e2d9
2024-09-30 13:51:26,62,584fadc5481423104c26d11f7df9e9a427b3f316657647a1d8514982e6f86329
2024-09-30 13:51:26,62,584fadc5481423104c26d11f7df9e9a427b3f316657647a1d8514982e6f86329
2024-09-30 13:51:26,62,584fadc5481423104c26d11f7df9e9a427b3f316657647a1d8514982e6f86329
2024-09-30 13:51:26,62,584fadc5481423104c26d11f7df9e9a427b3f316657647a1d8514982e6f86329
2024-09-30 13:51:26,62,584fadc5481423104c26d11f7df9e9a427b3f316657647a1d8514982e6f86329
2024-09-30 13:51:26,62,584fadc5481423104c26d11f7df9e9a427b3f316657647a1d8514982e6f86329
2024-09-30 13:51:26,62,584fadc5481423104c26d11f7df9e9a427b3f316657647a1d8514982e6f86329
2024-09-30 13:51:27,62,18248f005b7493422ea25abcce7179b6d01446ebce2f14824bfbdbbe7f402bb9
2024-09-30 13:51:27,62,18248f005b7493422ea25abcce7179b6d01446ebce2f14824bfbdbbe7f402bb9
2024-09-30 13:51:27,62,18248f005b7493422ea25abcce7179b6d01446ebce2f14824bfbdbbe7f402bb9
2024-09-30 13:51:27,62,18248f005b7493422ea25abcce7179b6d01446ebce2f14824bfbdbbe7f402bb9
2024-09-30 13:51:27,62,18248f005b7493422ea25abcce7179b6d01446ebce2f14824bfbdbbe7f402bb9
2024-09-30 13:51:27,62,18248f005b7493422ea25abcce7179b6d01446ebce2f14824bfbdbbe7f402bb9
2024-09-30 13:51:27,62,18248f005b7493422ea25abcce7179b6d01446ebce2f14824bfbdbbe7f402bb9
2024-09-30 13:51:29,62,18248f005b7493422ea25abcce7179b6d01446ebce2f14824bfbdbbe7f402bb9
2024-09-30 13:51:29,62,18248f005b7493422ea25abcce7179b6d01446ebce2f14824bfbdbbe7f402bb9
2024-09-30 13:51:29,62,18248f005b7493422ea25abcce7179b6d01446ebce2f14824bfbdbbe7f402bb9
2024-09-30 13:51:29,62,18248f005b7493422ea25abcce7179b6d01446ebce2f14824bfbdbbe7f402bb9
2024-09-30 13:51:30,62,18248f005b7493422ea25abcce7179b6d01446ebce2f14824bfbdbbe7f402bb9
2024-09-30 13:51:32,62,584fadc5481423104c26d11f7df9e9a427b3f316657647a1d8514982e6f86329
2024-09-30 13:51:32,62,584fadc5481423104c26d11f7df9e9a427b3f316657647a1d8514982e6f86329
2024-09-30 13:51:32,62,584fadc5481423104c26d11f7df9e9a427b3f316657647a1d8514982e6f86329
2024-09-30 13:51:32,62,584fadc5481423104c26d11f7df9e9a427b3f316657647a1d8514982e6f86329
2024-09-30 13:51:32,62,584fadc5481423104c26d11f7df9e9a427b3f316657647a1d8514982e6f86329
2024-09-30 13:51:32,62,584fadc5481423104c26d11f7df9e9a427b3f316657647a1d8514982e6f86329
2024-09-30 13:51:32,62,584fadc5481423104c26d11f7df9e9a427b3f316657647a1d8514982e6f86329
2024-09-30 13:51:32,62,584fadc5481423104c26d11f7df9e9a427b3f316657647a1d8514982e6f86329
2024-09-30 13:51:36,62,584fadc5481423104c26d11f7df9e9a427b3f316657647a1d8514982e6f86329
2024-09-30 13:51:36,62,584fadc5481423104c26d11f7df9e9a427b3f316657647a1d8514982e6f86329
2024-09-30 13:51:36,62,584fadc5481423104c26d11f7df9e9a427b3f316657647a1d8514982e6f86329
2024-09-30 13:51:36,62,584fadc5481423104c26d11f7df9e9a427b3f316657647a1d8514982e6f86329
2024-09-30 13:51:36,62,584fadc5481423104c26d11f7df9e9a427b3f316657647a1d8514982e6f86329
2024-09-30 13:51:36,62,584fadc5481423104c26d11f7df9e9a427b3f316657647a1d8514982e6f86329
2024-09-30 13:51:36,62,584fadc5481423104c26d11f7df9e9a427b3f316657647a1d8514982e6f86329
2024-09-30 13:51:36,62,584fadc5481423104c26d11f7df9e9a427b3f316657647a1d8514982e6f86329
2024-09-30 13:51:36,62,584fadc5481423104c26d11f7df9e9a427b3f316657647a1d8514982e6f86329
2024-09-30 13:51:36,62,584fadc5481423104c26d11f7df9e9a427b3f316657647a1d8514982e6f86329
2024-09-30 13:51:36,62,584fadc5481423104c26d11f7df9e9a427b3f316657647a1d8514982e6f86329
2024-09-30 13:51:41,62,584fadc5481423104c26d11f7df9e9a427b3f316657647a1d8514982e6f86329
2024-09-30 13:51:41,62,584fadc5481423104c26d11f7df9e9a427b3f316657647a1d8514982e6f86329
2024-09-30 13:51:41,62,584fadc5481423104c26d11f7df9e9a427b3f316657647a1d8514982e6f86329
2024-09-30 13:51:41,62,584fadc5481423104c26d11f7df9e9a427b3f316657647a1d8514982e6f86329
2024-09-30 13:51:41,62,584fadc5481423104c26d11f7df9e9a427b3f316657647a1d8514982e6f86329
2024-09-30 13:51:41,62,584fadc5481423104c26d11f7df9e9a427b3f316657647a1d8514982e6f86329
2024-09-30 13:51:41,62,584fadc5481423104c26d11f7df9e9a427b3f316657647a1d8514982e6f86329
2024-09-30 13:51:41,62,584fadc5481423104c26d11f7df9e9a427b3f316657647a1d8514982e6f86329
2024-09-30 13:51:51,62,584fadc5481423104c26d11f7df9e9a427b3f316657647a1d8514982e6f86329
2024-09-30 13:51:51,62,584fadc5481423104c26d11f7df9e9a427b3f316657647a1d8514982e6f86329
2024-09-30 13:51:51,62,584fadc5481423104c26d11f7df9e9a427b3f316657647a1d8514982e6f86329
2024-09-30 13:51:51,62,584fadc5481423104c26d11f7df9e9a427b3f316657647a1d8514982e6f86329
2024-09-30 13:51:51,62,584fadc5481423104c26d11f7df9e9a427b3f316657647a1d8514982e6f86329
2024-09-30 13:51:52,62,584fadc5481423104c26d11f7df9e9a427b3f316657647a1d8514982e6f86329
2024-09-30 13:51:52,62,584fadc5481423104c26d11f7df9e9a427b3f316657647a1d8514982e6f86329
2024-09-30 13:51:52,62,584fadc5481423104c26d11f7df9e9a427b3f316657647a1d8514982e6f86329
2024-09-30 13:51:56,62,584fadc5481423104c26d11f7df9e9a427b3f316657647a1d8514982e6f86329
2024-09-30 13:51:56,62,584fadc5481423104c26d11f7df9e9a427b3f316657647a1d8514982e6f86329
2024-09-30 13:51:56,62,584fadc5481423104c26d11f7df9e9a427b3f316657647a1d8514982e6f86329
2024-09-30 13:51:56,62,584fadc5481423104c26d11f7df9e9a427b3f316657647a1d8514982e6f86329
2024-09-30 13:51:56,62,584fadc5481423104c26d11f7df9e9a427b3f316657647a1d8514982e6f86329
2024-09-30 13:51:56,62,584fadc5481423104c26d11f7df9e9a427b3f316657647a1d8514982e6f86329
2024-09-30 13:51:56,62,584fadc5481423104c26d11f7df9e9a427b3f316657647a1d8514982e6f86329
2024-09-30 13:51:56,62,584fadc5481423104c26d11f7df9e9a427b3f316657647a1d8514982e6f86329
2024-09-30 13:52:01,62,584fadc5481423104c26d11f7df9e9a427b3f316657647a1d8514982e6f86329
2024-09-30 13:52:01,62,584fadc5481423104c26d11f7df9e9a427b3f316657647a1d8514982e6f86329
2024-09-30 13:52:01,62,584fadc5481423104c26d11f7df9e9a427b3f316657647a1d8514982e6f86329
2024-09-30 13:52:01,62,584fadc5481423104c26d11f7df9e9a427b3f316657647a1d8514982e6f86329
2024-09-30 13:52:01,62,584fadc5481423104c26d11f7df9e9a427b3f316657647a1d8514982e6f86329
2024-09-30 13:52:01,62,584fadc5481423104c26d11f7df9e9a427b3f316657647a1d8514982e6f86329
2024-09-30 13:52:01,62,584fadc5481423104c26d11f7df9e9a427b3f316657647a1d8514982e6f86329
2024-09-30 13:52:07,62,584fadc5481423104c26d11f7df9e9a427b3f316657647a1d8514982e6f86329
2024-09-30 13:52:07,62,584fadc5481423104c26d11f7df9e9a427b3f316657647a1d8514982e6f86329
2024-09-30 13:52:07,62,584fadc5481423104c26d11f7df9e9a427b3f316657647a1d8514982e6f86329
2024-09-30 13:52:07,62,584fadc5481423104c26d11f7df9e9a427b3f316657647a1d8514982e6f86329
2024-09-30 13:52:07,62,584fadc5481423104c26d11f7df9e9a427b3f316657647a1d8514982e6f86329
2024-09-30 13:52:07,62,584fadc5481423104c26d11f7df9e9a427b3f316657647a1d8514982e6f86329
2024-09-30 13:52:11,62,18248f005b7493422ea25abcce7179b6d01446ebce2f14824bfbdbbe7f402bb9
2024-09-30 13:52:11,62,18248f005b7493422ea25abcce7179b6d01446ebce2f14824bfbdbbe7f402bb9
2024-09-30 13:52:11,62,18248f005b7493422ea25abcce7179b6d01446ebce2f14824bfbdbbe7f402bb9
2024-09-30 13:52:11,62,18248f005b7493422ea25abcce7179b6d01446ebce2f14824bfbdbbe7f402bb9
2024-09-30 13:52:11,62,18248f005b7493422ea25abcce7179b6d01446ebce2f14824bfbdbbe7f402bb9
2024-09-30 13:52:11,62,584fadc5481423104c26d11f7df9e9a427b3f316657647a1d8514982e6f86329
2024-09-30 13:52:11,62,584fadc5481423104c26d11f7df9e9a427b3f316657647a1d8514982e6f86329
2024-09-30 13:52:11,62,584fadc5481423104c26d11f7df9e9a427b3f316657647a1d8514982e6f86329
2024-09-30 13:52:11,62,584fadc5481423104c26d11f7df9e9a427b3f316657647a1d8514982e6f86329
2024-09-30 13:52:11,62,584fadc5481423104c26d11f7df9e9a427b3f316657647a1d8514982e6f86329
2024-09-30 13:52:16,62,584fadc5481423104c26d11f7df9e9a427b3f316657647a1d8514982e6f86329
2024-09-30 13:52:16,62,584fadc5481423104c26d11f7df9e9a427b3f316657647a1d8514982e6f86329
2024-09-30 13:52:16,62,584fadc5481423104c26d11f7df9e9a427b3f316657647a1d8514982e6f86329
2024-09-30 13:52:16,62,584fadc5481423104c26d11f7df9e9a427b3f316657647a1d8514982e6f86329
2024-09-30 13:52:16,62,584fadc5481423104c26d11f7df9e9a427b3f316657647a1d8514982e6f86329
2024-09-30 13:52:16,62,584fadc5481423104c26d11f7df9e9a427b3f316657647a1d8514982e6f86329
2024-09-30 13:52:16,62,584fadc5481423104c26d11f7df9e9a427b3f316657647a1d8514982e6f86329
2024-09-30 13:52:24,62,18248f005b7493422ea25abcce7179b6d01446ebce2f14824bfbdbbe7f402bb9
2024-09-30 13:52:25,62,18248f005b7493422ea25abcce7179b6d01446ebce2f14824bfbdbbe7f402bb9
2024-09-30 13:52:25,62,18248f005b7493422ea25abcce7179b6d01446ebce2f14824bfbdbbe7f402bb9
2024-09-30 13:52:27,62,584fadc5481423104c26d11f7df9e9a427b3f316657647a1d8514982e6f86329
2024-09-30 13:52:27,62,584fadc5481423104c26d11f7df9e9a427b3f316657647a1d8514982e6f86329
2024-09-30 13:52:27,62,584fadc5481423104c26d11f7df9e9a427b3f316657647a1d8514982e6f86329
2024-09-30 13:52:27,62,584fadc5481423104c26d11f7df9e9a427b3f316657647a1d8514982e6f86329
2024-09-30 13:52:27,62,584fadc5481423104c26d11f7df9e9a427b3f316657647a1d8514982e6f86329
2024-09-30 13:52:27,62,584fadc5481423104c26d11f7df9e9a427b3f316657647a1d8514982e6f86329
2024-09-30 13:52:27,62,584fadc5481423104c26d11f7df9e9a427b3f316657647a1d8514982e6f86329
2024-09-30 13:52:27,62,584fadc5481423104c26d11f7df9e9a427b3f316657647a1d8514982e6f86329
2024-09-30 13:52:27,62,584fadc5481423104c26d11f7df9e9a427b3f316657647a1d8514982e6f86329
2024-09-30 13:52:27,62,584fadc5481423104c26d11f7df9e9a427b3f316657647a1d8514982e6f86329
2024-09-30 13:52:29,62,584fadc5481423104c26d11f7df9e9a427b3f316657647a1d8514982e6f86329
2024-09-30 13:52:29,62,584fadc5481423104c26d11f7df9e9a427b3f316657647a1d8514982e6f86329
2024-09-30 13:52:29,62,584fadc5481423104c26d11f7df9e9a427b3f316657647a1d8514982e6f86329
2024-09-30 13:52:29,62,584fadc5481423104c26d11f7df9e9a427b3f316657647a1d8514982e6f86329
2024-09-30 13:52:29,62,584fadc5481423104c26d11f7df9e9a427b3f316657647a1d8514982e6f86329
2024-09-30 13:52:29,62,584fadc5481423104c26d11f7df9e9a427b3f316657647a1d8514982e6f86329
2024-09-30 13:52:29,62,584fadc5481423104c26d11f7df9e9a427b3f316657647a1d8514982e6f86329
2024-09-30 13:52:29,62,584fadc5481423104c26d11f7df9e9a427b3f316657647a1d8514982e6f86329
2024-09-30 13:52:29,62,584fadc5481423104c26d11f7df9e9a427b3f316657647a1d8514982e6f86329
2024-09-30 13:52:29,62,584fadc5481423104c26d11f7df9e9a427b3f316657647a1d8514982e6f86329
2024-09-30 13:52:29,62,584fadc5481423104c26d11f7df9e9a427b3f316657647a1d8514982e6f86329
2024-09-30 13:52:29,62,584fadc5481423104c26d11f7df9e9a427b3f316657647a1d8514982e6f86329
2024-09-30 13:52:29,62,584fadc5481423104c26d11f7df9e9a427b3f316657647a1d8514982e6f86329
2024-09-30 13:52:29,62,584fadc5481423104c26d11f7df9e9a427b3f316657647a1d8514982e6f86329
2024-09-30 13:52:29,62,584fadc5481423104c26d11f7df9e9a427b3f316657647a1d8514982e6f86329
2024-09-30 13:52:29,62,584fadc5481423104c26d11f7df9e9a427b3f316657647a1d8514982e6f86329
2024-09-30 13:52:29,62,584fadc5481423104c26d11f7df9e9a427b3f316657647a1d8514982e6f86329
2024-09-30 13:52:36,62,584fadc5481423104c26d11f7df9e9a427b3f316657647a1d8514982e6f86329
2024-09-30 13:52:36,62,584fadc5481423104c26d11f7df9e9a427b3f316657647a1d8514982e6f86329
2024-09-30 13:52:36,62,584fadc5481423104c26d11f7df9e9a427b3f316657647a1d8514982e6f86329
2024-09-30 13:52:36,62,584fadc5481423104c26d11f7df9e9a427b3f316657647a1d8514982e6f86329
2024-09-30 13:52:43,62,18248f005b7493422ea25abcce7179b6d01446ebce2f14824bfbdbbe7f402bb9
2024-09-30 13:52:43,62,18248f005b7493422ea25abcce7179b6d01446ebce2f14824bfbdbbe7f402bb9
2024-09-30 13:52:44,62,584fadc5481423104c26d11f7df9e9a427b3f316657647a1d8514982e6f86329
2024-09-30 13:52:44,62,584fadc5481423104c26d11f7df9e9a427b3f316657647a1d8514982e6f86329
2024-09-30 13:52:44,62,584fadc5481423104c26d11f7df9e9a427b3f316657647a1d8514982e6f86329
2024-09-30 13:52:44,62,584fadc5481423104c26d11f7df9e9a427b3f316657647a1d8514982e6f86329
2024-09-30 13:52:44,62,584fadc5481423104c26d11f7df9e9a427b3f316657647a1d8514982e6f86329
2024-09-30 13:52:45,62,18248f005b7493422ea25abcce7179b6d01446ebce2f14824bfbdbbe7f402bb9
2024-09-30 13:52:46,62,0da0408cf172cf652980c296e04f6da88b4cd082b95640e05b763cd9c6b21fa6
2024-09-30 13:52:46,62,0da0408cf172cf652980c296e04f6da88b4cd082b95640e05b763cd9c6b21fa6
2024-09-30 13:52:46,62,0da0408cf172cf652980c296e04f6da88b4cd082b95640e05b763cd9c6b21fa6
2024-09-30 13:52:46,62,0da0408cf172cf652980c296e04f6da88b4cd082b95640e05b763cd9c6b21fa6
2024-09-30 13:52:46,62,0da0408cf172cf652980c296e04f6da88b4cd082b95640e05b763cd9c6b21fa6
2024-09-30 13:52:46,62,0da0408cf172cf652980c296e04f6da88b4cd082b95640e05b763cd9c6b21fa6
2024-09-30 13:52:46,62,0da0408cf172cf652980c296e04f6da88b4cd082b95640e05b763cd9c6b21fa6
2024-09-30 13:52:46,62,0da0408cf172cf652980c296e04f6da88b4cd082b95640e05b763cd9c6b21fa6
2024-09-30 13:52:52,62,18248f005b7493422ea25abcce7179b6d01446ebce2f14824bfbdbbe7f402bb9
2024-09-30 13:52:52,62,18248f005b7493422ea25abcce7179b6d01446ebce2f14824bfbdbbe7f402bb9
2024-09-30 13:52:52,62,18248f005b7493422ea25abcce7179b6d01446ebce2f14824bfbdbbe7f402bb9
2024-09-30 13:52:54,62,584fadc5481423104c26d11f7df9e9a427b3f316657647a1d8514982e6f86329
2024-09-30 13:52:54,62,584fadc5481423104c26d11f7df9e9a427b3f316657647a1d8514982e6f86329
2024-09-30 13:52:54,62,584fadc5481423104c26d11f7df9e9a427b3f316657647a1d8514982e6f86329
2024-09-30 13:52:54,62,584fadc5481423104c26d11f7df9e9a427b3f316657647a1d8514982e6f86329
2024-09-30 13:52:54,62,584fadc5481423104c26d11f7df9e9a427b3f316657647a1d8514982e6f86329
2024-09-30 13:52:54,62,584fadc5481423104c26d11f7df9e9a427b3f316657647a1d8514982e6f86329
2024-09-30 13:52:54,62,584fadc5481423104c26d11f7df9e9a427b3f316657647a1d8514982e6f86329
2024-09-30 13:52:54,62,584fadc5481423104c26d11f7df9e9a427b3f316657647a1d8514982e6f86329
2024-09-30 13:52:59,62,584fadc5481423104c26d11f7df9e9a427b3f316657647a1d8514982e6f86329
2024-09-30 13:52:59,62,584fadc5481423104c26d11f7df9e9a427b3f316657647a1d8514982e6f86329
2024-09-30 13:52:59,62,584fadc5481423104c26d11f7df9e9a427b3f316657647a1d8514982e6f86329
2024-09-30 13:52:59,62,584fadc5481423104c26d11f7df9e9a427b3f316657647a1d8514982e6f86329
2024-09-30 13:52:59,62,584fadc5481423104c26d11f7df9e9a427b3f316657647a1d8514982e6f86329
2024-09-30 13:52:59,62,584fadc5481423104c26d11f7df9e9a427b3f316657647a1d8514982e6f86329
2024-09-30 13:52:59,62,584fadc5481423104c26d11f7df9e9a427b3f316657647a1d8514982e6f86329
2024-09-30 13:52:59,62,584fadc5481423104c26d11f7df9e9a427b3f316657647a1d8514982e6f86329
2024-09-30 13:52:59,62,584fadc5481423104c26d11f7df9e9a427b3f316657647a1d8514982e6f86329
2024-09-30 13:53:06,62,01fbae127e8db09da74812bde292eb77d2a68a7897a5571bb7c33ad12264102a
2024-09-30 13:53:06,62,01fbae127e8db09da74812bde292eb77d2a68a7897a5571bb7c33ad12264102a
2024-09-30 13:53:09,62,584fadc5481423104c26d11f7df9e9a427b3f316657647a1d8514982e6f86329
2024-09-30 13:53:09,62,584fadc5481423104c26d11f7df9e9a427b3f316657647a1d8514982e6f86329
2024-09-30 13:53:10,62,584fadc5481423104c26d11f7df9e9a427b3f316657647a1d8514982e6f86329
2024-09-30 13:53:10,62,18248f005b7493422ea25abcce7179b6d01446ebce2f14824bfbdbbe7f402bb9
2024-09-30 13:53:10,62,584fadc5481423104c26d11f7df9e9a427b3f316657647a1d8514982e6f86329
2024-09-30 13:53:10,62,584fadc5481423104c26d11f7df9e9a427b3f316657647a1d8514982e6f86329
2024-09-30 13:53:10,62,b259ad7b374273c26bec3567023bb3cef7a54a76409fb3688a4ef5ae3e07d4ba
2024-09-30 13:53:10,62,b259ad7b374273c26bec3567023bb3cef7a54a76409fb3688a4ef5ae3e07d4ba
2024-09-30 13:53:12,62,18248f005b7493422ea25abcce7179b6d01446ebce2f14824bfbdbbe7f402bb9
2024-09-30 13:53:13,62,18248f005b7493422ea25abcce7179b6d01446ebce2f14824bfbdbbe7f402bb9
2024-09-30 13:53:13,62,18248f005b7493422ea25abcce7179b6d01446ebce2f14824bfbdbbe7f402bb9
2024-09-30 13:53:13,62,18248f005b7493422ea25abcce7179b6d01446ebce2f14824bfbdbbe7f402bb9
2024-09-30 13:53:14,62,18248f005b7493422ea25abcce7179b6d01446ebce2f14824bfbdbbe7f402bb9
2024-09-30 13:53:14,62,18248f005b7493422ea25abcce7179b6d01446ebce2f14824bfbdbbe7f402bb9
2024-09-30 13:53:15,62,18248f005b7493422ea25abcce7179b6d01446ebce2f14824bfbdbbe7f402bb9
2024-09-30 13:53:15,62,18248f005b7493422ea25abcce7179b6d01446ebce2f14824bfbdbbe7f402bb9
2024-09-30 13:53:15,62,18248f005b7493422ea25abcce7179b6d01446ebce2f14824bfbdbbe7f402bb9
2024-09-30 13:53:21,62,18248f005b7493422ea25abcce7179b6d01446ebce2f14824bfbdbbe7f402bb9
2024-09-30 13:53:21,62,18248f005b7493422ea25abcce7179b6d01446ebce2f14824bfbdbbe7f402bb9
2024-09-30 13:53:26,62,c81372ca9529ddeb87790ff76f6745ec6870bc09bcdd705d8da7bfde78aed086
2024-09-30 13:53:27,62,c81372ca9529ddeb87790ff76f6745ec6870bc09bcdd705d8da7bfde78aed086
2024-09-30 13:53:27,62,c81372ca9529ddeb87790ff76f6745ec6870bc09bcdd705d8da7bfde78aed086
2024-09-30 13:53:27,62,c81372ca9529ddeb87790ff76f6745ec6870bc09bcdd705d8da7bfde78aed086
2024-09-30 13:53:27,62,c81372ca9529ddeb87790ff76f6745ec6870bc09bcdd705d8da7bfde78aed086
2024-09-30 13:53:27,62,c81372ca9529ddeb87790ff76f6745ec6870bc09bcdd705d8da7bfde78aed086
2024-09-30 13:53:27,62,c81372ca9529ddeb87790ff76f6745ec6870bc09bcdd705d8da7bfde78aed086
2024-09-30 13:53:27,62,c81372ca9529ddeb87790ff76f6745ec6870bc09bcdd705d8da7bfde78aed086
2024-09-30 13:53:27,62,c81372ca9529ddeb87790ff76f6745ec6870bc09bcdd705d8da7bfde78aed086
2024-09-30 13:53:27,62,c81372ca9529ddeb87790ff76f6745ec6870bc09bcdd705d8da7bfde78aed086
2024-09-30 13:53:27,62,c81372ca9529ddeb87790ff76f6745ec6870bc09bcdd705d8da7bfde78aed086
2024-09-30 13:53:27,62,c81372ca9529ddeb87790ff76f6745ec6870bc09bcdd705d8da7bfde78aed086
2024-09-30 13:53:30,62,18248f005b7493422ea25abcce7179b6d01446ebce2f14824bfbdbbe7f402bb9
2024-09-30 13:53:30,62,18248f005b7493422ea25abcce7179b6d01446ebce2f14824bfbdbbe7f402bb9
2024-09-30 13:53:30,62,18248f005b7493422ea25abcce7179b6d01446ebce2f14824bfbdbbe7f402bb9
2024-09-30 13:53:30,62,18248f005b7493422ea25abcce7179b6d01446ebce2f14824bfbdbbe7f402bb9
2024-09-30 13:53:30,62,18248f005b7493422ea25abcce7179b6d01446ebce2f14824bfbdbbe7f402bb9
2024-09-30 13:53:30,62,18248f005b7493422ea25abcce7179b6d01446ebce2f14824bfbdbbe7f402bb9
2024-09-30 13:53:30,62,18248f005b7493422ea25abcce7179b6d01446ebce2f14824bfbdbbe7f402bb9
2024-09-30 13:53:32,62,18248f005b7493422ea25abcce7179b6d01446ebce2f14824bfbdbbe7f402bb9
2024-09-30 13:53:37,62,584fadc5481423104c26d11f7df9e9a427b3f316657647a1d8514982e6f86329
2024-09-30 13:53:37,62,584fadc5481423104c26d11f7df9e9a427b3f316657647a1d8514982e6f86329
2024-09-30 13:53:37,62,584fadc5481423104c26d11f7df9e9a427b3f316657647a1d8514982e6f86329
2024-09-30 13:53:37,62,584fadc5481423104c26d11f7df9e9a427b3f316657647a1d8514982e6f86329
2024-09-30 13:53:37,62,584fadc5481423104c26d11f7df9e9a427b3f316657647a1d8514982e6f86329
2024-09-30 13:53:37,62,584fadc5481423104c26d11f7df9e9a427b3f316657647a1d8514982e6f86329
2024-09-30 13:53:37,62,584fadc5481423104c26d11f7df9e9a427b3f316657647a1d8514982e6f86329
2024-09-30 13:53:37,62,584fadc5481423104c26d11f7df9e9a427b3f316657647a1d8514982e6f86329
2024-09-30 13:53:37,62,584fadc5481423104c26d11f7df9e9a427b3f316657647a1d8514982e6f86329
2024-09-30 13:53:37,62,18248f005b7493422ea25abcce7179b6d01446ebce2f14824bfbdbbe7f402bb9
2024-09-30 13:53:37,62,18248f005b7493422ea25abcce7179b6d01446ebce2f14824bfbdbbe7f402bb9
2024-09-30 13:53:39,62,18248f005b7493422ea25abcce7179b6d01446ebce2f14824bfbdbbe7f402bb9
2024-09-30 13:53:40,62,18248f005b7493422ea25abcce7179b6d01446ebce2f14824bfbdbbe7f402bb9
2024-09-30 13:53:41,62,18248f005b7493422ea25abcce7179b6d01446ebce2f14824bfbdbbe7f402bb9
2024-09-30 13:53:41,62,18248f005b7493422ea25abcce7179b6d01446ebce2f14824bfbdbbe7f402bb9
2024-09-30 13:53:41,62,584fadc5481423104c26d11f7df9e9a427b3f316657647a1d8514982e6f86329
2024-09-30 13:53:42,62,584fadc5481423104c26d11f7df9e9a427b3f316657647a1d8514982e6f86329
2024-09-30 13:53:42,62,584fadc5481423104c26d11f7df9e9a427b3f316657647a1d8514982e6f86329
2024-09-30 13:53:42,62,584fadc5481423104c26d11f7df9e9a427b3f316657647a1d8514982e6f86329
2024-09-30 13:53:42,62,584fadc5481423104c26d11f7df9e9a427b3f316657647a1d8514982e6f86329
2024-09-30 13:53:42,62,18248f005b7493422ea25abcce7179b6d01446ebce2f14824bfbdbbe7f402bb9
2024-09-30 13:53:43,62,18248f005b7493422ea25abcce7179b6d01446ebce2f14824bfbdbbe7f402bb9
2024-09-30 13:53:43,62,18248f005b7493422ea25abcce7179b6d01446ebce2f14824bfbdbbe7f402bb9
2024-09-30 13:53:44,62,18248f005b7493422ea25abcce7179b6d01446ebce2f14824bfbdbbe7f402bb9
2024-09-30 13:53:45,62,18248f005b7493422ea25abcce7179b6d01446ebce2f14824bfbdbbe7f402bb9
2024-09-30 13:53:45,62,18248f005b7493422ea25abcce7179b6d01446ebce2f14824bfbdbbe7f402bb9
2024-09-30 13:53:45,62,18248f005b7493422ea25abcce7179b6d01446ebce2f14824bfbdbbe7f402bb9
2024-09-30 13:53:46,62,584fadc5481423104c26d11f7df9e9a427b3f316657647a1d8514982e6f86329
2024-09-30 13:53:46,62,584fadc5481423104c26d11f7df9e9a427b3f316657647a1d8514982e6f86329
2024-09-30 13:53:46,62,584fadc5481423104c26d11f7df9e9a427b3f316657647a1d8514982e6f86329
2024-09-30 13:53:46,62,584fadc5481423104c26d11f7df9e9a427b3f316657647a1d8514982e6f86329
2024-09-30 13:53:47,62,18248f005b7493422ea25abcce7179b6d01446ebce2f14824bfbdbbe7f402bb9
2024-09-30 13:53:47,62,18248f005b7493422ea25abcce7179b6d01446ebce2f14824bfbdbbe7f402bb9
2024-09-30 13:53:47,62,18248f005b7493422ea25abcce7179b6d01446ebce2f14824bfbdbbe7f402bb9
2024-09-30 13:53:47,62,18248f005b7493422ea25abcce7179b6d01446ebce2f14824bfbdbbe7f402bb9
2024-09-30 13:53:47,62,18248f005b7493422ea25abcce7179b6d01446ebce2f14824bfbdbbe7f402bb9
2024-09-30 13:53:47,62,18248f005b7493422ea25abcce7179b6d01446ebce2f14824bfbdbbe7f402bb9
2024-09-30 13:53:47,62,18248f005b7493422ea25abcce7179b6d01446ebce2f14824bfbdbbe7f402bb9
2024-09-30 13:53:51,62,18248f005b7493422ea25abcce7179b6d01446ebce2f14824bfbdbbe7f402bb9
2024-09-30 13:53:51,62,18248f005b7493422ea25abcce7179b6d01446ebce2f14824bfbdbbe7f402bb9
2024-09-30 13:53:51,62,18248f005b7493422ea25abcce7179b6d01446ebce2f14824bfbdbbe7f402bb9
2024-09-30 13:53:52,62,584fadc5481423104c26d11f7df9e9a427b3f316657647a1d8514982e6f86329
2024-09-30 13:53:52,62,584fadc5481423104c26d11f7df9e9a427b3f316657647a1d8514982e6f86329
2024-09-30 13:53:52,62,584fadc5481423104c26d11f7df9e9a427b3f316657647a1d8514982e6f86329
2024-09-30 13:53:52,62,584fadc5481423104c26d11f7df9e9a427b3f316657647a1d8514982e6f86329
2024-09-30 13:53:54,62,18248f005b7493422ea25abcce7179b6d01446ebce2f14824bfbdbbe7f402bb9
2024-09-30 13:53:54,62,18248f005b7493422ea25abcce7179b6d01446ebce2f14824bfbdbbe7f402bb9
2024-09-30 13:53:54,62,18248f005b7493422ea25abcce7179b6d01446ebce2f14824bfbdbbe7f402bb9
2024-09-30 13:53:56,62,18248f005b7493422ea25abcce7179b6d01446ebce2f14824bfbdbbe7f402bb9
2024-09-30 13:53:56,62,18248f005b7493422ea25abcce7179b6d01446ebce2f14824bfbdbbe7f402bb9
2024-09-30 13:53:56,62,18248f005b7493422ea25abcce7179b6d01446ebce2f14824bfbdbbe7f402bb9
2024-09-30 13:53:56,62,18248f005b7493422ea25abcce7179b6d01446ebce2f14824bfbdbbe7f402bb9
2024-09-30 13:53:57,62,584fadc5481423104c26d11f7df9e9a427b3f316657647a1d8514982e6f86329
2024-09-30 13:53:57,62,584fadc5481423104c26d11f7df9e9a427b3f316657647a1d8514982e6f86329
2024-09-30 13:53:57,62,584fadc5481423104c26d11f7df9e9a427b3f316657647a1d8514982e6f86329
2024-09-30 13:53:57,62,584fadc5481423104c26d11f7df9e9a427b3f316657647a1d8514982e6f86329
2024-09-30 13:53:57,62,584fadc5481423104c26d11f7df9e9a427b3f316657647a1d8514982e6f86329
2024-09-30 13:53:57,62,584fadc5481423104c26d11f7df9e9a427b3f316657647a1d8514982e6f86329
2024-09-30 13:53:57,62,584fadc5481423104c26d11f7df9e9a427b3f316657647a1d8514982e6f86329
2024-09-30 13:53:57,62,584fadc5481423104c26d11f7df9e9a427b3f316657647a1d8514982e6f86329
2024-09-30 13:53:57,62,584fadc5481423104c26d11f7df9e9a427b3f316657647a1d8514982e6f86329
2024-09-30 13:53:57,62,18248f005b7493422ea25abcce7179b6d01446ebce2f14824bfbdbbe7f402bb9
2024-09-30 13:54:00,62,ac6bdf2d5686dae420b8fa528fcc9b72514a3cbbdca201fadac306c2091d9b0c
2024-09-30 13:54:01,62,584fadc5481423104c26d11f7df9e9a427b3f316657647a1d8514982e6f86329
2024-09-30 13:54:01,62,584fadc5481423104c26d11f7df9e9a427b3f316657647a1d8514982e6f86329
2024-09-30 13:54:01,62,584fadc5481423104c26d11f7df9e9a427b3f316657647a1d8514982e6f86329
2024-09-30 13:54:01,62,584fadc5481423104c26d11f7df9e9a427b3f316657647a1d8514982e6f86329
2024-09-30 13:54:01,62,584fadc5481423104c26d11f7df9e9a427b3f316657647a1d8514982e6f86329
2024-09-30 13:54:01,62,584fadc5481423104c26d11f7df9e9a427b3f316657647a1d8514982e6f86329
2024-09-30 13:54:02,62,584fadc5481423104c26d11f7df9e9a427b3f316657647a1d8514982e6f86329
2024-09-30 13:54:02,62,584fadc5481423104c26d11f7df9e9a427b3f316657647a1d8514982e6f86329
2024-09-30 13:54:04,62,f214df8686dde5873f6737cdf93909d29f9b61e55a05fd900714072e85e7e2d9
2024-09-30 13:54:07,62,01fbae127e8db09da74812bde292eb77d2a68a7897a5571bb7c33ad12264102a
2024-09-30 13:54:07,62,01fbae127e8db09da74812bde292eb77d2a68a7897a5571bb7c33ad12264102a
2024-09-30 13:54:07,62,01fbae127e8db09da74812bde292eb77d2a68a7897a5571bb7c33ad12264102a
2024-09-30 13:54:09,62,18248f005b7493422ea25abcce7179b6d01446ebce2f14824bfbdbbe7f402bb9
2024-09-30 13:54:12,62,584fadc5481423104c26d11f7df9e9a427b3f316657647a1d8514982e6f86329
2024-09-30 13:54:12,62,584fadc5481423104c26d11f7df9e9a427b3f316657647a1d8514982e6f86329
2024-09-30 13:54:12,62,584fadc5481423104c26d11f7df9e9a427b3f316657647a1d8514982e6f86329
2024-09-30 13:54:12,62,584fadc5481423104c26d11f7df9e9a427b3f316657647a1d8514982e6f86329
2024-09-30 13:54:12,62,584fadc5481423104c26d11f7df9e9a427b3f316657647a1d8514982e6f86329
2024-09-30 13:54:15,62,18248f005b7493422ea25abcce7179b6d01446ebce2f14824bfbdbbe7f402bb9
2024-09-30 13:54:17,62,584fadc5481423104c26d11f7df9e9a427b3f316657647a1d8514982e6f86329
2024-09-30 13:54:17,62,584fadc5481423104c26d11f7df9e9a427b3f316657647a1d8514982e6f86329
2024-09-30 13:54:17,62,584fadc5481423104c26d11f7df9e9a427b3f316657647a1d8514982e6f86329
2024-09-30 13:54:17,62,584fadc5481423104c26d11f7df9e9a427b3f316657647a1d8514982e6f86329
2024-09-30 13:54:17,62,584fadc5481423104c26d11f7df9e9a427b3f316657647a1d8514982e6f86329
2024-09-30 13:54:17,62,584fadc5481423104c26d11f7df9e9a427b3f316657647a1d8514982e6f86329
2024-09-30 13:54:19,62,18248f005b7493422ea25abcce7179b6d01446ebce2f14824bfbdbbe7f402bb9
2024-09-30 13:54:19,62,18248f005b7493422ea25abcce7179b6d01446ebce2f14824bfbdbbe7f402bb9
2024-09-30 13:54:19,62,18248f005b7493422ea25abcce7179b6d01446ebce2f14824bfbdbbe7f402bb9
2024-09-30 13:54:19,62,18248f005b7493422ea25abcce7179b6d01446ebce2f14824bfbdbbe7f402bb9
2024-09-30 13:54:22,62,01fbae127e8db09da74812bde292eb77d2a68a7897a5571bb7c33ad12264102a
2024-09-30 13:54:22,62,01fbae127e8db09da74812bde292eb77d2a68a7897a5571bb7c33ad12264102a
2024-09-30 13:54:22,62,01fbae127e8db09da74812bde292eb77d2a68a7897a5571bb7c33ad12264102a
2024-09-30 13:54:22,62,18248f005b7493422ea25abcce7179b6d01446ebce2f14824bfbdbbe7f402bb9
2024-09-30 13:54:26,62,01fbae127e8db09da74812bde292eb77d2a68a7897a5571bb7c33ad12264102a
2024-09-30 13:54:29,62,01fbae127e8db09da74812bde292eb77d2a68a7897a5571bb7c33ad12264102a
2024-09-30 13:54:29,62,01fbae127e8db09da74812bde292eb77d2a68a7897a5571bb7c33ad12264102a
2024-09-30 13:54:29,62,01fbae127e8db09da74812bde292eb77d2a68a7897a5571bb7c33ad12264102a
2024-09-30 13:54:33,62,18248f005b7493422ea25abcce7179b6d01446ebce2f14824bfbdbbe7f402bb9
2024-09-30 13:54:55,62,18248f005b7493422ea25abcce7179b6d01446ebce2f14824bfbdbbe7f402bb9
2024-09-30 13:54:56,62,18248f005b7493422ea25abcce7179b6d01446ebce2f14824bfbdbbe7f402bb9
2024-09-30 13:54:56,62,18248f005b7493422ea25abcce7179b6d01446ebce2f14824bfbdbbe7f402bb9
2024-09-30 13:54:57,62,18248f005b7493422ea25abcce7179b6d01446ebce2f14824bfbdbbe7f402bb9
2024-09-30 13:55:03,62,18248f005b7493422ea25abcce7179b6d01446ebce2f14824bfbdbbe7f402bb9
2024-09-30 13:55:07,62,18248f005b7493422ea25abcce7179b6d01446ebce2f14824bfbdbbe7f402bb9
2024-09-30 13:55:07,62,18248f005b7493422ea25abcce7179b6d01446ebce2f14824bfbdbbe7f402bb9
2024-09-30 13:55:07,62,18248f005b7493422ea25abcce7179b6d01446ebce2f14824bfbdbbe7f402bb9
2024-09-30 13:55:18,62,18248f005b7493422ea25abcce7179b6d01446ebce2f14824bfbdbbe7f402bb9
2024-09-30 13:55:18,62,18248f005b7493422ea25abcce7179b6d01446ebce2f14824bfbdbbe7f402bb9
2024-09-30 13:55:20,62,18248f005b7493422ea25abcce7179b6d01446ebce2f14824bfbdbbe7f402bb9
2024-09-30 13:55:22,62,18248f005b7493422ea25abcce7179b6d01446ebce2f14824bfbdbbe7f402bb9
2024-09-30 13:55:30,62,18248f005b7493422ea25abcce7179b6d01446ebce2f14824bfbdbbe7f402bb9
2024-09-30 13:55:45,62,18248f005b7493422ea25abcce7179b6d01446ebce2f14824bfbdbbe7f402bb9
2024-09-30 13:55:46,62,18248f005b7493422ea25abcce7179b6d01446ebce2f14824bfbdbbe7f402bb9
2024-09-30 13:55:48,62,01fbae127e8db09da74812bde292eb77d2a68a7897a5571bb7c33ad12264102a
2024-09-30 13:55:48,62,01fbae127e8db09da74812bde292eb77d2a68a7897a5571bb7c33ad12264102a
2024-09-30 13:55:48,62,01fbae127e8db09da74812bde292eb77d2a68a7897a5571bb7c33ad12264102a
2024-09-30 13:55:48,62,01fbae127e8db09da74812bde292eb77d2a68a7897a5571bb7c33ad12264102a
2024-09-30 13:55:49,62,18248f005b7493422ea25abcce7179b6d01446ebce2f14824bfbdbbe7f402bb9
2024-09-30 13:55:49,62,18248f005b7493422ea25abcce7179b6d01446ebce2f14824bfbdbbe7f402bb9
2024-09-30 13:55:49,62,18248f005b7493422ea25abcce7179b6d01446ebce2f14824bfbdbbe7f402bb9
2024-09-30 13:55:49,62,18248f005b7493422ea25abcce7179b6d01446ebce2f14824bfbdbbe7f402bb9
2024-09-30 13:55:55,62,01fbae127e8db09da74812bde292eb77d2a68a7897a5571bb7c33ad12264102a
2024-09-30 13:55:57,62,18248f005b7493422ea25abcce7179b6d01446ebce2f14824bfbdbbe7f402bb9
2024-09-30 13:55:57,62,18248f005b7493422ea25abcce7179b6d01446ebce2f14824bfbdbbe7f402bb9
2024-09-30 13:55:57,62,18248f005b7493422ea25abcce7179b6d01446ebce2f14824bfbdbbe7f402bb9
2024-09-30 13:55:57,62,18248f005b7493422ea25abcce7179b6d01446ebce2f14824bfbdbbe7f402bb9
2024-09-30 13:56:07,62,01fbae127e8db09da74812bde292eb77d2a68a7897a5571bb7c33ad12264102a
2024-09-30 13:56:07,62,01fbae127e8db09da74812bde292eb77d2a68a7897a5571bb7c33ad12264102a
2024-09-30 13:56:07,62,01fbae127e8db09da74812bde292eb77d2a68a7897a5571bb7c33ad12264102a
2024-09-30 13:56:07,62,01fbae127e8db09da74812bde292eb77d2a68a7897a5571bb7c33ad12264102a
2024-09-30 13:56:16,62,18248f005b7493422ea25abcce7179b6d01446ebce2f14824bfbdbbe7f402bb9
2024-09-30 13:56:30,62,ae9edac7327f00442b78b86c5ce0d6502af1098aafb4312f93a224f836513400
2024-09-30 13:56:35,62,01fbae127e8db09da74812bde292eb77d2a68a7897a5571bb7c33ad12264102a
2024-09-30 13:56:35,62,01fbae127e8db09da74812bde292eb77d2a68a7897a5571bb7c33ad12264102a
2024-09-30 13:56:35,62,01fbae127e8db09da74812bde292eb77d2a68a7897a5571bb7c33ad12264102a
2024-09-30 13:56:35,62,01fbae127e8db09da74812bde292eb77d2a68a7897a5571bb7c33ad12264102a
2024-09-30 13:56:37,62,18248f005b7493422ea25abcce7179b6d01446ebce2f14824bfbdbbe7f402bb9
2024-09-30 13:56:37,62,18248f005b7493422ea25abcce7179b6d01446ebce2f14824bfbdbbe7f402bb9
2024-09-30 13:56:37,62,18248f005b7493422ea25abcce7179b6d01446ebce2f14824bfbdbbe7f402bb9
2024-09-30 13:56:37,62,18248f005b7493422ea25abcce7179b6d01446ebce2f14824bfbdbbe7f402bb9
2024-09-30 13:56:37,62,18248f005b7493422ea25abcce7179b6d01446ebce2f14824bfbdbbe7f402bb9
2024-09-30 13:56:37,62,18248f005b7493422ea25abcce7179b6d01446ebce2f14824bfbdbbe7f402bb9
2024-09-30 13:56:38,62,01fbae127e8db09da74812bde292eb77d2a68a7897a5571bb7c33ad12264102a
2024-09-30 13:56:38,62,01fbae127e8db09da74812bde292eb77d2a68a7897a5571bb7c33ad12264102a
2024-09-30 13:56:38,62,01fbae127e8db09da74812bde292eb77d2a68a7897a5571bb7c33ad12264102a
2024-09-30 13:56:38,62,01fbae127e8db09da74812bde292eb77d2a68a7897a5571bb7c33ad12264102a
2024-09-30 13:56:43,62,f214df8686dde5873f6737cdf93909d29f9b61e55a05fd900714072e85e7e2d9
2024-09-30 13:56:45,62,01fbae127e8db09da74812bde292eb77d2a68a7897a5571bb7c33ad12264102a
2024-09-30 13:56:45,62,01fbae127e8db09da74812bde292eb77d2a68a7897a5571bb7c33ad12264102a
2024-09-30 13:56:50,62,18248f005b7493422ea25abcce7179b6d01446ebce2f14824bfbdbbe7f402bb9
2024-09-30 13:56:50,62,18248f005b7493422ea25abcce7179b6d01446ebce2f14824bfbdbbe7f402bb9
2024-09-30 13:56:50,62,18248f005b7493422ea25abcce7179b6d01446ebce2f14824bfbdbbe7f402bb9
2024-09-30 13:57:00,62,ac6bdf2d5686dae420b8fa528fcc9b72514a3cbbdca201fadac306c2091d9b0c
2024-09-30 13:57:01,62,18248f005b7493422ea25abcce7179b6d01446ebce2f14824bfbdbbe7f402bb9
2024-09-30 13:57:11,62,18248f005b7493422ea25abcce7179b6d01446ebce2f14824bfbdbbe7f402bb9
2024-09-30 13:57:12,62,18248f005b7493422ea25abcce7179b6d01446ebce2f14824bfbdbbe7f402bb9
2024-09-30 13:57:12,62,18248f005b7493422ea25abcce7179b6d01446ebce2f14824bfbdbbe7f402bb9
2024-09-30 13:57:12,62,18248f005b7493422ea25abcce7179b6d01446ebce2f14824bfbdbbe7f402bb9
2024-09-30 13:57:12,62,18248f005b7493422ea25abcce7179b6d01446ebce2f14824bfbdbbe7f402bb9
2024-09-30 13:57:12,62,18248f005b7493422ea25abcce7179b6d01446ebce2f14824bfbdbbe7f402bb9
2024-09-30 13:57:14,62,18248f005b7493422ea25abcce7179b6d01446ebce2f14824bfbdbbe7f402bb9
2024-09-30 13:57:14,62,18248f005b7493422ea25abcce7179b6d01446ebce2f14824bfbdbbe7f402bb9
2024-09-30 13:57:19,62,18248f005b7493422ea25abcce7179b6d01446ebce2f14824bfbdbbe7f402bb9
2024-09-30 13:57:19,62,18248f005b7493422ea25abcce7179b6d01446ebce2f14824bfbdbbe7f402bb9
2024-09-30 13:57:21,62,18248f005b7493422ea25abcce7179b6d01446ebce2f14824bfbdbbe7f402bb9
2024-09-30 13:57:32,62,01fbae127e8db09da74812bde292eb77d2a68a7897a5571bb7c33ad12264102a
2024-09-30 13:57:32,62,01fbae127e8db09da74812bde292eb77d2a68a7897a5571bb7c33ad12264102a
2024-09-30 13:57:32,62,01fbae127e8db09da74812bde292eb77d2a68a7897a5571bb7c33ad12264102a
2024-09-30 13:57:32,62,01fbae127e8db09da74812bde292eb77d2a68a7897a5571bb7c33ad12264102a
2024-09-30 13:57:35,62,18248f005b7493422ea25abcce7179b6d01446ebce2f14824bfbdbbe7f402bb9
2024-09-30 13:57:40,62,18248f005b7493422ea25abcce7179b6d01446ebce2f14824bfbdbbe7f402bb9
2024-09-30 13:57:40,62,18248f005b7493422ea25abcce7179b6d01446ebce2f14824bfbdbbe7f402bb9
2024-09-30 13:57:45,62,01fbae127e8db09da74812bde292eb77d2a68a7897a5571bb7c33ad12264102a
2024-09-30 13:57:45,62,01fbae127e8db09da74812bde292eb77d2a68a7897a5571bb7c33ad12264102a
2024-09-30 13:57:49,62,01fbae127e8db09da74812bde292eb77d2a68a7897a5571bb7c33ad12264102a
2024-09-30 13:57:49,62,01fbae127e8db09da74812bde292eb77d2a68a7897a5571bb7c33ad12264102a
2024-09-30 13:57:49,62,18248f005b7493422ea25abcce7179b6d01446ebce2f14824bfbdbbe7f402bb9
2024-09-30 13:58:04,62,18248f005b7493422ea25abcce7179b6d01446ebce2f14824bfbdbbe7f402bb9
2024-09-30 13:58:06,62,01fbae127e8db09da74812bde292eb77d2a68a7897a5571bb7c33ad12264102a
2024-09-30 13:58:07,62,18248f005b7493422ea25abcce7179b6d01446ebce2f14824bfbdbbe7f402bb9
2024-09-30 13:58:07,62,18248f005b7493422ea25abcce7179b6d01446ebce2f14824bfbdbbe7f402bb9
2024-09-30 13:58:13,62,18248f005b7493422ea25abcce7179b6d01446ebce2f14824bfbdbbe7f402bb9
2024-09-30 13:58:14,62,18248f005b7493422ea25abcce7179b6d01446ebce2f14824bfbdbbe7f402bb9
2024-09-30 13:58:14,62,18248f005b7493422ea25abcce7179b6d01446ebce2f14824bfbdbbe7f402bb9
2024-09-30 13:58:15,62,18248f005b7493422ea25abcce7179b6d01446ebce2f14824bfbdbbe7f402bb9
2024-09-30 13:58:15,62,18248f005b7493422ea25abcce7179b6d01446ebce2f14824bfbdbbe7f402bb9
2024-09-30 13:58:21,62,18248f005b7493422ea25abcce7179b6d01446ebce2f14824bfbdbbe7f402bb9
2024-09-30 13:58:27,62,01fbae127e8db09da74812bde292eb77d2a68a7897a5571bb7c33ad12264102a
2024-09-30 13:58:27,62,18248f005b7493422ea25abcce7179b6d01446ebce2f14824bfbdbbe7f402bb9
2024-09-30 13:58:27,62,01fbae127e8db09da74812bde292eb77d2a68a7897a5571bb7c33ad12264102a
2024-09-30 13:58:43,62,18248f005b7493422ea25abcce7179b6d01446ebce2f14824bfbdbbe7f402bb9
2024-09-30 13:58:51,62,18248f005b7493422ea25abcce7179b6d01446ebce2f14824bfbdbbe7f402bb9
2024-09-30 13:59:14,62,01fbae127e8db09da74812bde292eb77d2a68a7897a5571bb7c33ad12264102a
2024-09-30 13:59:14,62,01fbae127e8db09da74812bde292eb77d2a68a7897a5571bb7c33ad12264102a
2024-09-30 13:59:18,62,18248f005b7493422ea25abcce7179b6d01446ebce2f14824bfbdbbe7f402bb9
2024-09-30 13:59:30,62,01fbae127e8db09da74812bde292eb77d2a68a7897a5571bb7c33ad12264102a
2024-09-30 13:59:31,62,01fbae127e8db09da74812bde292eb77d2a68a7897a5571bb7c33ad12264102a
2024-09-30 13:59:32,62,01fbae127e8db09da74812bde292eb77d2a68a7897a5571bb7c33ad12264102a
2024-09-30 13:59:32,62,01fbae127e8db09da74812bde292eb77d2a68a7897a5571bb7c33ad12264102a
2024-09-30 13:59:32,62,01fbae127e8db09da74812bde292eb77d2a68a7897a5571bb7c33ad12264102a
2024-09-30 13:59:32,62,01fbae127e8db09da74812bde292eb77d2a68a7897a5571bb7c33ad12264102a
2024-09-30 13:59:32,62,01fbae127e8db09da74812bde292eb77d2a68a7897a5571bb7c33ad12264102a
2024-09-30 13:59:35,62,18248f005b7493422ea25abcce7179b6d01446ebce2f14824bfbdbbe7f402bb9
2024-09-30 13:59:39,62,18248f005b7493422ea25abcce7179b6d01446ebce2f14824bfbdbbe7f402bb9
2024-09-30 13:59:53,62,18248f005b7493422ea25abcce7179b6d01446ebce2f14824bfbdbbe7f402bb9
2024-09-30 13:59:56,62,18248f005b7493422ea25abcce7179b6d01446ebce2f14824bfbdbbe7f402bb9
2024-09-30 14:00:00,62,ac6bdf2d5686dae420b8fa528fcc9b72514a3cbbdca201fadac306c2091d9b0c
2024-09-30 14:00:00,62,ac6bdf2d5686dae420b8fa528fcc9b72514a3cbbdca201fadac306c2091d9b0c
2024-09-30 14:00:02,62,18248f005b7493422ea25abcce7179b6d01446ebce2f14824bfbdbbe7f402bb9
2024-09-30 14:00:02,62,18248f005b7493422ea25abcce7179b6d01446ebce2f14824bfbdbbe7f402bb9
2024-09-30 14:00:02,62,18248f005b7493422ea25abcce7179b6d01446ebce2f14824bfbdbbe7f402bb9
2024-09-30 14:00:07,62,b259ad7b374273c26bec3567023bb3cef7a54a76409fb3688a4ef5ae3e07d4ba
2024-09-30 14:00:09,62,b259ad7b374273c26bec3567023bb3cef7a54a76409fb3688a4ef5ae3e07d4ba
2024-09-30 14:00:09,62,b259ad7b374273c26bec3567023bb3cef7a54a76409fb3688a4ef5ae3e07d4ba
2024-09-30 14:00:10,62,b259ad7b374273c26bec3567023bb3cef7a54a76409fb3688a4ef5ae3e07d4ba
2024-09-30 14:00:10,62,b259ad7b374273c26bec3567023bb3cef7a54a76409fb3688a4ef5ae3e07d4ba
2024-09-30 14:00:15,62,01fbae127e8db09da74812bde292eb77d2a68a7897a5571bb7c33ad12264102a
2024-09-30 14:00:15,62,01fbae127e8db09da74812bde292eb77d2a68a7897a5571bb7c33ad12264102a
2024-09-30 14:00:16,62,18248f005b7493422ea25abcce7179b6d01446ebce2f14824bfbdbbe7f402bb9
2024-09-30 14:00:16,62,b259ad7b374273c26bec3567023bb3cef7a54a76409fb3688a4ef5ae3e07d4ba
2024-09-30 14:00:16,62,b259ad7b374273c26bec3567023bb3cef7a54a76409fb3688a4ef5ae3e07d4ba
2024-09-30 14:00:16,62,b259ad7b374273c26bec3567023bb3cef7a54a76409fb3688a4ef5ae3e07d4ba
2024-09-30 14:00:16,62,b259ad7b374273c26bec3567023bb3cef7a54a76409fb3688a4ef5ae3e07d4ba
2024-09-30 14:00:16,62,18248f005b7493422ea25abcce7179b6d01446ebce2f14824bfbdbbe7f402bb9
2024-09-30 14:00:16,62,18248f005b7493422ea25abcce7179b6d01446ebce2f14824bfbdbbe7f402bb9
2024-09-30 14:00:17,62,18248f005b7493422ea25abcce7179b6d01446ebce2f14824bfbdbbe7f402bb9
2024-09-30 14:00:17,62,18248f005b7493422ea25abcce7179b6d01446ebce2f14824bfbdbbe7f402bb9
2024-09-30 14:00:17,62,18248f005b7493422ea25abcce7179b6d01446ebce2f14824bfbdbbe7f402bb9
2024-09-30 14:00:19,62,18248f005b7493422ea25abcce7179b6d01446ebce2f14824bfbdbbe7f402bb9
2024-09-30 14:00:23,62,18248f005b7493422ea25abcce7179b6d01446ebce2f14824bfbdbbe7f402bb9
2024-09-30 14:00:23,62,18248f005b7493422ea25abcce7179b6d01446ebce2f14824bfbdbbe7f402bb9
2024-09-30 14:00:24,62,18248f005b7493422ea25abcce7179b6d01446ebce2f14824bfbdbbe7f402bb9
2024-09-30 14:00:24,62,18248f005b7493422ea25abcce7179b6d01446ebce2f14824bfbdbbe7f402bb9
2024-09-30 14:00:26,62,18248f005b7493422ea25abcce7179b6d01446ebce2f14824bfbdbbe7f402bb9
2024-09-30 14:00:26,62,18248f005b7493422ea25abcce7179b6d01446ebce2f14824bfbdbbe7f402bb9
2024-09-30 14:00:28,62,18248f005b7493422ea25abcce7179b6d01446ebce2f14824bfbdbbe7f402bb9
2024-09-30 14:00:29,62,18248f005b7493422ea25abcce7179b6d01446ebce2f14824bfbdbbe7f402bb9
2024-09-30 14:00:29,62,18248f005b7493422ea25abcce7179b6d01446ebce2f14824bfbdbbe7f402bb9
2024-09-30 14:00:30,62,18248f005b7493422ea25abcce7179b6d01446ebce2f14824bfbdbbe7f402bb9
2024-09-30 14:00:30,62,18248f005b7493422ea25abcce7179b6d01446ebce2f14824bfbdbbe7f402bb9
2024-09-30 14:00:30,62,18248f005b7493422ea25abcce7179b6d01446ebce2f14824bfbdbbe7f402bb9
2024-09-30 14:00:31,62,18248f005b7493422ea25abcce7179b6d01446ebce2f14824bfbdbbe7f402bb9
2024-09-30 14:00:31,62,18248f005b7493422ea25abcce7179b6d01446ebce2f14824bfbdbbe7f402bb9
2024-09-30 14:00:34,62,18248f005b7493422ea25abcce7179b6d01446ebce2f14824bfbdbbe7f402bb9
2024-09-30 14:00:34,62,18248f005b7493422ea25abcce7179b6d01446ebce2f14824bfbdbbe7f402bb9
2024-09-30 14:00:34,62,18248f005b7493422ea25abcce7179b6d01446ebce2f14824bfbdbbe7f402bb9
2024-09-30 14:00:34,62,18248f005b7493422ea25abcce7179b6d01446ebce2f14824bfbdbbe7f402bb9
2024-09-30 14:00:34,62,18248f005b7493422ea25abcce7179b6d01446ebce2f14824bfbdbbe7f402bb9
2024-09-30 14:00:34,62,18248f005b7493422ea25abcce7179b6d01446ebce2f14824bfbdbbe7f402bb9
2024-09-30 14:00:34,62,18248f005b7493422ea25abcce7179b6d01446ebce2f14824bfbdbbe7f402bb9
2024-09-30 14:00:35,62,18248f005b7493422ea25abcce7179b6d01446ebce2f14824bfbdbbe7f402bb9
2024-09-30 14:00:35,62,18248f005b7493422ea25abcce7179b6d01446ebce2f14824bfbdbbe7f402bb9
2024-09-30 14:00:39,62,18248f005b7493422ea25abcce7179b6d01446ebce2f14824bfbdbbe7f402bb9
2024-09-30 14:00:39,62,18248f005b7493422ea25abcce7179b6d01446ebce2f14824bfbdbbe7f402bb9
2024-09-30 14:00:42,62,01fbae127e8db09da74812bde292eb77d2a68a7897a5571bb7c33ad12264102a
2024-09-30 14:00:42,62,18248f005b7493422ea25abcce7179b6d01446ebce2f14824bfbdbbe7f402bb9
2024-09-30 14:00:42,62,18248f005b7493422ea25abcce7179b6d01446ebce2f14824bfbdbbe7f402bb9
2024-09-30 14:00:42,62,18248f005b7493422ea25abcce7179b6d01446ebce2f14824bfbdbbe7f402bb9
2024-09-30 14:00:42,62,18248f005b7493422ea25abcce7179b6d01446ebce2f14824bfbdbbe7f402bb9
2024-09-30 14:00:43,62,18248f005b7493422ea25abcce7179b6d01446ebce2f14824bfbdbbe7f402bb9
2024-09-30 14:00:43,62,18248f005b7493422ea25abcce7179b6d01446ebce2f14824bfbdbbe7f402bb9
2024-09-30 14:00:43,62,18248f005b7493422ea25abcce7179b6d01446ebce2f14824bfbdbbe7f402bb9
2024-09-30 14:00:43,62,18248f005b7493422ea25abcce7179b6d01446ebce2f14824bfbdbbe7f402bb9
2024-09-30 14:00:45,62,18248f005b7493422ea25abcce7179b6d01446ebce2f14824bfbdbbe7f402bb9
2024-09-30 14:00:45,62,18248f005b7493422ea25abcce7179b6d01446ebce2f14824bfbdbbe7f402bb9
2024-09-30 14:00:45,62,18248f005b7493422ea25abcce7179b6d01446ebce2f14824bfbdbbe7f402bb9
2024-09-30 14:00:45,62,18248f005b7493422ea25abcce7179b6d01446ebce2f14824bfbdbbe7f402bb9
2024-09-30 14:00:46,62,18248f005b7493422ea25abcce7179b6d01446ebce2f14824bfbdbbe7f402bb9
2024-09-30 14:00:46,62,18248f005b7493422ea25abcce7179b6d01446ebce2f14824bfbdbbe7f402bb9
2024-09-30 14:00:46,62,18248f005b7493422ea25abcce7179b6d01446ebce2f14824bfbdbbe7f402bb9
2024-09-30 14:00:47,62,18248f005b7493422ea25abcce7179b6d01446ebce2f14824bfbdbbe7f402bb9
2024-09-30 14:00:49,62,01fbae127e8db09da74812bde292eb77d2a68a7897a5571bb7c33ad12264102a
2024-09-30 14:00:52,62,18248f005b7493422ea25abcce7179b6d01446ebce2f14824bfbdbbe7f402bb9
2024-09-30 14:00:52,62,18248f005b7493422ea25abcce7179b6d01446ebce2f14824bfbdbbe7f402bb9
2024-09-30 14:00:52,62,18248f005b7493422ea25abcce7179b6d01446ebce2f14824bfbdbbe7f402bb9
2024-09-30 14:00:53,62,18248f005b7493422ea25abcce7179b6d01446ebce2f14824bfbdbbe7f402bb9
2024-09-30 14:00:53,62,01fbae127e8db09da74812bde292eb77d2a68a7897a5571bb7c33ad12264102a
2024-09-30 14:00:53,62,18248f005b7493422ea25abcce7179b6d01446ebce2f14824bfbdbbe7f402bb9
2024-09-30 14:00:55,62,b259ad7b374273c26bec3567023bb3cef7a54a76409fb3688a4ef5ae3e07d4ba
2024-09-30 14:01:03,62,18248f005b7493422ea25abcce7179b6d01446ebce2f14824bfbdbbe7f402bb9
2024-09-30 14:01:03,62,18248f005b7493422ea25abcce7179b6d01446ebce2f14824bfbdbbe7f402bb9
2024-09-30 14:01:03,62,18248f005b7493422ea25abcce7179b6d01446ebce2f14824bfbdbbe7f402bb9
2024-09-30 14:01:03,62,18248f005b7493422ea25abcce7179b6d01446ebce2f14824bfbdbbe7f402bb9
2024-09-30 14:01:03,62,18248f005b7493422ea25abcce7179b6d01446ebce2f14824bfbdbbe7f402bb9
2024-09-30 14:01:03,62,18248f005b7493422ea25abcce7179b6d01446ebce2f14824bfbdbbe7f402bb9
2024-09-30 14:01:06,62,cc8436b64151fd52cdf3d956133112a1da3dd2aafea0e295772cea62deb699e3
2024-09-30 14:01:06,62,cc8436b64151fd52cdf3d956133112a1da3dd2aafea0e295772cea62deb699e3
2024-09-30 14:01:06,62,cc8436b64151fd52cdf3d956133112a1da3dd2aafea0e295772cea62deb699e3
2024-09-30 14:01:06,62,cc8436b64151fd52cdf3d956133112a1da3dd2aafea0e295772cea62deb699e3
2024-09-30 14:01:10,62,18248f005b7493422ea25abcce7179b6d01446ebce2f14824bfbdbbe7f402bb9
2024-09-30 14:01:10,62,18248f005b7493422ea25abcce7179b6d01446ebce2f14824bfbdbbe7f402bb9
2024-09-30 14:01:16,62,18248f005b7493422ea25abcce7179b6d01446ebce2f14824bfbdbbe7f402bb9
2024-09-30 14:01:16,62,b259ad7b374273c26bec3567023bb3cef7a54a76409fb3688a4ef5ae3e07d4ba
2024-09-30 14:01:16,62,b259ad7b374273c26bec3567023bb3cef7a54a76409fb3688a4ef5ae3e07d4ba
2024-09-30 14:01:16,62,18248f005b7493422ea25abcce7179b6d01446ebce2f14824bfbdbbe7f402bb9
2024-09-30 14:01:16,62,18248f005b7493422ea25abcce7179b6d01446ebce2f14824bfbdbbe7f402bb9
2024-09-30 14:01:17,62,18248f005b7493422ea25abcce7179b6d01446ebce2f14824bfbdbbe7f402bb9
2024-09-30 14:01:18,62,18248f005b7493422ea25abcce7179b6d01446ebce2f14824bfbdbbe7f402bb9
2024-09-30 14:01:18,62,b259ad7b374273c26bec3567023bb3cef7a54a76409fb3688a4ef5ae3e07d4ba
2024-09-30 14:01:18,62,b259ad7b374273c26bec3567023bb3cef7a54a76409fb3688a4ef5ae3e07d4ba
2024-09-30 14:01:18,62,b259ad7b374273c26bec3567023bb3cef7a54a76409fb3688a4ef5ae3e07d4ba
2024-09-30 14:01:18,62,b259ad7b374273c26bec3567023bb3cef7a54a76409fb3688a4ef5ae3e07d4ba
2024-09-30 14:01:20,62,18248f005b7493422ea25abcce7179b6d01446ebce2f14824bfbdbbe7f402bb9
2024-09-30 14:01:20,62,18248f005b7493422ea25abcce7179b6d01446ebce2f14824bfbdbbe7f402bb9
2024-09-30 14:01:20,62,18248f005b7493422ea25abcce7179b6d01446ebce2f14824bfbdbbe7f402bb9
2024-09-30 14:01:20,62,18248f005b7493422ea25abcce7179b6d01446ebce2f14824bfbdbbe7f402bb9
2024-09-30 14:01:20,62,18248f005b7493422ea25abcce7179b6d01446ebce2f14824bfbdbbe7f402bb9
2024-09-30 14:01:20,62,18248f005b7493422ea25abcce7179b6d01446ebce2f14824bfbdbbe7f402bb9
2024-09-30 14:01:28,62,18248f005b7493422ea25abcce7179b6d01446ebce2f14824bfbdbbe7f402bb9
2024-09-30 14:01:33,62,18248f005b7493422ea25abcce7179b6d01446ebce2f14824bfbdbbe7f402bb9
2024-09-30 14:01:34,62,18248f005b7493422ea25abcce7179b6d01446ebce2f14824bfbdbbe7f402bb9
2024-09-30 14:01:34,62,18248f005b7493422ea25abcce7179b6d01446ebce2f14824bfbdbbe7f402bb9
2024-09-30 14:01:36,62,18248f005b7493422ea25abcce7179b6d01446ebce2f14824bfbdbbe7f402bb9
2024-09-30 14:01:36,62,18248f005b7493422ea25abcce7179b6d01446ebce2f14824bfbdbbe7f402bb9
2024-09-30 14:01:37,62,01fbae127e8db09da74812bde292eb77d2a68a7897a5571bb7c33ad12264102a
2024-09-30 14:01:37,62,01fbae127e8db09da74812bde292eb77d2a68a7897a5571bb7c33ad12264102a
2024-09-30 14:01:37,62,01fbae127e8db09da74812bde292eb77d2a68a7897a5571bb7c33ad12264102a
2024-09-30 14:01:40,62,18248f005b7493422ea25abcce7179b6d01446ebce2f14824bfbdbbe7f402bb9
2024-09-30 14:01:40,62,18248f005b7493422ea25abcce7179b6d01446ebce2f14824bfbdbbe7f402bb9
2024-09-30 14:01:41,62,18248f005b7493422ea25abcce7179b6d01446ebce2f14824bfbdbbe7f402bb9
2024-09-30 14:01:41,62,18248f005b7493422ea25abcce7179b6d01446ebce2f14824bfbdbbe7f402bb9
2024-09-30 14:01:41,62,18248f005b7493422ea25abcce7179b6d01446ebce2f14824bfbdbbe7f402bb9
2024-09-30 14:01:41,62,18248f005b7493422ea25abcce7179b6d01446ebce2f14824bfbdbbe7f402bb9
2024-09-30 14:01:49,62,18248f005b7493422ea25abcce7179b6d01446ebce2f14824bfbdbbe7f402bb9
2024-09-30 14:01:50,62,18248f005b7493422ea25abcce7179b6d01446ebce2f14824bfbdbbe7f402bb9
2024-09-30 14:01:55,62,8634275ed4e60ba4cea6adcdf2fb686707b14be17822e76ae11a70a0035ab5bf
2024-09-30 14:01:55,62,8634275ed4e60ba4cea6adcdf2fb686707b14be17822e76ae11a70a0035ab5bf
2024-09-30 14:01:56,62,18248f005b7493422ea25abcce7179b6d01446ebce2f14824bfbdbbe7f402bb9
2024-09-30 14:02:03,62,01fbae127e8db09da74812bde292eb77d2a68a7897a5571bb7c33ad12264102a
2024-09-30 14:02:03,62,01fbae127e8db09da74812bde292eb77d2a68a7897a5571bb7c33ad12264102a
2024-09-30 14:02:18,62,18248f005b7493422ea25abcce7179b6d01446ebce2f14824bfbdbbe7f402bb9
2024-09-30 14:02:18,62,18248f005b7493422ea25abcce7179b6d01446ebce2f14824bfbdbbe7f402bb9
2024-09-30 14:02:19,62,18248f005b7493422ea25abcce7179b6d01446ebce2f14824bfbdbbe7f402bb9
2024-09-30 14:02:19,62,18248f005b7493422ea25abcce7179b6d01446ebce2f14824bfbdbbe7f402bb9
2024-09-30 14:02:19,62,18248f005b7493422ea25abcce7179b6d01446ebce2f14824bfbdbbe7f402bb9
2024-09-30 14:02:21,62,18248f005b7493422ea25abcce7179b6d01446ebce2f14824bfbdbbe7f402bb9
2024-09-30 14:02:26,62,18248f005b7493422ea25abcce7179b6d01446ebce2f14824bfbdbbe7f402bb9
2024-09-30 14:02:28,62,18248f005b7493422ea25abcce7179b6d01446ebce2f14824bfbdbbe7f402bb9
2024-09-30 14:02:29,62,18248f005b7493422ea25abcce7179b6d01446ebce2f14824bfbdbbe7f402bb9
2024-09-30 14:02:29,62,18248f005b7493422ea25abcce7179b6d01446ebce2f14824bfbdbbe7f402bb9
2024-09-30 14:02:35,62,18248f005b7493422ea25abcce7179b6d01446ebce2f14824bfbdbbe7f402bb9
2024-09-30 14:02:35,62,18248f005b7493422ea25abcce7179b6d01446ebce2f14824bfbdbbe7f402bb9
2024-09-30 14:02:35,62,18248f005b7493422ea25abcce7179b6d01446ebce2f14824bfbdbbe7f402bb9
2024-09-30 14:02:35,62,18248f005b7493422ea25abcce7179b6d01446ebce2f14824bfbdbbe7f402bb9
2024-09-30 14:02:35,62,18248f005b7493422ea25abcce7179b6d01446ebce2f14824bfbdbbe7f402bb9
2024-09-30 14:02:35,62,18248f005b7493422ea25abcce7179b6d01446ebce2f14824bfbdbbe7f402bb9
2024-09-30 14:02:35,62,18248f005b7493422ea25abcce7179b6d01446ebce2f14824bfbdbbe7f402bb9
2024-09-30 14:02:35,62,18248f005b7493422ea25abcce7179b6d01446ebce2f14824bfbdbbe7f402bb9
2024-09-30 14:02:38,62,18248f005b7493422ea25abcce7179b6d01446ebce2f14824bfbdbbe7f402bb9
2024-09-30 14:02:43,62,01fbae127e8db09da74812bde292eb77d2a68a7897a5571bb7c33ad12264102a
2024-09-30 14:02:43,62,01fbae127e8db09da74812bde292eb77d2a68a7897a5571bb7c33ad12264102a
2024-09-30 14:02:43,62,01fbae127e8db09da74812bde292eb77d2a68a7897a5571bb7c33ad12264102a
2024-09-30 14:02:43,62,01fbae127e8db09da74812bde292eb77d2a68a7897a5571bb7c33ad12264102a
2024-09-30 14:02:45,62,01fbae127e8db09da74812bde292eb77d2a68a7897a5571bb7c33ad12264102a
2024-09-30 14:02:51,62,18248f005b7493422ea25abcce7179b6d01446ebce2f14824bfbdbbe7f402bb9
2024-09-30 14:02:54,62,18248f005b7493422ea25abcce7179b6d01446ebce2f14824bfbdbbe7f402bb9
2024-09-30 14:03:00,62,ac6bdf2d5686dae420b8fa528fcc9b72514a3cbbdca201fadac306c2091d9b0c
2024-09-30 14:03:00,62,ac6bdf2d5686dae420b8fa528fcc9b72514a3cbbdca201fadac306c2091d9b0c
2024-09-30 14:03:00,62,ac6bdf2d5686dae420b8fa528fcc9b72514a3cbbdca201fadac306c2091d9b0c
2024-09-30 14:03:01,62,18248f005b7493422ea25abcce7179b6d01446ebce2f14824bfbdbbe7f402bb9
2024-09-30 14:03:04,62,18248f005b7493422ea25abcce7179b6d01446ebce2f14824bfbdbbe7f402bb9
2024-09-30 14:03:04,62,18248f005b7493422ea25abcce7179b6d01446ebce2f14824bfbdbbe7f402bb9
2024-09-30 14:03:05,62,18248f005b7493422ea25abcce7179b6d01446ebce2f14824bfbdbbe7f402bb9
2024-09-30 14:03:05,62,18248f005b7493422ea25abcce7179b6d01446ebce2f14824bfbdbbe7f402bb9
2024-09-30 14:03:12,62,01fbae127e8db09da74812bde292eb77d2a68a7897a5571bb7c33ad12264102a
2024-09-30 14:03:12,62,01fbae127e8db09da74812bde292eb77d2a68a7897a5571bb7c33ad12264102a
2024-09-30 14:03:12,62,01fbae127e8db09da74812bde292eb77d2a68a7897a5571bb7c33ad12264102a
2024-09-30 14:03:12,62,01fbae127e8db09da74812bde292eb77d2a68a7897a5571bb7c33ad12264102a
2024-09-30 14:03:13,62,01fbae127e8db09da74812bde292eb77d2a68a7897a5571bb7c33ad12264102a
2024-09-30 14:03:16,62,01fbae127e8db09da74812bde292eb77d2a68a7897a5571bb7c33ad12264102a
2024-09-30 14:03:16,62,01fbae127e8db09da74812bde292eb77d2a68a7897a5571bb7c33ad12264102a
2024-09-30 14:03:16,62,01fbae127e8db09da74812bde292eb77d2a68a7897a5571bb7c33ad12264102a
2024-09-30 14:03:16,62,01fbae127e8db09da74812bde292eb77d2a68a7897a5571bb7c33ad12264102a
2024-09-30 14:03:17,62,01fbae127e8db09da74812bde292eb77d2a68a7897a5571bb7c33ad12264102a
2024-09-30 14:03:17,62,01fbae127e8db09da74812bde292eb77d2a68a7897a5571bb7c33ad12264102a
2024-09-30 14:03:17,62,01fbae127e8db09da74812bde292eb77d2a68a7897a5571bb7c33ad12264102a
2024-09-30 14:03:32,62,18248f005b7493422ea25abcce7179b6d01446ebce2f14824bfbdbbe7f402bb9
2024-09-30 14:03:32,62,18248f005b7493422ea25abcce7179b6d01446ebce2f14824bfbdbbe7f402bb9
2024-09-30 14:03:32,62,18248f005b7493422ea25abcce7179b6d01446ebce2f14824bfbdbbe7f402bb9
2024-09-30 14:03:32,62,18248f005b7493422ea25abcce7179b6d01446ebce2f14824bfbdbbe7f402bb9
2024-09-30 14:03:41,62,18248f005b7493422ea25abcce7179b6d01446ebce2f14824bfbdbbe7f402bb9
2024-09-30 14:03:41,62,18248f005b7493422ea25abcce7179b6d01446ebce2f14824bfbdbbe7f402bb9
2024-09-30 14:03:41,62,18248f005b7493422ea25abcce7179b6d01446ebce2f14824bfbdbbe7f402bb9
2024-09-30 14:04:07,62,18248f005b7493422ea25abcce7179b6d01446ebce2f14824bfbdbbe7f402bb9
2024-09-30 14:04:08,62,18248f005b7493422ea25abcce7179b6d01446ebce2f14824bfbdbbe7f402bb9
2024-09-30 14:04:09,62,01fbae127e8db09da74812bde292eb77d2a68a7897a5571bb7c33ad12264102a
2024-09-30 14:04:09,62,01fbae127e8db09da74812bde292eb77d2a68a7897a5571bb7c33ad12264102a
2024-09-30 14:04:10,62,01fbae127e8db09da74812bde292eb77d2a68a7897a5571bb7c33ad12264102a
2024-09-30 14:04:10,62,01fbae127e8db09da74812bde292eb77d2a68a7897a5571bb7c33ad12264102a
2024-09-30 14:04:10,62,18248f005b7493422ea25abcce7179b6d01446ebce2f14824bfbdbbe7f402bb9
2024-09-30 14:04:19,62,01fbae127e8db09da74812bde292eb77d2a68a7897a5571bb7c33ad12264102a
2024-09-30 14:04:20,62,01fbae127e8db09da74812bde292eb77d2a68a7897a5571bb7c33ad12264102a
2024-09-30 14:04:20,62,01fbae127e8db09da74812bde292eb77d2a68a7897a5571bb7c33ad12264102a
2024-09-30 14:04:20,62,01fbae127e8db09da74812bde292eb77d2a68a7897a5571bb7c33ad12264102a
2024-09-30 14:04:28,62,18248f005b7493422ea25abcce7179b6d01446ebce2f14824bfbdbbe7f402bb9
2024-09-30 14:04:28,62,18248f005b7493422ea25abcce7179b6d01446ebce2f14824bfbdbbe7f402bb9
2024-09-30 14:04:28,62,18248f005b7493422ea25abcce7179b6d01446ebce2f14824bfbdbbe7f402bb9
2024-09-30 14:04:34,62,18248f005b7493422ea25abcce7179b6d01446ebce2f14824bfbdbbe7f402bb9
2024-09-30 14:04:34,62,18248f005b7493422ea25abcce7179b6d01446ebce2f14824bfbdbbe7f402bb9
2024-09-30 14:04:34,62,18248f005b7493422ea25abcce7179b6d01446ebce2f14824bfbdbbe7f402bb9
2024-09-30 14:04:36,62,18248f005b7493422ea25abcce7179b6d01446ebce2f14824bfbdbbe7f402bb9
2024-09-30 14:04:36,62,18248f005b7493422ea25abcce7179b6d01446ebce2f14824bfbdbbe7f402bb9
2024-09-30 14:04:36,62,18248f005b7493422ea25abcce7179b6d01446ebce2f14824bfbdbbe7f402bb9
2024-09-30 14:04:40,62,01fbae127e8db09da74812bde292eb77d2a68a7897a5571bb7c33ad12264102a
2024-09-30 14:04:40,62,01fbae127e8db09da74812bde292eb77d2a68a7897a5571bb7c33ad12264102a
2024-09-30 14:04:47,62,ac6bdf2d5686dae420b8fa528fcc9b72514a3cbbdca201fadac306c2091d9b0c
2024-09-30 14:04:54,62,01fbae127e8db09da74812bde292eb77d2a68a7897a5571bb7c33ad12264102a
2024-09-30 14:04:55,62,01fbae127e8db09da74812bde292eb77d2a68a7897a5571bb7c33ad12264102a
2024-09-30 14:04:55,62,01fbae127e8db09da74812bde292eb77d2a68a7897a5571bb7c33ad12264102a
2024-09-30 14:04:56,62,18248f005b7493422ea25abcce7179b6d01446ebce2f14824bfbdbbe7f402bb9
2024-09-30 14:04:56,62,18248f005b7493422ea25abcce7179b6d01446ebce2f14824bfbdbbe7f402bb9
2024-09-30 14:04:58,62,18248f005b7493422ea25abcce7179b6d01446ebce2f14824bfbdbbe7f402bb9
2024-09-30 14:05:02,62,18248f005b7493422ea25abcce7179b6d01446ebce2f14824bfbdbbe7f402bb9
2024-09-30 14:05:03,62,01fbae127e8db09da74812bde292eb77d2a68a7897a5571bb7c33ad12264102a
2024-09-30 14:05:03,62,01fbae127e8db09da74812bde292eb77d2a68a7897a5571bb7c33ad12264102a
2024-09-30 14:05:03,62,01fbae127e8db09da74812bde292eb77d2a68a7897a5571bb7c33ad12264102a
2024-09-30 14:05:09,62,18248f005b7493422ea25abcce7179b6d01446ebce2f14824bfbdbbe7f402bb9
2024-09-30 14:05:09,62,18248f005b7493422ea25abcce7179b6d01446ebce2f14824bfbdbbe7f402bb9
2024-09-30 14:05:09,62,18248f005b7493422ea25abcce7179b6d01446ebce2f14824bfbdbbe7f402bb9
2024-09-30 14:05:09,62,18248f005b7493422ea25abcce7179b6d01446ebce2f14824bfbdbbe7f402bb9
2024-09-30 14:05:09,62,18248f005b7493422ea25abcce7179b6d01446ebce2f14824bfbdbbe7f402bb9
2024-09-30 14:05:09,62,18248f005b7493422ea25abcce7179b6d01446ebce2f14824bfbdbbe7f402bb9
2024-09-30 14:05:10,62,18248f005b7493422ea25abcce7179b6d01446ebce2f14824bfbdbbe7f402bb9
2024-09-30 14:05:10,62,18248f005b7493422ea25abcce7179b6d01446ebce2f14824bfbdbbe7f402bb9
2024-09-30 14:05:10,62,18248f005b7493422ea25abcce7179b6d01446ebce2f14824bfbdbbe7f402bb9
2024-09-30 14:05:10,62,18248f005b7493422ea25abcce7179b6d01446ebce2f14824bfbdbbe7f402bb9
2024-09-30 14:05:14,62,18248f005b7493422ea25abcce7179b6d01446ebce2f14824bfbdbbe7f402bb9
2024-09-30 14:05:14,62,18248f005b7493422ea25abcce7179b6d01446ebce2f14824bfbdbbe7f402bb9
2024-09-30 14:05:14,62,18248f005b7493422ea25abcce7179b6d01446ebce2f14824bfbdbbe7f402bb9
2024-09-30 14:05:14,62,18248f005b7493422ea25abcce7179b6d01446ebce2f14824bfbdbbe7f402bb9
2024-09-30 14:05:14,62,18248f005b7493422ea25abcce7179b6d01446ebce2f14824bfbdbbe7f402bb9
2024-09-30 14:05:14,62,18248f005b7493422ea25abcce7179b6d01446ebce2f14824bfbdbbe7f402bb9
2024-09-30 14:05:15,62,18248f005b7493422ea25abcce7179b6d01446ebce2f14824bfbdbbe7f402bb9
2024-09-30 14:05:15,62,18248f005b7493422ea25abcce7179b6d01446ebce2f14824bfbdbbe7f402bb9
2024-09-30 14:05:18,62,01fbae127e8db09da74812bde292eb77d2a68a7897a5571bb7c33ad12264102a
2024-09-30 14:05:18,62,01fbae127e8db09da74812bde292eb77d2a68a7897a5571bb7c33ad12264102a
2024-09-30 14:05:23,62,18248f005b7493422ea25abcce7179b6d01446ebce2f14824bfbdbbe7f402bb9
2024-09-30 14:05:25,62,01fbae127e8db09da74812bde292eb77d2a68a7897a5571bb7c33ad12264102a
2024-09-30 14:05:25,62,01fbae127e8db09da74812bde292eb77d2a68a7897a5571bb7c33ad12264102a
2024-09-30 14:05:25,62,01fbae127e8db09da74812bde292eb77d2a68a7897a5571bb7c33ad12264102a
2024-09-30 14:05:28,62,18248f005b7493422ea25abcce7179b6d01446ebce2f14824bfbdbbe7f402bb9
2024-09-30 14:05:28,62,18248f005b7493422ea25abcce7179b6d01446ebce2f14824bfbdbbe7f402bb9
2024-09-30 14:05:28,62,18248f005b7493422ea25abcce7179b6d01446ebce2f14824bfbdbbe7f402bb9
2024-09-30 14:05:28,62,18248f005b7493422ea25abcce7179b6d01446ebce2f14824bfbdbbe7f402bb9
2024-09-30 14:05:36,62,01fbae127e8db09da74812bde292eb77d2a68a7897a5571bb7c33ad12264102a
2024-09-30 14:05:36,62,01fbae127e8db09da74812bde292eb77d2a68a7897a5571bb7c33ad12264102a
2024-09-30 14:05:36,62,01fbae127e8db09da74812bde292eb77d2a68a7897a5571bb7c33ad12264102a
2024-09-30 14:05:36,62,01fbae127e8db09da74812bde292eb77d2a68a7897a5571bb7c33ad12264102a
2024-09-30 14:05:37,62,01fbae127e8db09da74812bde292eb77d2a68a7897a5571bb7c33ad12264102a
2024-09-30 14:05:38,62,01fbae127e8db09da74812bde292eb77d2a68a7897a5571bb7c33ad12264102a
2024-09-30 14:05:38,62,01fbae127e8db09da74812bde292eb77d2a68a7897a5571bb7c33ad12264102a
2024-09-30 14:05:43,62,01fbae127e8db09da74812bde292eb77d2a68a7897a5571bb7c33ad12264102a
2024-09-30 14:05:43,62,01fbae127e8db09da74812bde292eb77d2a68a7897a5571bb7c33ad12264102a
2024-09-30 14:05:43,62,01fbae127e8db09da74812bde292eb77d2a68a7897a5571bb7c33ad12264102a
2024-09-30 14:05:47,62,18248f005b7493422ea25abcce7179b6d01446ebce2f14824bfbdbbe7f402bb9
2024-09-30 14:05:47,62,18248f005b7493422ea25abcce7179b6d01446ebce2f14824bfbdbbe7f402bb9
2024-09-30 14:05:47,62,18248f005b7493422ea25abcce7179b6d01446ebce2f14824bfbdbbe7f402bb9
2024-09-30 14:05:47,62,18248f005b7493422ea25abcce7179b6d01446ebce2f14824bfbdbbe7f402bb9
2024-09-30 14:05:49,62,18248f005b7493422ea25abcce7179b6d01446ebce2f14824bfbdbbe7f402bb9
2024-09-30 14:05:49,62,18248f005b7493422ea25abcce7179b6d01446ebce2f14824bfbdbbe7f402bb9
2024-09-30 14:05:49,62,18248f005b7493422ea25abcce7179b6d01446ebce2f14824bfbdbbe7f402bb9
2024-09-30 14:05:51,62,b259ad7b374273c26bec3567023bb3cef7a54a76409fb3688a4ef5ae3e07d4ba
2024-09-30 14:05:51,62,b259ad7b374273c26bec3567023bb3cef7a54a76409fb3688a4ef5ae3e07d4ba
2024-09-30 14:05:51,62,b259ad7b374273c26bec3567023bb3cef7a54a76409fb3688a4ef5ae3e07d4ba
2024-09-30 14:06:08,62,18248f005b7493422ea25abcce7179b6d01446ebce2f14824bfbdbbe7f402bb9
2024-09-30 14:06:12,62,18248f005b7493422ea25abcce7179b6d01446ebce2f14824bfbdbbe7f402bb9
2024-09-30 14:06:12,62,18248f005b7493422ea25abcce7179b6d01446ebce2f14824bfbdbbe7f402bb9
2024-09-30 14:06:17,62,01fbae127e8db09da74812bde292eb77d2a68a7897a5571bb7c33ad12264102a
2024-09-30 14:06:17,62,01fbae127e8db09da74812bde292eb77d2a68a7897a5571bb7c33ad12264102a
2024-09-30 14:06:18,62,f214df8686dde5873f6737cdf93909d29f9b61e55a05fd900714072e85e7e2d9
2024-09-30 14:06:18,62,f214df8686dde5873f6737cdf93909d29f9b61e55a05fd900714072e85e7e2d9
2024-09-30 14:06:18,62,f214df8686dde5873f6737cdf93909d29f9b61e55a05fd900714072e85e7e2d9
2024-09-30 14:06:18,62,f214df8686dde5873f6737cdf93909d29f9b61e55a05fd900714072e85e7e2d9
2024-09-30 14:06:18,62,f214df8686dde5873f6737cdf93909d29f9b61e55a05fd900714072e85e7e2d9
2024-09-30 14:06:18,62,f214df8686dde5873f6737cdf93909d29f9b61e55a05fd900714072e85e7e2d9
2024-09-30 14:06:18,62,f214df8686dde5873f6737cdf93909d29f9b61e55a05fd900714072e85e7e2d9
2024-09-30 14:06:27,62,b259ad7b374273c26bec3567023bb3cef7a54a76409fb3688a4ef5ae3e07d4ba
2024-09-30 14:06:33,62,01fbae127e8db09da74812bde292eb77d2a68a7897a5571bb7c33ad12264102a
2024-09-30 14:06:33,62,01fbae127e8db09da74812bde292eb77d2a68a7897a5571bb7c33ad12264102a
2024-09-30 14:06:34,62,01fbae127e8db09da74812bde292eb77d2a68a7897a5571bb7c33ad12264102a
2024-09-30 14:06:34,62,01fbae127e8db09da74812bde292eb77d2a68a7897a5571bb7c33ad12264102a
2024-09-30 14:07:00,62,18248f005b7493422ea25abcce7179b6d01446ebce2f14824bfbdbbe7f402bb9
2024-09-30 14:07:00,62,18248f005b7493422ea25abcce7179b6d01446ebce2f14824bfbdbbe7f402bb9
2024-09-30 14:07:00,62,18248f005b7493422ea25abcce7179b6d01446ebce2f14824bfbdbbe7f402bb9
2024-09-30 14:07:01,62,18248f005b7493422ea25abcce7179b6d01446ebce2f14824bfbdbbe7f402bb9
2024-09-30 14:07:06,62,18248f005b7493422ea25abcce7179b6d01446ebce2f14824bfbdbbe7f402bb9
2024-09-30 14:07:18,62,01fbae127e8db09da74812bde292eb77d2a68a7897a5571bb7c33ad12264102a
2024-09-30 14:07:18,62,01fbae127e8db09da74812bde292eb77d2a68a7897a5571bb7c33ad12264102a
2024-09-30 14:07:32,62,b259ad7b374273c26bec3567023bb3cef7a54a76409fb3688a4ef5ae3e07d4ba
2024-09-30 14:07:32,62,b259ad7b374273c26bec3567023bb3cef7a54a76409fb3688a4ef5ae3e07d4ba
2024-09-30 14:07:38,62,18248f005b7493422ea25abcce7179b6d01446ebce2f14824bfbdbbe7f402bb9
2024-09-30 14:07:38,62,18248f005b7493422ea25abcce7179b6d01446ebce2f14824bfbdbbe7f402bb9
2024-09-30 14:07:39,62,01fbae127e8db09da74812bde292eb77d2a68a7897a5571bb7c33ad12264102a
2024-09-30 14:07:39,62,01fbae127e8db09da74812bde292eb77d2a68a7897a5571bb7c33ad12264102a
2024-09-30 14:07:46,62,01fbae127e8db09da74812bde292eb77d2a68a7897a5571bb7c33ad12264102a
2024-09-30 14:07:57,62,18248f005b7493422ea25abcce7179b6d01446ebce2f14824bfbdbbe7f402bb9
2024-09-30 14:08:00,62,18248f005b7493422ea25abcce7179b6d01446ebce2f14824bfbdbbe7f402bb9
2024-09-30 14:08:00,62,18248f005b7493422ea25abcce7179b6d01446ebce2f14824bfbdbbe7f402bb9
2024-09-30 14:08:00,62,18248f005b7493422ea25abcce7179b6d01446ebce2f14824bfbdbbe7f402bb9
2024-09-30 14:08:00,62,18248f005b7493422ea25abcce7179b6d01446ebce2f14824bfbdbbe7f402bb9
2024-09-30 14:08:25,62,18248f005b7493422ea25abcce7179b6d01446ebce2f14824bfbdbbe7f402bb9
2024-09-30 14:08:50,62,18248f005b7493422ea25abcce7179b6d01446ebce2f14824bfbdbbe7f402bb9
2024-09-30 14:08:52,62,18248f005b7493422ea25abcce7179b6d01446ebce2f14824bfbdbbe7f402bb9
2024-09-30 14:08:52,62,18248f005b7493422ea25abcce7179b6d01446ebce2f14824bfbdbbe7f402bb9
2024-09-30 14:08:58,62,f214df8686dde5873f6737cdf93909d29f9b61e55a05fd900714072e85e7e2d9
2024-09-30 14:09:00,62,ac6bdf2d5686dae420b8fa528fcc9b72514a3cbbdca201fadac306c2091d9b0c
2024-09-30 14:09:00,62,ac6bdf2d5686dae420b8fa528fcc9b72514a3cbbdca201fadac306c2091d9b0c
2024-09-30 14:09:00,62,ac6bdf2d5686dae420b8fa528fcc9b72514a3cbbdca201fadac306c2091d9b0c
2024-09-30 14:09:03,62,1afe1637b9f98883a0da64167b0f98da338c239c2ef656fc3ef95d01e9fa38ce
2024-09-30 14:09:03,62,f5332f306ce88c7c35ea76a3726d0e453733e1841f94896c7043e744314cccaf
2024-09-30 14:09:08,62,18248f005b7493422ea25abcce7179b6d01446ebce2f14824bfbdbbe7f402bb9
2024-09-30 14:09:17,62,18248f005b7493422ea25abcce7179b6d01446ebce2f14824bfbdbbe7f402bb9
2024-09-30 14:09:20,62,18248f005b7493422ea25abcce7179b6d01446ebce2f14824bfbdbbe7f402bb9
2024-09-30 14:09:40,62,18248f005b7493422ea25abcce7179b6d01446ebce2f14824bfbdbbe7f402bb9
2024-09-30 14:09:40,62,18248f005b7493422ea25abcce7179b6d01446ebce2f14824bfbdbbe7f402bb9
2024-09-30 14:09:44,62,f5332f306ce88c7c35ea76a3726d0e453733e1841f94896c7043e744314cccaf
2024-09-30 14:09:45,62,d6ac3dc7025d979bb0c4c3ce3595a77ef65a87579d3bb84a3e00ecdc315f7e12
2024-09-30 14:09:47,62,b259ad7b374273c26bec3567023bb3cef7a54a76409fb3688a4ef5ae3e07d4ba
2024-09-30 14:09:48,62,b259ad7b374273c26bec3567023bb3cef7a54a76409fb3688a4ef5ae3e07d4ba
2024-09-30 14:09:48,62,b259ad7b374273c26bec3567023bb3cef7a54a76409fb3688a4ef5ae3e07d4ba
2024-09-30 14:09:48,62,b259ad7b374273c26bec3567023bb3cef7a54a76409fb3688a4ef5ae3e07d4ba
2024-09-30 14:09:48,62,b259ad7b374273c26bec3567023bb3cef7a54a76409fb3688a4ef5ae3e07d4ba
2024-09-30 14:10:01,62,18248f005b7493422ea25abcce7179b6d01446ebce2f14824bfbdbbe7f402bb9
2024-09-30 14:10:08,62,18248f005b7493422ea25abcce7179b6d01446ebce2f14824bfbdbbe7f402bb9
2024-09-30 14:10:08,62,18248f005b7493422ea25abcce7179b6d01446ebce2f14824bfbdbbe7f402bb9
2024-09-30 14:10:08,62,a68467b42cffcbb7fbae081a623443ef4bd3760bab34f23ab270b79384072bc6
2024-09-30 14:10:16,62,b259ad7b374273c26bec3567023bb3cef7a54a76409fb3688a4ef5ae3e07d4ba
2024-09-30 14:10:17,62,b259ad7b374273c26bec3567023bb3cef7a54a76409fb3688a4ef5ae3e07d4ba
2024-09-30 14:10:17,62,b259ad7b374273c26bec3567023bb3cef7a54a76409fb3688a4ef5ae3e07d4ba
2024-09-30 14:10:17,62,b259ad7b374273c26bec3567023bb3cef7a54a76409fb3688a4ef5ae3e07d4ba
2024-09-30 14:10:17,62,b259ad7b374273c26bec3567023bb3cef7a54a76409fb3688a4ef5ae3e07d4ba
2024-09-30 14:10:17,62,b259ad7b374273c26bec3567023bb3cef7a54a76409fb3688a4ef5ae3e07d4ba
2024-09-30 14:10:17,62,18248f005b7493422ea25abcce7179b6d01446ebce2f14824bfbdbbe7f402bb9
2024-09-30 14:10:17,62,18248f005b7493422ea25abcce7179b6d01446ebce2f14824bfbdbbe7f402bb9
2024-09-30 14:10:29,62,f5332f306ce88c7c35ea76a3726d0e453733e1841f94896c7043e744314cccaf
2024-09-30 14:10:41,62,a68467b42cffcbb7fbae081a623443ef4bd3760bab34f23ab270b79384072bc6
2024-09-30 14:10:48,62,a68467b42cffcbb7fbae081a623443ef4bd3760bab34f23ab270b79384072bc6
2024-09-30 14:10:48,62,a68467b42cffcbb7fbae081a623443ef4bd3760bab34f23ab270b79384072bc6
2024-09-30 14:10:54,62,a68467b42cffcbb7fbae081a623443ef4bd3760bab34f23ab270b79384072bc6
2024-09-30 14:10:54,62,a68467b42cffcbb7fbae081a623443ef4bd3760bab34f23ab270b79384072bc6
2024-09-30 14:10:54,62,a68467b42cffcbb7fbae081a623443ef4bd3760bab34f23ab270b79384072bc6
2024-09-30 14:11:00,62,a68467b42cffcbb7fbae081a623443ef4bd3760bab34f23ab270b79384072bc6
2024-09-30 14:11:00,62,a68467b42cffcbb7fbae081a623443ef4bd3760bab34f23ab270b79384072bc6
2024-09-30 14:11:00,62,a68467b42cffcbb7fbae081a623443ef4bd3760bab34f23ab270b79384072bc6
2024-09-30 14:11:01,62,a68467b42cffcbb7fbae081a623443ef4bd3760bab34f23ab270b79384072bc6
2024-09-30 14:11:01,62,60c4422cad386a910f9b02af24a893b0234895471867c9df5b7e166e3abb6814
2024-09-30 14:11:06,62,a68467b42cffcbb7fbae081a623443ef4bd3760bab34f23ab270b79384072bc6
2024-09-30 14:11:06,62,a68467b42cffcbb7fbae081a623443ef4bd3760bab34f23ab270b79384072bc6
2024-09-30 14:11:07,62,a68467b42cffcbb7fbae081a623443ef4bd3760bab34f23ab270b79384072bc6
2024-09-30 14:11:07,62,a68467b42cffcbb7fbae081a623443ef4bd3760bab34f23ab270b79384072bc6
2024-09-30 14:11:07,62,18248f005b7493422ea25abcce7179b6d01446ebce2f14824bfbdbbe7f402bb9
2024-09-30 14:11:07,62,18248f005b7493422ea25abcce7179b6d01446ebce2f14824bfbdbbe7f402bb9
2024-09-30 14:11:07,62,18248f005b7493422ea25abcce7179b6d01446ebce2f14824bfbdbbe7f402bb9
2024-09-30 14:11:08,62,18248f005b7493422ea25abcce7179b6d01446ebce2f14824bfbdbbe7f402bb9
2024-09-30 14:11:08,62,18248f005b7493422ea25abcce7179b6d01446ebce2f14824bfbdbbe7f402bb9
2024-09-30 14:11:13,62,a68467b42cffcbb7fbae081a623443ef4bd3760bab34f23ab270b79384072bc6
2024-09-30 14:11:13,62,a68467b42cffcbb7fbae081a623443ef4bd3760bab34f23ab270b79384072bc6
2024-09-30 14:11:13,62,a68467b42cffcbb7fbae081a623443ef4bd3760bab34f23ab270b79384072bc6
2024-09-30 14:11:13,62,a68467b42cffcbb7fbae081a623443ef4bd3760bab34f23ab270b79384072bc6
2024-09-30 14:11:13,62,a68467b42cffcbb7fbae081a623443ef4bd3760bab34f23ab270b79384072bc6
2024-09-30 14:11:13,62,a68467b42cffcbb7fbae081a623443ef4bd3760bab34f23ab270b79384072bc6
2024-09-30 14:11:13,62,a68467b42cffcbb7fbae081a623443ef4bd3760bab34f23ab270b79384072bc6
2024-09-30 14:11:13,62,60c4422cad386a910f9b02af24a893b0234895471867c9df5b7e166e3abb6814
2024-09-30 14:11:13,62,60c4422cad386a910f9b02af24a893b0234895471867c9df5b7e166e3abb6814
2024-09-30 14:11:14,62,f5332f306ce88c7c35ea76a3726d0e453733e1841f94896c7043e744314cccaf
2024-09-30 14:11:16,62,18248f005b7493422ea25abcce7179b6d01446ebce2f14824bfbdbbe7f402bb9
2024-09-30 14:11:16,62,18248f005b7493422ea25abcce7179b6d01446ebce2f14824bfbdbbe7f402bb9
2024-09-30 14:11:19,62,a68467b42cffcbb7fbae081a623443ef4bd3760bab34f23ab270b79384072bc6
2024-09-30 14:11:19,62,a68467b42cffcbb7fbae081a623443ef4bd3760bab34f23ab270b79384072bc6
2024-09-30 14:11:19,62,a68467b42cffcbb7fbae081a623443ef4bd3760bab34f23ab270b79384072bc6
2024-09-30 14:11:19,62,18248f005b7493422ea25abcce7179b6d01446ebce2f14824bfbdbbe7f402bb9
2024-09-30 14:11:19,62,a68467b42cffcbb7fbae081a623443ef4bd3760bab34f23ab270b79384072bc6
2024-09-30 14:11:19,62,a68467b42cffcbb7fbae081a623443ef4bd3760bab34f23ab270b79384072bc6
2024-09-30 14:11:19,62,a68467b42cffcbb7fbae081a623443ef4bd3760bab34f23ab270b79384072bc6
2024-09-30 14:11:23,62,b259ad7b374273c26bec3567023bb3cef7a54a76409fb3688a4ef5ae3e07d4ba
2024-09-30 14:11:23,62,b259ad7b374273c26bec3567023bb3cef7a54a76409fb3688a4ef5ae3e07d4ba
2024-09-30 14:11:23,62,b259ad7b374273c26bec3567023bb3cef7a54a76409fb3688a4ef5ae3e07d4ba
2024-09-30 14:11:23,62,b259ad7b374273c26bec3567023bb3cef7a54a76409fb3688a4ef5ae3e07d4ba
2024-09-30 14:11:25,62,01fbae127e8db09da74812bde292eb77d2a68a7897a5571bb7c33ad12264102a
2024-09-30 14:11:25,62,01fbae127e8db09da74812bde292eb77d2a68a7897a5571bb7c33ad12264102a
2024-09-30 14:11:25,62,01fbae127e8db09da74812bde292eb77d2a68a7897a5571bb7c33ad12264102a
2024-09-30 14:11:25,62,01fbae127e8db09da74812bde292eb77d2a68a7897a5571bb7c33ad12264102a
2024-09-30 14:11:25,62,b259ad7b374273c26bec3567023bb3cef7a54a76409fb3688a4ef5ae3e07d4ba
2024-09-30 14:11:25,62,b259ad7b374273c26bec3567023bb3cef7a54a76409fb3688a4ef5ae3e07d4ba
2024-09-30 14:11:25,62,a68467b42cffcbb7fbae081a623443ef4bd3760bab34f23ab270b79384072bc6
2024-09-30 14:11:25,62,a68467b42cffcbb7fbae081a623443ef4bd3760bab34f23ab270b79384072bc6
2024-09-30 14:11:25,62,a68467b42cffcbb7fbae081a623443ef4bd3760bab34f23ab270b79384072bc6
2024-09-30 14:11:25,62,a68467b42cffcbb7fbae081a623443ef4bd3760bab34f23ab270b79384072bc6
2024-09-30 14:11:25,62,b259ad7b374273c26bec3567023bb3cef7a54a76409fb3688a4ef5ae3e07d4ba
2024-09-30 14:11:25,62,a68467b42cffcbb7fbae081a623443ef4bd3760bab34f23ab270b79384072bc6
2024-09-30 14:11:26,62,b259ad7b374273c26bec3567023bb3cef7a54a76409fb3688a4ef5ae3e07d4ba
2024-09-30 14:11:50,62,18248f005b7493422ea25abcce7179b6d01446ebce2f14824bfbdbbe7f402bb9
2024-09-30 14:11:51,62,18248f005b7493422ea25abcce7179b6d01446ebce2f14824bfbdbbe7f402bb9
2024-09-30 14:11:51,62,18248f005b7493422ea25abcce7179b6d01446ebce2f14824bfbdbbe7f402bb9
2024-09-30 14:11:52,62,60c4422cad386a910f9b02af24a893b0234895471867c9df5b7e166e3abb6814
2024-09-30 14:11:52,62,60c4422cad386a910f9b02af24a893b0234895471867c9df5b7e166e3abb6814
2024-09-30 14:11:52,62,60c4422cad386a910f9b02af24a893b0234895471867c9df5b7e166e3abb6814
2024-09-30 14:11:52,62,60c4422cad386a910f9b02af24a893b0234895471867c9df5b7e166e3abb6814
2024-09-30 14:11:55,62,18248f005b7493422ea25abcce7179b6d01446ebce2f14824bfbdbbe7f402bb9
2024-09-30 14:11:55,62,18248f005b7493422ea25abcce7179b6d01446ebce2f14824bfbdbbe7f402bb9
2024-09-30 14:11:56,62,92dec0a03d236b1673c65fd213be5f229f5bd4074d40b53ff471c1af5b5a99bb
2024-09-30 14:11:58,62,a68467b42cffcbb7fbae081a623443ef4bd3760bab34f23ab270b79384072bc6
2024-09-30 14:11:58,62,a68467b42cffcbb7fbae081a623443ef4bd3760bab34f23ab270b79384072bc6
2024-09-30 14:11:59,62,60c4422cad386a910f9b02af24a893b0234895471867c9df5b7e166e3abb6814
2024-09-30 14:11:59,62,60c4422cad386a910f9b02af24a893b0234895471867c9df5b7e166e3abb6814
2024-09-30 14:11:59,62,60c4422cad386a910f9b02af24a893b0234895471867c9df5b7e166e3abb6814
2024-09-30 14:11:59,62,60c4422cad386a910f9b02af24a893b0234895471867c9df5b7e166e3abb6814
2024-09-30 14:11:59,62,60c4422cad386a910f9b02af24a893b0234895471867c9df5b7e166e3abb6814
2024-09-30 14:12:00,62,ac6bdf2d5686dae420b8fa528fcc9b72514a3cbbdca201fadac306c2091d9b0c
2024-09-30 14:12:00,62,ac6bdf2d5686dae420b8fa528fcc9b72514a3cbbdca201fadac306c2091d9b0c
2024-09-30 14:12:00,62,ac6bdf2d5686dae420b8fa528fcc9b72514a3cbbdca201fadac306c2091d9b0c
2024-09-30 14:12:03,62,18248f005b7493422ea25abcce7179b6d01446ebce2f14824bfbdbbe7f402bb9
2024-09-30 14:12:03,62,18248f005b7493422ea25abcce7179b6d01446ebce2f14824bfbdbbe7f402bb9
2024-09-30 14:12:03,62,18248f005b7493422ea25abcce7179b6d01446ebce2f14824bfbdbbe7f402bb9
2024-09-30 14:12:05,62,60c4422cad386a910f9b02af24a893b0234895471867c9df5b7e166e3abb6814
2024-09-30 14:12:05,62,60c4422cad386a910f9b02af24a893b0234895471867c9df5b7e166e3abb6814
2024-09-30 14:12:05,62,60c4422cad386a910f9b02af24a893b0234895471867c9df5b7e166e3abb6814
2024-09-30 14:12:05,62,60c4422cad386a910f9b02af24a893b0234895471867c9df5b7e166e3abb6814
2024-09-30 14:12:05,62,01fbae127e8db09da74812bde292eb77d2a68a7897a5571bb7c33ad12264102a
2024-09-30 14:12:05,62,01fbae127e8db09da74812bde292eb77d2a68a7897a5571bb7c33ad12264102a
2024-09-30 14:12:11,62,a68467b42cffcbb7fbae081a623443ef4bd3760bab34f23ab270b79384072bc6
2024-09-30 14:12:18,62,a68467b42cffcbb7fbae081a623443ef4bd3760bab34f23ab270b79384072bc6
2024-09-30 14:12:24,62,a68467b42cffcbb7fbae081a623443ef4bd3760bab34f23ab270b79384072bc6
2024-09-30 14:12:30,62,a68467b42cffcbb7fbae081a623443ef4bd3760bab34f23ab270b79384072bc6
2024-09-30 14:12:37,62,a68467b42cffcbb7fbae081a623443ef4bd3760bab34f23ab270b79384072bc6
2024-09-30 14:12:37,62,18248f005b7493422ea25abcce7179b6d01446ebce2f14824bfbdbbe7f402bb9
2024-09-30 14:12:44,62,18248f005b7493422ea25abcce7179b6d01446ebce2f14824bfbdbbe7f402bb9
2024-09-30 14:12:44,62,18248f005b7493422ea25abcce7179b6d01446ebce2f14824bfbdbbe7f402bb9
2024-09-30 14:12:44,62,18248f005b7493422ea25abcce7179b6d01446ebce2f14824bfbdbbe7f402bb9
2024-09-30 14:12:52,62,18248f005b7493422ea25abcce7179b6d01446ebce2f14824bfbdbbe7f402bb9
2024-09-30 14:12:52,62,18248f005b7493422ea25abcce7179b6d01446ebce2f14824bfbdbbe7f402bb9
2024-09-30 14:12:58,62,18248f005b7493422ea25abcce7179b6d01446ebce2f14824bfbdbbe7f402bb9
2024-09-30 14:12:58,62,18248f005b7493422ea25abcce7179b6d01446ebce2f14824bfbdbbe7f402bb9
2024-09-30 14:12:58,62,18248f005b7493422ea25abcce7179b6d01446ebce2f14824bfbdbbe7f402bb9
2024-09-30 14:12:58,62,18248f005b7493422ea25abcce7179b6d01446ebce2f14824bfbdbbe7f402bb9
2024-09-30 14:13:07,62,01fbae127e8db09da74812bde292eb77d2a68a7897a5571bb7c33ad12264102a
2024-09-30 14:13:07,62,01fbae127e8db09da74812bde292eb77d2a68a7897a5571bb7c33ad12264102a
2024-09-30 14:13:14,62,18248f005b7493422ea25abcce7179b6d01446ebce2f14824bfbdbbe7f402bb9
2024-09-30 14:13:23,62,8cecb95c15c409670d06277844acbdee6f798d3d04edc260f5a3ac995a63615f
2024-09-30 14:13:23,62,8cecb95c15c409670d06277844acbdee6f798d3d04edc260f5a3ac995a63615f
2024-09-30 14:13:23,62,8cecb95c15c409670d06277844acbdee6f798d3d04edc260f5a3ac995a63615f
2024-09-30 14:13:23,62,8cecb95c15c409670d06277844acbdee6f798d3d04edc260f5a3ac995a63615f
2024-09-30 14:13:23,62,8cecb95c15c409670d06277844acbdee6f798d3d04edc260f5a3ac995a63615f
2024-09-30 14:13:23,62,8cecb95c15c409670d06277844acbdee6f798d3d04edc260f5a3ac995a63615f
2024-09-30 14:13:26,62,18248f005b7493422ea25abcce7179b6d01446ebce2f14824bfbdbbe7f402bb9
2024-09-30 14:13:26,62,18248f005b7493422ea25abcce7179b6d01446ebce2f14824bfbdbbe7f402bb9
2024-09-30 14:13:26,62,18248f005b7493422ea25abcce7179b6d01446ebce2f14824bfbdbbe7f402bb9
2024-09-30 14:13:26,62,18248f005b7493422ea25abcce7179b6d01446ebce2f14824bfbdbbe7f402bb9
2024-09-30 14:13:27,62,18248f005b7493422ea25abcce7179b6d01446ebce2f14824bfbdbbe7f402bb9
2024-09-30 14:13:28,62,b259ad7b374273c26bec3567023bb3cef7a54a76409fb3688a4ef5ae3e07d4ba
2024-09-30 14:13:28,62,b259ad7b374273c26bec3567023bb3cef7a54a76409fb3688a4ef5ae3e07d4ba
2024-09-30 14:13:29,62,f5332f306ce88c7c35ea76a3726d0e453733e1841f94896c7043e744314cccaf
2024-09-30 14:13:48,62,18248f005b7493422ea25abcce7179b6d01446ebce2f14824bfbdbbe7f402bb9
2024-09-30 14:13:48,62,18248f005b7493422ea25abcce7179b6d01446ebce2f14824bfbdbbe7f402bb9
2024-09-30 14:13:49,62,18248f005b7493422ea25abcce7179b6d01446ebce2f14824bfbdbbe7f402bb9
2024-09-30 14:13:49,62,18248f005b7493422ea25abcce7179b6d01446ebce2f14824bfbdbbe7f402bb9
2024-09-30 14:13:58,62,766888e132d22c9fe03011cecd2cfd06e53bcf30175e083dfde7cd3cdbe1d419
2024-09-30 14:13:58,62,766888e132d22c9fe03011cecd2cfd06e53bcf30175e083dfde7cd3cdbe1d419
2024-09-30 14:13:59,62,bf0c3fe69ff86978b57c4b20d468d8868ac3651af88596f00a060e3714df01eb
2024-09-30 14:14:03,62,18248f005b7493422ea25abcce7179b6d01446ebce2f14824bfbdbbe7f402bb9
2024-09-30 14:14:03,62,18248f005b7493422ea25abcce7179b6d01446ebce2f14824bfbdbbe7f402bb9
2024-09-30 14:14:18,62,f214df8686dde5873f6737cdf93909d29f9b61e55a05fd900714072e85e7e2d9
2024-09-30 14:14:35,62,18248f005b7493422ea25abcce7179b6d01446ebce2f14824bfbdbbe7f402bb9
2024-09-30 14:14:35,62,18248f005b7493422ea25abcce7179b6d01446ebce2f14824bfbdbbe7f402bb9
2024-09-30 14:14:36,62,18248f005b7493422ea25abcce7179b6d01446ebce2f14824bfbdbbe7f402bb9
2024-09-30 14:14:45,62,18248f005b7493422ea25abcce7179b6d01446ebce2f14824bfbdbbe7f402bb9
2024-09-30 14:14:58,62,01fbae127e8db09da74812bde292eb77d2a68a7897a5571bb7c33ad12264102a
2024-09-30 14:14:58,62,01fbae127e8db09da74812bde292eb77d2a68a7897a5571bb7c33ad12264102a
2024-09-30 14:14:58,62,01fbae127e8db09da74812bde292eb77d2a68a7897a5571bb7c33ad12264102a
2024-09-30 14:14:58,62,01fbae127e8db09da74812bde292eb77d2a68a7897a5571bb7c33ad12264102a
2024-09-30 14:14:58,62,01fbae127e8db09da74812bde292eb77d2a68a7897a5571bb7c33ad12264102a
2024-09-30 14:15:01,62,ac6bdf2d5686dae420b8fa528fcc9b72514a3cbbdca201fadac306c2091d9b0c
2024-09-30 14:15:02,62,01fbae127e8db09da74812bde292eb77d2a68a7897a5571bb7c33ad12264102a
2024-09-30 14:15:02,62,01fbae127e8db09da74812bde292eb77d2a68a7897a5571bb7c33ad12264102a
2024-09-30 14:15:02,62,01fbae127e8db09da74812bde292eb77d2a68a7897a5571bb7c33ad12264102a
2024-09-30 14:15:02,62,01fbae127e8db09da74812bde292eb77d2a68a7897a5571bb7c33ad12264102a
2024-09-30 14:15:05,62,01fbae127e8db09da74812bde292eb77d2a68a7897a5571bb7c33ad12264102a
2024-09-30 14:15:05,62,01fbae127e8db09da74812bde292eb77d2a68a7897a5571bb7c33ad12264102a
2024-09-30 14:15:05,62,01fbae127e8db09da74812bde292eb77d2a68a7897a5571bb7c33ad12264102a
2024-09-30 14:15:05,62,01fbae127e8db09da74812bde292eb77d2a68a7897a5571bb7c33ad12264102a
2024-09-30 14:15:05,62,01fbae127e8db09da74812bde292eb77d2a68a7897a5571bb7c33ad12264102a
2024-09-30 14:15:11,62,18248f005b7493422ea25abcce7179b6d01446ebce2f14824bfbdbbe7f402bb9
2024-09-30 14:15:11,62,18248f005b7493422ea25abcce7179b6d01446ebce2f14824bfbdbbe7f402bb9
2024-09-30 14:15:11,62,18248f005b7493422ea25abcce7179b6d01446ebce2f14824bfbdbbe7f402bb9
2024-09-30 14:15:11,62,18248f005b7493422ea25abcce7179b6d01446ebce2f14824bfbdbbe7f402bb9
2024-09-30 14:15:12,62,18248f005b7493422ea25abcce7179b6d01446ebce2f14824bfbdbbe7f402bb9
2024-09-30 14:15:21,62,18248f005b7493422ea25abcce7179b6d01446ebce2f14824bfbdbbe7f402bb9
2024-09-30 14:15:21,62,18248f005b7493422ea25abcce7179b6d01446ebce2f14824bfbdbbe7f402bb9
2024-09-30 14:15:25,62,18248f005b7493422ea25abcce7179b6d01446ebce2f14824bfbdbbe7f402bb9
2024-09-30 14:15:25,62,b259ad7b374273c26bec3567023bb3cef7a54a76409fb3688a4ef5ae3e07d4ba
2024-09-30 14:15:25,62,18248f005b7493422ea25abcce7179b6d01446ebce2f14824bfbdbbe7f402bb9
2024-09-30 14:15:25,62,b259ad7b374273c26bec3567023bb3cef7a54a76409fb3688a4ef5ae3e07d4ba
2024-09-30 14:15:25,62,b259ad7b374273c26bec3567023bb3cef7a54a76409fb3688a4ef5ae3e07d4ba
2024-09-30 14:15:25,62,b259ad7b374273c26bec3567023bb3cef7a54a76409fb3688a4ef5ae3e07d4ba
2024-09-30 14:15:25,62,18248f005b7493422ea25abcce7179b6d01446ebce2f14824bfbdbbe7f402bb9
2024-09-30 14:15:25,62,18248f005b7493422ea25abcce7179b6d01446ebce2f14824bfbdbbe7f402bb9
2024-09-30 14:15:25,62,18248f005b7493422ea25abcce7179b6d01446ebce2f14824bfbdbbe7f402bb9
2024-09-30 14:15:25,62,18248f005b7493422ea25abcce7179b6d01446ebce2f14824bfbdbbe7f402bb9
2024-09-30 14:15:25,62,18248f005b7493422ea25abcce7179b6d01446ebce2f14824bfbdbbe7f402bb9
2024-09-30 14:15:25,62,b259ad7b374273c26bec3567023bb3cef7a54a76409fb3688a4ef5ae3e07d4ba
2024-09-30 14:15:25,62,b259ad7b374273c26bec3567023bb3cef7a54a76409fb3688a4ef5ae3e07d4ba
2024-09-30 14:15:25,62,b259ad7b374273c26bec3567023bb3cef7a54a76409fb3688a4ef5ae3e07d4ba
2024-09-30 14:15:25,62,b259ad7b374273c26bec3567023bb3cef7a54a76409fb3688a4ef5ae3e07d4ba
2024-09-30 14:15:28,62,01fbae127e8db09da74812bde292eb77d2a68a7897a5571bb7c33ad12264102a
2024-09-30 14:15:28,62,01fbae127e8db09da74812bde292eb77d2a68a7897a5571bb7c33ad12264102a
2024-09-30 14:15:29,62,18248f005b7493422ea25abcce7179b6d01446ebce2f14824bfbdbbe7f402bb9
2024-09-30 14:15:29,62,18248f005b7493422ea25abcce7179b6d01446ebce2f14824bfbdbbe7f402bb9
2024-09-30 14:15:48,62,18248f005b7493422ea25abcce7179b6d01446ebce2f14824bfbdbbe7f402bb9
2024-09-30 14:15:48,62,18248f005b7493422ea25abcce7179b6d01446ebce2f14824bfbdbbe7f402bb9
2024-09-30 14:15:50,62,18248f005b7493422ea25abcce7179b6d01446ebce2f14824bfbdbbe7f402bb9
2024-09-30 14:15:54,62,18248f005b7493422ea25abcce7179b6d01446ebce2f14824bfbdbbe7f402bb9
2024-09-30 14:15:54,62,18248f005b7493422ea25abcce7179b6d01446ebce2f14824bfbdbbe7f402bb9
2024-09-30 14:15:56,62,18248f005b7493422ea25abcce7179b6d01446ebce2f14824bfbdbbe7f402bb9
2024-09-30 14:16:04,62,e7f1d228b933e6a524fad4ef4080a69bf7d532569565ce3ae716788f5c33b5fd
2024-09-30 14:16:23,62,18248f005b7493422ea25abcce7179b6d01446ebce2f14824bfbdbbe7f402bb9
2024-09-30 14:16:31,62,b259ad7b374273c26bec3567023bb3cef7a54a76409fb3688a4ef5ae3e07d4ba
2024-09-30 14:16:31,62,b259ad7b374273c26bec3567023bb3cef7a54a76409fb3688a4ef5ae3e07d4ba
2024-09-30 14:16:31,62,b259ad7b374273c26bec3567023bb3cef7a54a76409fb3688a4ef5ae3e07d4ba
2024-09-30 14:16:31,62,b259ad7b374273c26bec3567023bb3cef7a54a76409fb3688a4ef5ae3e07d4ba
2024-09-30 14:16:37,62,18248f005b7493422ea25abcce7179b6d01446ebce2f14824bfbdbbe7f402bb9
2024-09-30 14:16:37,62,18248f005b7493422ea25abcce7179b6d01446ebce2f14824bfbdbbe7f402bb9
2024-09-30 14:16:37,62,766888e132d22c9fe03011cecd2cfd06e53bcf30175e083dfde7cd3cdbe1d419
2024-09-30 14:16:37,62,766888e132d22c9fe03011cecd2cfd06e53bcf30175e083dfde7cd3cdbe1d419
2024-09-30 14:16:38,62,766888e132d22c9fe03011cecd2cfd06e53bcf30175e083dfde7cd3cdbe1d419
2024-09-30 14:16:38,62,766888e132d22c9fe03011cecd2cfd06e53bcf30175e083dfde7cd3cdbe1d419
2024-09-30 14:16:38,62,766888e132d22c9fe03011cecd2cfd06e53bcf30175e083dfde7cd3cdbe1d419
2024-09-30 14:16:38,62,766888e132d22c9fe03011cecd2cfd06e53bcf30175e083dfde7cd3cdbe1d419
2024-09-30 14:16:38,62,766888e132d22c9fe03011cecd2cfd06e53bcf30175e083dfde7cd3cdbe1d419
2024-09-30 14:16:38,62,766888e132d22c9fe03011cecd2cfd06e53bcf30175e083dfde7cd3cdbe1d419
2024-09-30 14:16:39,62,b259ad7b374273c26bec3567023bb3cef7a54a76409fb3688a4ef5ae3e07d4ba
2024-09-30 14:16:39,62,b259ad7b374273c26bec3567023bb3cef7a54a76409fb3688a4ef5ae3e07d4ba
2024-09-30 14:16:42,62,b259ad7b374273c26bec3567023bb3cef7a54a76409fb3688a4ef5ae3e07d4ba
2024-09-30 14:16:43,62,18248f005b7493422ea25abcce7179b6d01446ebce2f14824bfbdbbe7f402bb9
2024-09-30 14:16:58,62,f214df8686dde5873f6737cdf93909d29f9b61e55a05fd900714072e85e7e2d9
2024-09-30 14:17:00,62,18248f005b7493422ea25abcce7179b6d01446ebce2f14824bfbdbbe7f402bb9
2024-09-30 14:17:02,62,18248f005b7493422ea25abcce7179b6d01446ebce2f14824bfbdbbe7f402bb9
2024-09-30 14:17:02,62,18248f005b7493422ea25abcce7179b6d01446ebce2f14824bfbdbbe7f402bb9
2024-09-30 14:17:09,62,18248f005b7493422ea25abcce7179b6d01446ebce2f14824bfbdbbe7f402bb9
2024-09-30 14:17:12,62,01fbae127e8db09da74812bde292eb77d2a68a7897a5571bb7c33ad12264102a
2024-09-30 14:17:12,62,01fbae127e8db09da74812bde292eb77d2a68a7897a5571bb7c33ad12264102a
2024-09-30 14:17:12,62,01fbae127e8db09da74812bde292eb77d2a68a7897a5571bb7c33ad12264102a
2024-09-30 14:17:13,62,18248f005b7493422ea25abcce7179b6d01446ebce2f14824bfbdbbe7f402bb9
2024-09-30 14:17:13,62,18248f005b7493422ea25abcce7179b6d01446ebce2f14824bfbdbbe7f402bb9
2024-09-30 14:17:13,62,18248f005b7493422ea25abcce7179b6d01446ebce2f14824bfbdbbe7f402bb9
2024-09-30 14:17:15,62,01fbae127e8db09da74812bde292eb77d2a68a7897a5571bb7c33ad12264102a
2024-09-30 14:17:15,62,01fbae127e8db09da74812bde292eb77d2a68a7897a5571bb7c33ad12264102a
2024-09-30 14:17:15,62,01fbae127e8db09da74812bde292eb77d2a68a7897a5571bb7c33ad12264102a
2024-09-30 14:17:17,62,18248f005b7493422ea25abcce7179b6d01446ebce2f14824bfbdbbe7f402bb9
2024-09-30 14:17:17,62,18248f005b7493422ea25abcce7179b6d01446ebce2f14824bfbdbbe7f402bb9
2024-09-30 14:17:17,62,b259ad7b374273c26bec3567023bb3cef7a54a76409fb3688a4ef5ae3e07d4ba
2024-09-30 14:17:21,62,584fadc5481423104c26d11f7df9e9a427b3f316657647a1d8514982e6f86329
2024-09-30 14:17:21,62,584fadc5481423104c26d11f7df9e9a427b3f316657647a1d8514982e6f86329
2024-09-30 14:17:21,62,584fadc5481423104c26d11f7df9e9a427b3f316657647a1d8514982e6f86329
2024-09-30 14:17:21,62,584fadc5481423104c26d11f7df9e9a427b3f316657647a1d8514982e6f86329
2024-09-30 14:17:21,62,584fadc5481423104c26d11f7df9e9a427b3f316657647a1d8514982e6f86329
2024-09-30 14:17:21,62,584fadc5481423104c26d11f7df9e9a427b3f316657647a1d8514982e6f86329
2024-09-30 14:17:21,62,584fadc5481423104c26d11f7df9e9a427b3f316657647a1d8514982e6f86329
2024-09-30 14:17:21,62,584fadc5481423104c26d11f7df9e9a427b3f316657647a1d8514982e6f86329
2024-09-30 14:17:21,62,584fadc5481423104c26d11f7df9e9a427b3f316657647a1d8514982e6f86329
2024-09-30 14:17:21,62,584fadc5481423104c26d11f7df9e9a427b3f316657647a1d8514982e6f86329
2024-09-30 14:17:21,62,584fadc5481423104c26d11f7df9e9a427b3f316657647a1d8514982e6f86329
2024-09-30 14:17:21,62,584fadc5481423104c26d11f7df9e9a427b3f316657647a1d8514982e6f86329
2024-09-30 14:17:33,62,18248f005b7493422ea25abcce7179b6d01446ebce2f14824bfbdbbe7f402bb9
2024-09-30 14:17:49,62,18248f005b7493422ea25abcce7179b6d01446ebce2f14824bfbdbbe7f402bb9
2024-09-30 14:17:49,62,18248f005b7493422ea25abcce7179b6d01446ebce2f14824bfbdbbe7f402bb9
2024-09-30 14:17:49,62,18248f005b7493422ea25abcce7179b6d01446ebce2f14824bfbdbbe7f402bb9
2024-09-30 14:18:00,62,ac6bdf2d5686dae420b8fa528fcc9b72514a3cbbdca201fadac306c2091d9b0c
2024-09-30 14:18:01,62,18248f005b7493422ea25abcce7179b6d01446ebce2f14824bfbdbbe7f402bb9
2024-09-30 14:18:01,62,18248f005b7493422ea25abcce7179b6d01446ebce2f14824bfbdbbe7f402bb9
2024-09-30 14:18:02,62,18248f005b7493422ea25abcce7179b6d01446ebce2f14824bfbdbbe7f402bb9
2024-09-30 14:18:06,62,18248f005b7493422ea25abcce7179b6d01446ebce2f14824bfbdbbe7f402bb9
2024-09-30 14:18:10,62,18248f005b7493422ea25abcce7179b6d01446ebce2f14824bfbdbbe7f402bb9
2024-09-30 14:18:10,62,18248f005b7493422ea25abcce7179b6d01446ebce2f14824bfbdbbe7f402bb9
2024-09-30 14:18:10,62,18248f005b7493422ea25abcce7179b6d01446ebce2f14824bfbdbbe7f402bb9
2024-09-30 14:18:22,62,18248f005b7493422ea25abcce7179b6d01446ebce2f14824bfbdbbe7f402bb9
2024-09-30 14:18:22,62,18248f005b7493422ea25abcce7179b6d01446ebce2f14824bfbdbbe7f402bb9
2024-09-30 14:18:37,62,b259ad7b374273c26bec3567023bb3cef7a54a76409fb3688a4ef5ae3e07d4ba
2024-09-30 14:18:37,62,b259ad7b374273c26bec3567023bb3cef7a54a76409fb3688a4ef5ae3e07d4ba
2024-09-30 14:18:57,62,01fbae127e8db09da74812bde292eb77d2a68a7897a5571bb7c33ad12264102a
2024-09-30 14:18:57,62,01fbae127e8db09da74812bde292eb77d2a68a7897a5571bb7c33ad12264102a
2024-09-30 14:18:57,62,01fbae127e8db09da74812bde292eb77d2a68a7897a5571bb7c33ad12264102a
2024-09-30 14:18:58,62,01fbae127e8db09da74812bde292eb77d2a68a7897a5571bb7c33ad12264102a
2024-09-30 14:18:58,62,01fbae127e8db09da74812bde292eb77d2a68a7897a5571bb7c33ad12264102a
2024-09-30 14:18:58,62,01fbae127e8db09da74812bde292eb77d2a68a7897a5571bb7c33ad12264102a
2024-09-30 14:19:03,62,584fadc5481423104c26d11f7df9e9a427b3f316657647a1d8514982e6f86329
2024-09-30 14:19:03,62,584fadc5481423104c26d11f7df9e9a427b3f316657647a1d8514982e6f86329
2024-09-30 14:19:03,62,584fadc5481423104c26d11f7df9e9a427b3f316657647a1d8514982e6f86329
2024-09-30 14:19:03,62,584fadc5481423104c26d11f7df9e9a427b3f316657647a1d8514982e6f86329
2024-09-30 14:19:03,62,584fadc5481423104c26d11f7df9e9a427b3f316657647a1d8514982e6f86329
2024-09-30 14:19:03,62,584fadc5481423104c26d11f7df9e9a427b3f316657647a1d8514982e6f86329
2024-09-30 14:19:03,62,584fadc5481423104c26d11f7df9e9a427b3f316657647a1d8514982e6f86329
2024-09-30 14:19:03,62,584fadc5481423104c26d11f7df9e9a427b3f316657647a1d8514982e6f86329
2024-09-30 14:19:03,62,584fadc5481423104c26d11f7df9e9a427b3f316657647a1d8514982e6f86329
2024-09-30 14:19:03,62,584fadc5481423104c26d11f7df9e9a427b3f316657647a1d8514982e6f86329
2024-09-30 14:19:03,62,584fadc5481423104c26d11f7df9e9a427b3f316657647a1d8514982e6f86329
2024-09-30 14:19:03,62,584fadc5481423104c26d11f7df9e9a427b3f316657647a1d8514982e6f86329
2024-09-30 14:19:03,62,584fadc5481423104c26d11f7df9e9a427b3f316657647a1d8514982e6f86329
2024-09-30 14:19:03,62,584fadc5481423104c26d11f7df9e9a427b3f316657647a1d8514982e6f86329
2024-09-30 14:19:03,62,584fadc5481423104c26d11f7df9e9a427b3f316657647a1d8514982e6f86329
2024-09-30 14:19:03,62,584fadc5481423104c26d11f7df9e9a427b3f316657647a1d8514982e6f86329
2024-09-30 14:19:03,62,584fadc5481423104c26d11f7df9e9a427b3f316657647a1d8514982e6f86329
2024-09-30 14:19:15,62,b259ad7b374273c26bec3567023bb3cef7a54a76409fb3688a4ef5ae3e07d4ba
2024-09-30 14:19:17,62,766888e132d22c9fe03011cecd2cfd06e53bcf30175e083dfde7cd3cdbe1d419
2024-09-30 14:19:17,62,766888e132d22c9fe03011cecd2cfd06e53bcf30175e083dfde7cd3cdbe1d419
2024-09-30 14:19:17,62,766888e132d22c9fe03011cecd2cfd06e53bcf30175e083dfde7cd3cdbe1d419
2024-09-30 14:19:17,62,766888e132d22c9fe03011cecd2cfd06e53bcf30175e083dfde7cd3cdbe1d419
2024-09-30 14:19:17,62,766888e132d22c9fe03011cecd2cfd06e53bcf30175e083dfde7cd3cdbe1d419
2024-09-30 14:19:17,62,766888e132d22c9fe03011cecd2cfd06e53bcf30175e083dfde7cd3cdbe1d419
2024-09-30 14:19:17,62,766888e132d22c9fe03011cecd2cfd06e53bcf30175e083dfde7cd3cdbe1d419
2024-09-30 14:19:26,62,18248f005b7493422ea25abcce7179b6d01446ebce2f14824bfbdbbe7f402bb9
2024-09-30 14:19:26,62,18248f005b7493422ea25abcce7179b6d01446ebce2f14824bfbdbbe7f402bb9
2024-09-30 14:19:31,62,bf0c3fe69ff86978b57c4b20d468d8868ac3651af88596f00a060e3714df01eb
2024-09-30 14:19:37,62,18248f005b7493422ea25abcce7179b6d01446ebce2f14824bfbdbbe7f402bb9
2024-09-30 14:19:37,62,18248f005b7493422ea25abcce7179b6d01446ebce2f14824bfbdbbe7f402bb9
2024-09-30 14:19:38,62,18248f005b7493422ea25abcce7179b6d01446ebce2f14824bfbdbbe7f402bb9
2024-09-30 14:19:38,62,18248f005b7493422ea25abcce7179b6d01446ebce2f14824bfbdbbe7f402bb9
2024-09-30 14:19:38,62,18248f005b7493422ea25abcce7179b6d01446ebce2f14824bfbdbbe7f402bb9
2024-09-30 14:19:38,62,f214df8686dde5873f6737cdf93909d29f9b61e55a05fd900714072e85e7e2d9
2024-09-30 14:19:38,62,f214df8686dde5873f6737cdf93909d29f9b61e55a05fd900714072e85e7e2d9
2024-09-30 14:19:38,62,f214df8686dde5873f6737cdf93909d29f9b61e55a05fd900714072e85e7e2d9
2024-09-30 14:19:51,62,18248f005b7493422ea25abcce7179b6d01446ebce2f14824bfbdbbe7f402bb9
2024-09-30 14:19:53,62,18248f005b7493422ea25abcce7179b6d01446ebce2f14824bfbdbbe7f402bb9
2024-09-30 14:19:57,62,01fbae127e8db09da74812bde292eb77d2a68a7897a5571bb7c33ad12264102a
2024-09-30 14:19:57,62,01fbae127e8db09da74812bde292eb77d2a68a7897a5571bb7c33ad12264102a
2024-09-30 14:20:01,62,b259ad7b374273c26bec3567023bb3cef7a54a76409fb3688a4ef5ae3e07d4ba
2024-09-30 14:20:01,62,b259ad7b374273c26bec3567023bb3cef7a54a76409fb3688a4ef5ae3e07d4ba
2024-09-30 14:20:01,62,b259ad7b374273c26bec3567023bb3cef7a54a76409fb3688a4ef5ae3e07d4ba
2024-09-30 14:20:05,62,b259ad7b374273c26bec3567023bb3cef7a54a76409fb3688a4ef5ae3e07d4ba
2024-09-30 14:20:07,62,18248f005b7493422ea25abcce7179b6d01446ebce2f14824bfbdbbe7f402bb9
2024-09-30 14:20:22,62,18248f005b7493422ea25abcce7179b6d01446ebce2f14824bfbdbbe7f402bb9
2024-09-30 14:20:25,62,18248f005b7493422ea25abcce7179b6d01446ebce2f14824bfbdbbe7f402bb9
2024-09-30 14:20:29,62,18248f005b7493422ea25abcce7179b6d01446ebce2f14824bfbdbbe7f402bb9
2024-09-30 14:20:29,62,18248f005b7493422ea25abcce7179b6d01446ebce2f14824bfbdbbe7f402bb9
2024-09-30 14:20:40,62,18248f005b7493422ea25abcce7179b6d01446ebce2f14824bfbdbbe7f402bb9
2024-09-30 14:20:40,62,18248f005b7493422ea25abcce7179b6d01446ebce2f14824bfbdbbe7f402bb9
2024-09-30 14:20:41,62,18248f005b7493422ea25abcce7179b6d01446ebce2f14824bfbdbbe7f402bb9
2024-09-30 14:20:41,62,18248f005b7493422ea25abcce7179b6d01446ebce2f14824bfbdbbe7f402bb9
2024-09-30 14:20:41,62,18248f005b7493422ea25abcce7179b6d01446ebce2f14824bfbdbbe7f402bb9
2024-09-30 14:20:55,62,01fbae127e8db09da74812bde292eb77d2a68a7897a5571bb7c33ad12264102a
2024-09-30 14:20:55,62,01fbae127e8db09da74812bde292eb77d2a68a7897a5571bb7c33ad12264102a
2024-09-30 14:21:00,62,ac6bdf2d5686dae420b8fa528fcc9b72514a3cbbdca201fadac306c2091d9b0c
2024-09-30 14:21:00,62,ac6bdf2d5686dae420b8fa528fcc9b72514a3cbbdca201fadac306c2091d9b0c
2024-09-30 14:21:03,62,18248f005b7493422ea25abcce7179b6d01446ebce2f14824bfbdbbe7f402bb9
2024-09-30 14:21:03,62,18248f005b7493422ea25abcce7179b6d01446ebce2f14824bfbdbbe7f402bb9
2024-09-30 14:21:04,62,01fbae127e8db09da74812bde292eb77d2a68a7897a5571bb7c33ad12264102a
2024-09-30 14:21:04,62,01fbae127e8db09da74812bde292eb77d2a68a7897a5571bb7c33ad12264102a
2024-09-30 14:21:07,62,18248f005b7493422ea25abcce7179b6d01446ebce2f14824bfbdbbe7f402bb9
2024-09-30 14:21:07,62,18248f005b7493422ea25abcce7179b6d01446ebce2f14824bfbdbbe7f402bb9
2024-09-30 14:21:10,62,18248f005b7493422ea25abcce7179b6d01446ebce2f14824bfbdbbe7f402bb9
2024-09-30 14:21:10,62,18248f005b7493422ea25abcce7179b6d01446ebce2f14824bfbdbbe7f402bb9
2024-09-30 14:21:24,62,18248f005b7493422ea25abcce7179b6d01446ebce2f14824bfbdbbe7f402bb9
2024-09-30 14:21:29,62,b259ad7b374273c26bec3567023bb3cef7a54a76409fb3688a4ef5ae3e07d4ba
2024-09-30 14:21:29,62,b259ad7b374273c26bec3567023bb3cef7a54a76409fb3688a4ef5ae3e07d4ba
2024-09-30 14:21:29,62,b259ad7b374273c26bec3567023bb3cef7a54a76409fb3688a4ef5ae3e07d4ba
2024-09-30 14:21:29,62,b259ad7b374273c26bec3567023bb3cef7a54a76409fb3688a4ef5ae3e07d4ba
2024-09-30 14:21:29,62,b259ad7b374273c26bec3567023bb3cef7a54a76409fb3688a4ef5ae3e07d4ba
2024-09-30 14:21:29,62,18248f005b7493422ea25abcce7179b6d01446ebce2f14824bfbdbbe7f402bb9
2024-09-30 14:21:42,62,3901688d33322be8e6e95730a2d46b3b729d303d6507bd4ac75095ad5a7df8e8
2024-09-30 14:21:42,62,3901688d33322be8e6e95730a2d46b3b729d303d6507bd4ac75095ad5a7df8e8
2024-09-30 14:21:53,62,b259ad7b374273c26bec3567023bb3cef7a54a76409fb3688a4ef5ae3e07d4ba
2024-09-30 14:21:54,62,b259ad7b374273c26bec3567023bb3cef7a54a76409fb3688a4ef5ae3e07d4ba
2024-09-30 14:21:57,62,18248f005b7493422ea25abcce7179b6d01446ebce2f14824bfbdbbe7f402bb9
2024-09-30 14:21:57,62,766888e132d22c9fe03011cecd2cfd06e53bcf30175e083dfde7cd3cdbe1d419
2024-09-30 14:21:57,62,766888e132d22c9fe03011cecd2cfd06e53bcf30175e083dfde7cd3cdbe1d419
2024-09-30 14:21:57,62,766888e132d22c9fe03011cecd2cfd06e53bcf30175e083dfde7cd3cdbe1d419
2024-09-30 14:21:57,62,766888e132d22c9fe03011cecd2cfd06e53bcf30175e083dfde7cd3cdbe1d419
2024-09-30 14:21:57,62,766888e132d22c9fe03011cecd2cfd06e53bcf30175e083dfde7cd3cdbe1d419
2024-09-30 14:21:57,62,766888e132d22c9fe03011cecd2cfd06e53bcf30175e083dfde7cd3cdbe1d419
2024-09-30 14:21:57,62,766888e132d22c9fe03011cecd2cfd06e53bcf30175e083dfde7cd3cdbe1d419
2024-09-30 14:21:57,62,0da0408cf172cf652980c296e04f6da88b4cd082b95640e05b763cd9c6b21fa6
2024-09-30 14:21:58,62,0da0408cf172cf652980c296e04f6da88b4cd082b95640e05b763cd9c6b21fa6
2024-09-30 14:21:58,62,0da0408cf172cf652980c296e04f6da88b4cd082b95640e05b763cd9c6b21fa6
2024-09-30 14:21:58,62,0da0408cf172cf652980c296e04f6da88b4cd082b95640e05b763cd9c6b21fa6
2024-09-30 14:21:58,62,0da0408cf172cf652980c296e04f6da88b4cd082b95640e05b763cd9c6b21fa6
2024-09-30 14:21:58,62,0da0408cf172cf652980c296e04f6da88b4cd082b95640e05b763cd9c6b21fa6
2024-09-30 14:21:58,62,0da0408cf172cf652980c296e04f6da88b4cd082b95640e05b763cd9c6b21fa6
2024-09-30 14:21:58,62,0da0408cf172cf652980c296e04f6da88b4cd082b95640e05b763cd9c6b21fa6
2024-09-30 14:21:58,62,0da0408cf172cf652980c296e04f6da88b4cd082b95640e05b763cd9c6b21fa6
2024-09-30 14:21:58,62,0da0408cf172cf652980c296e04f6da88b4cd082b95640e05b763cd9c6b21fa6
2024-09-30 14:21:58,62,0da0408cf172cf652980c296e04f6da88b4cd082b95640e05b763cd9c6b21fa6
2024-09-30 14:21:59,62,18248f005b7493422ea25abcce7179b6d01446ebce2f14824bfbdbbe7f402bb9
2024-09-30 14:21:59,62,18248f005b7493422ea25abcce7179b6d01446ebce2f14824bfbdbbe7f402bb9
2024-09-30 14:22:11,62,8cecb95c15c409670d06277844acbdee6f798d3d04edc260f5a3ac995a63615f
2024-09-30 14:22:11,62,8cecb95c15c409670d06277844acbdee6f798d3d04edc260f5a3ac995a63615f
2024-09-30 14:22:11,62,8cecb95c15c409670d06277844acbdee6f798d3d04edc260f5a3ac995a63615f
2024-09-30 14:22:11,62,8cecb95c15c409670d06277844acbdee6f798d3d04edc260f5a3ac995a63615f
2024-09-30 14:22:11,62,8cecb95c15c409670d06277844acbdee6f798d3d04edc260f5a3ac995a63615f
2024-09-30 14:22:11,62,8cecb95c15c409670d06277844acbdee6f798d3d04edc260f5a3ac995a63615f
2024-09-30 14:22:11,62,8cecb95c15c409670d06277844acbdee6f798d3d04edc260f5a3ac995a63615f
2024-09-30 14:22:11,62,8cecb95c15c409670d06277844acbdee6f798d3d04edc260f5a3ac995a63615f
2024-09-30 14:22:24,62,01fbae127e8db09da74812bde292eb77d2a68a7897a5571bb7c33ad12264102a
2024-09-30 14:22:24,62,01fbae127e8db09da74812bde292eb77d2a68a7897a5571bb7c33ad12264102a
2024-09-30 14:22:24,62,01fbae127e8db09da74812bde292eb77d2a68a7897a5571bb7c33ad12264102a
2024-09-30 14:22:25,62,01fbae127e8db09da74812bde292eb77d2a68a7897a5571bb7c33ad12264102a
2024-09-30 14:22:25,62,01fbae127e8db09da74812bde292eb77d2a68a7897a5571bb7c33ad12264102a
2024-09-30 14:22:25,62,01fbae127e8db09da74812bde292eb77d2a68a7897a5571bb7c33ad12264102a
2024-09-30 14:22:25,62,01fbae127e8db09da74812bde292eb77d2a68a7897a5571bb7c33ad12264102a
2024-09-30 14:22:42,62,18248f005b7493422ea25abcce7179b6d01446ebce2f14824bfbdbbe7f402bb9
2024-09-30 14:22:43,62,18248f005b7493422ea25abcce7179b6d01446ebce2f14824bfbdbbe7f402bb9
2024-09-30 14:22:43,62,18248f005b7493422ea25abcce7179b6d01446ebce2f14824bfbdbbe7f402bb9
2024-09-30 14:23:10,62,584fadc5481423104c26d11f7df9e9a427b3f316657647a1d8514982e6f86329
2024-09-30 14:23:10,62,584fadc5481423104c26d11f7df9e9a427b3f316657647a1d8514982e6f86329
2024-09-30 14:23:10,62,584fadc5481423104c26d11f7df9e9a427b3f316657647a1d8514982e6f86329
2024-09-30 14:23:10,62,584fadc5481423104c26d11f7df9e9a427b3f316657647a1d8514982e6f86329
2024-09-30 14:23:10,62,584fadc5481423104c26d11f7df9e9a427b3f316657647a1d8514982e6f86329
2024-09-30 14:23:10,62,584fadc5481423104c26d11f7df9e9a427b3f316657647a1d8514982e6f86329
2024-09-30 14:23:10,62,584fadc5481423104c26d11f7df9e9a427b3f316657647a1d8514982e6f86329
2024-09-30 14:23:10,62,584fadc5481423104c26d11f7df9e9a427b3f316657647a1d8514982e6f86329
2024-09-30 14:23:10,62,584fadc5481423104c26d11f7df9e9a427b3f316657647a1d8514982e6f86329
2024-09-30 14:23:10,62,584fadc5481423104c26d11f7df9e9a427b3f316657647a1d8514982e6f86329
2024-09-30 14:23:10,62,584fadc5481423104c26d11f7df9e9a427b3f316657647a1d8514982e6f86329
2024-09-30 14:23:10,62,584fadc5481423104c26d11f7df9e9a427b3f316657647a1d8514982e6f86329
2024-09-30 14:23:10,62,584fadc5481423104c26d11f7df9e9a427b3f316657647a1d8514982e6f86329
2024-09-30 14:23:14,62,01fbae127e8db09da74812bde292eb77d2a68a7897a5571bb7c33ad12264102a
2024-09-30 14:23:14,62,01fbae127e8db09da74812bde292eb77d2a68a7897a5571bb7c33ad12264102a
2024-09-30 14:23:14,62,01fbae127e8db09da74812bde292eb77d2a68a7897a5571bb7c33ad12264102a
2024-09-30 14:23:14,62,01fbae127e8db09da74812bde292eb77d2a68a7897a5571bb7c33ad12264102a
2024-09-30 14:23:14,62,01fbae127e8db09da74812bde292eb77d2a68a7897a5571bb7c33ad12264102a
2024-09-30 14:23:16,62,18248f005b7493422ea25abcce7179b6d01446ebce2f14824bfbdbbe7f402bb9
2024-09-30 14:23:16,62,18248f005b7493422ea25abcce7179b6d01446ebce2f14824bfbdbbe7f402bb9
2024-09-30 14:23:17,62,18248f005b7493422ea25abcce7179b6d01446ebce2f14824bfbdbbe7f402bb9
2024-09-30 14:23:17,62,18248f005b7493422ea25abcce7179b6d01446ebce2f14824bfbdbbe7f402bb9
2024-09-30 14:23:17,62,18248f005b7493422ea25abcce7179b6d01446ebce2f14824bfbdbbe7f402bb9
2024-09-30 14:23:17,62,18248f005b7493422ea25abcce7179b6d01446ebce2f14824bfbdbbe7f402bb9
2024-09-30 14:23:20,62,c81372ca9529ddeb87790ff76f6745ec6870bc09bcdd705d8da7bfde78aed086
2024-09-30 14:23:20,62,c81372ca9529ddeb87790ff76f6745ec6870bc09bcdd705d8da7bfde78aed086
2024-09-30 14:23:20,62,c81372ca9529ddeb87790ff76f6745ec6870bc09bcdd705d8da7bfde78aed086
2024-09-30 14:23:20,62,c81372ca9529ddeb87790ff76f6745ec6870bc09bcdd705d8da7bfde78aed086
2024-09-30 14:23:20,62,c81372ca9529ddeb87790ff76f6745ec6870bc09bcdd705d8da7bfde78aed086
2024-09-30 14:23:20,62,c81372ca9529ddeb87790ff76f6745ec6870bc09bcdd705d8da7bfde78aed086
2024-09-30 14:23:20,62,c81372ca9529ddeb87790ff76f6745ec6870bc09bcdd705d8da7bfde78aed086
2024-09-30 14:23:20,62,c81372ca9529ddeb87790ff76f6745ec6870bc09bcdd705d8da7bfde78aed086
2024-09-30 14:23:20,62,c81372ca9529ddeb87790ff76f6745ec6870bc09bcdd705d8da7bfde78aed086
2024-09-30 14:23:20,62,c81372ca9529ddeb87790ff76f6745ec6870bc09bcdd705d8da7bfde78aed086
2024-09-30 14:23:24,62,766888e132d22c9fe03011cecd2cfd06e53bcf30175e083dfde7cd3cdbe1d419
2024-09-30 14:23:25,62,766888e132d22c9fe03011cecd2cfd06e53bcf30175e083dfde7cd3cdbe1d419
2024-09-30 14:23:25,62,766888e132d22c9fe03011cecd2cfd06e53bcf30175e083dfde7cd3cdbe1d419
2024-09-30 14:23:25,62,766888e132d22c9fe03011cecd2cfd06e53bcf30175e083dfde7cd3cdbe1d419
2024-09-30 14:23:25,62,766888e132d22c9fe03011cecd2cfd06e53bcf30175e083dfde7cd3cdbe1d419
2024-09-30 14:23:25,62,766888e132d22c9fe03011cecd2cfd06e53bcf30175e083dfde7cd3cdbe1d419
2024-09-30 14:23:32,62,f5332f306ce88c7c35ea76a3726d0e453733e1841f94896c7043e744314cccaf
2024-09-30 14:23:33,62,18248f005b7493422ea25abcce7179b6d01446ebce2f14824bfbdbbe7f402bb9
2024-09-30 14:23:43,62,18248f005b7493422ea25abcce7179b6d01446ebce2f14824bfbdbbe7f402bb9
2024-09-30 14:23:58,62,18248f005b7493422ea25abcce7179b6d01446ebce2f14824bfbdbbe7f402bb9
2024-09-30 14:23:59,62,0da0408cf172cf652980c296e04f6da88b4cd082b95640e05b763cd9c6b21fa6
2024-09-30 14:23:59,62,0da0408cf172cf652980c296e04f6da88b4cd082b95640e05b763cd9c6b21fa6
2024-09-30 14:23:59,62,0da0408cf172cf652980c296e04f6da88b4cd082b95640e05b763cd9c6b21fa6
2024-09-30 14:24:01,62,18248f005b7493422ea25abcce7179b6d01446ebce2f14824bfbdbbe7f402bb9
2024-09-30 14:24:03,62,18248f005b7493422ea25abcce7179b6d01446ebce2f14824bfbdbbe7f402bb9
2024-09-30 14:24:03,62,18248f005b7493422ea25abcce7179b6d01446ebce2f14824bfbdbbe7f402bb9
2024-09-30 14:24:12,62,18248f005b7493422ea25abcce7179b6d01446ebce2f14824bfbdbbe7f402bb9
2024-09-30 14:24:12,62,18248f005b7493422ea25abcce7179b6d01446ebce2f14824bfbdbbe7f402bb9
2024-09-30 14:24:17,62,18248f005b7493422ea25abcce7179b6d01446ebce2f14824bfbdbbe7f402bb9
2024-09-30 14:24:18,62,18248f005b7493422ea25abcce7179b6d01446ebce2f14824bfbdbbe7f402bb9
2024-09-30 14:24:18,62,18248f005b7493422ea25abcce7179b6d01446ebce2f14824bfbdbbe7f402bb9
2024-09-30 14:24:18,62,18248f005b7493422ea25abcce7179b6d01446ebce2f14824bfbdbbe7f402bb9
2024-09-30 14:24:33,62,18248f005b7493422ea25abcce7179b6d01446ebce2f14824bfbdbbe7f402bb9
2024-09-30 14:24:33,62,18248f005b7493422ea25abcce7179b6d01446ebce2f14824bfbdbbe7f402bb9
2024-09-30 14:24:52,62,01fbae127e8db09da74812bde292eb77d2a68a7897a5571bb7c33ad12264102a
2024-09-30 14:25:06,62,01fbae127e8db09da74812bde292eb77d2a68a7897a5571bb7c33ad12264102a
2024-09-30 14:25:06,62,01fbae127e8db09da74812bde292eb77d2a68a7897a5571bb7c33ad12264102a
2024-09-30 14:25:10,62,01fbae127e8db09da74812bde292eb77d2a68a7897a5571bb7c33ad12264102a
2024-09-30 14:25:11,62,01fbae127e8db09da74812bde292eb77d2a68a7897a5571bb7c33ad12264102a
2024-09-30 14:25:13,62,f5332f306ce88c7c35ea76a3726d0e453733e1841f94896c7043e744314cccaf
2024-09-30 14:25:23,62,01fbae127e8db09da74812bde292eb77d2a68a7897a5571bb7c33ad12264102a
2024-09-30 14:25:28,62,01fbae127e8db09da74812bde292eb77d2a68a7897a5571bb7c33ad12264102a
2024-09-30 14:25:28,62,01fbae127e8db09da74812bde292eb77d2a68a7897a5571bb7c33ad12264102a
2024-09-30 14:25:28,62,01fbae127e8db09da74812bde292eb77d2a68a7897a5571bb7c33ad12264102a
2024-09-30 14:25:28,62,01fbae127e8db09da74812bde292eb77d2a68a7897a5571bb7c33ad12264102a
2024-09-30 14:25:29,62,01fbae127e8db09da74812bde292eb77d2a68a7897a5571bb7c33ad12264102a
2024-09-30 14:25:29,62,01fbae127e8db09da74812bde292eb77d2a68a7897a5571bb7c33ad12264102a
2024-09-30 14:25:32,62,18248f005b7493422ea25abcce7179b6d01446ebce2f14824bfbdbbe7f402bb9
2024-09-30 14:25:49,62,18248f005b7493422ea25abcce7179b6d01446ebce2f14824bfbdbbe7f402bb9
2024-09-30 14:25:50,62,18248f005b7493422ea25abcce7179b6d01446ebce2f14824bfbdbbe7f402bb9
2024-09-30 14:25:50,62,18248f005b7493422ea25abcce7179b6d01446ebce2f14824bfbdbbe7f402bb9
2024-09-30 14:25:51,62,b259ad7b374273c26bec3567023bb3cef7a54a76409fb3688a4ef5ae3e07d4ba
2024-09-30 14:25:51,62,b259ad7b374273c26bec3567023bb3cef7a54a76409fb3688a4ef5ae3e07d4ba
2024-09-30 14:26:00,62,0da0408cf172cf652980c296e04f6da88b4cd082b95640e05b763cd9c6b21fa6
2024-09-30 14:26:00,62,0da0408cf172cf652980c296e04f6da88b4cd082b95640e05b763cd9c6b21fa6
2024-09-30 14:26:00,62,0da0408cf172cf652980c296e04f6da88b4cd082b95640e05b763cd9c6b21fa6
2024-09-30 14:26:15,62,01fbae127e8db09da74812bde292eb77d2a68a7897a5571bb7c33ad12264102a
2024-09-30 14:26:15,62,01fbae127e8db09da74812bde292eb77d2a68a7897a5571bb7c33ad12264102a
2024-09-30 14:26:23,62,18248f005b7493422ea25abcce7179b6d01446ebce2f14824bfbdbbe7f402bb9
2024-09-30 14:26:23,62,18248f005b7493422ea25abcce7179b6d01446ebce2f14824bfbdbbe7f402bb9
2024-09-30 14:26:23,62,18248f005b7493422ea25abcce7179b6d01446ebce2f14824bfbdbbe7f402bb9
2024-09-30 14:26:23,62,18248f005b7493422ea25abcce7179b6d01446ebce2f14824bfbdbbe7f402bb9
2024-09-30 14:26:28,62,18248f005b7493422ea25abcce7179b6d01446ebce2f14824bfbdbbe7f402bb9
2024-09-30 14:26:43,62,18248f005b7493422ea25abcce7179b6d01446ebce2f14824bfbdbbe7f402bb9
2024-09-30 14:26:48,62,18248f005b7493422ea25abcce7179b6d01446ebce2f14824bfbdbbe7f402bb9
2024-09-30 14:27:00,62,ac6bdf2d5686dae420b8fa528fcc9b72514a3cbbdca201fadac306c2091d9b0c
2024-09-30 14:27:05,62,18248f005b7493422ea25abcce7179b6d01446ebce2f14824bfbdbbe7f402bb9
2024-09-30 14:27:05,62,18248f005b7493422ea25abcce7179b6d01446ebce2f14824bfbdbbe7f402bb9
2024-09-30 14:27:09,62,18248f005b7493422ea25abcce7179b6d01446ebce2f14824bfbdbbe7f402bb9
2024-09-30 14:27:13,62,01fbae127e8db09da74812bde292eb77d2a68a7897a5571bb7c33ad12264102a
2024-09-30 14:27:14,62,01fbae127e8db09da74812bde292eb77d2a68a7897a5571bb7c33ad12264102a
2024-09-30 14:27:14,62,01fbae127e8db09da74812bde292eb77d2a68a7897a5571bb7c33ad12264102a
2024-09-30 14:27:14,62,01fbae127e8db09da74812bde292eb77d2a68a7897a5571bb7c33ad12264102a
2024-09-30 14:27:14,62,18248f005b7493422ea25abcce7179b6d01446ebce2f14824bfbdbbe7f402bb9
2024-09-30 14:27:17,62,01fbae127e8db09da74812bde292eb77d2a68a7897a5571bb7c33ad12264102a
2024-09-30 14:27:20,62,18248f005b7493422ea25abcce7179b6d01446ebce2f14824bfbdbbe7f402bb9
2024-09-30 14:27:20,62,18248f005b7493422ea25abcce7179b6d01446ebce2f14824bfbdbbe7f402bb9
2024-09-30 14:27:20,62,18248f005b7493422ea25abcce7179b6d01446ebce2f14824bfbdbbe7f402bb9
2024-09-30 14:27:38,62,f214df8686dde5873f6737cdf93909d29f9b61e55a05fd900714072e85e7e2d9
2024-09-30 14:27:39,62,f214df8686dde5873f6737cdf93909d29f9b61e55a05fd900714072e85e7e2d9
2024-09-30 14:27:39,62,f214df8686dde5873f6737cdf93909d29f9b61e55a05fd900714072e85e7e2d9
2024-09-30 14:27:39,62,f214df8686dde5873f6737cdf93909d29f9b61e55a05fd900714072e85e7e2d9
2024-09-30 14:27:51,62,18248f005b7493422ea25abcce7179b6d01446ebce2f14824bfbdbbe7f402bb9
2024-09-30 14:27:51,62,18248f005b7493422ea25abcce7179b6d01446ebce2f14824bfbdbbe7f402bb9
2024-09-30 14:28:11,62,f5332f306ce88c7c35ea76a3726d0e453733e1841f94896c7043e744314cccaf
2024-09-30 14:28:20,62,18248f005b7493422ea25abcce7179b6d01446ebce2f14824bfbdbbe7f402bb9
2024-09-30 14:28:27,62,18248f005b7493422ea25abcce7179b6d01446ebce2f14824bfbdbbe7f402bb9
2024-09-30 14:28:27,62,18248f005b7493422ea25abcce7179b6d01446ebce2f14824bfbdbbe7f402bb9
2024-09-30 14:28:37,62,18248f005b7493422ea25abcce7179b6d01446ebce2f14824bfbdbbe7f402bb9
2024-09-30 14:28:37,62,18248f005b7493422ea25abcce7179b6d01446ebce2f14824bfbdbbe7f402bb9
2024-09-30 14:28:48,62,d787358040843e660eb94b464371ac26c3ccc54906bd94fcbf398471ccb0e763
2024-09-30 14:28:50,62,18248f005b7493422ea25abcce7179b6d01446ebce2f14824bfbdbbe7f402bb9
2024-09-30 14:28:51,62,18248f005b7493422ea25abcce7179b6d01446ebce2f14824bfbdbbe7f402bb9
2024-09-30 14:28:51,62,18248f005b7493422ea25abcce7179b6d01446ebce2f14824bfbdbbe7f402bb9
2024-09-30 14:29:00,62,18248f005b7493422ea25abcce7179b6d01446ebce2f14824bfbdbbe7f402bb9
2024-09-30 14:29:03,62,01fbae127e8db09da74812bde292eb77d2a68a7897a5571bb7c33ad12264102a
2024-09-30 14:29:03,62,01fbae127e8db09da74812bde292eb77d2a68a7897a5571bb7c33ad12264102a
2024-09-30 14:29:03,62,01fbae127e8db09da74812bde292eb77d2a68a7897a5571bb7c33ad12264102a
2024-09-30 14:29:07,62,18248f005b7493422ea25abcce7179b6d01446ebce2f14824bfbdbbe7f402bb9
2024-09-30 14:29:07,62,18248f005b7493422ea25abcce7179b6d01446ebce2f14824bfbdbbe7f402bb9
2024-09-30 14:29:12,62,18248f005b7493422ea25abcce7179b6d01446ebce2f14824bfbdbbe7f402bb9
2024-09-30 14:29:16,62,d787358040843e660eb94b464371ac26c3ccc54906bd94fcbf398471ccb0e763
2024-09-30 14:29:19,62,01fbae127e8db09da74812bde292eb77d2a68a7897a5571bb7c33ad12264102a
2024-09-30 14:29:19,62,01fbae127e8db09da74812bde292eb77d2a68a7897a5571bb7c33ad12264102a
2024-09-30 14:29:19,62,01fbae127e8db09da74812bde292eb77d2a68a7897a5571bb7c33ad12264102a
2024-09-30 14:29:19,62,01fbae127e8db09da74812bde292eb77d2a68a7897a5571bb7c33ad12264102a
2024-09-30 14:29:19,62,01fbae127e8db09da74812bde292eb77d2a68a7897a5571bb7c33ad12264102a
2024-09-30 14:29:19,62,01fbae127e8db09da74812bde292eb77d2a68a7897a5571bb7c33ad12264102a
2024-09-30 14:29:23,62,01fbae127e8db09da74812bde292eb77d2a68a7897a5571bb7c33ad12264102a
2024-09-30 14:29:26,62,18248f005b7493422ea25abcce7179b6d01446ebce2f14824bfbdbbe7f402bb9
2024-09-30 14:29:26,62,18248f005b7493422ea25abcce7179b6d01446ebce2f14824bfbdbbe7f402bb9
2024-09-30 14:29:35,62,18248f005b7493422ea25abcce7179b6d01446ebce2f14824bfbdbbe7f402bb9
2024-09-30 14:29:35,62,18248f005b7493422ea25abcce7179b6d01446ebce2f14824bfbdbbe7f402bb9
2024-09-30 14:29:35,62,18248f005b7493422ea25abcce7179b6d01446ebce2f14824bfbdbbe7f402bb9
2024-09-30 14:30:01,62,b259ad7b374273c26bec3567023bb3cef7a54a76409fb3688a4ef5ae3e07d4ba
2024-09-30 14:30:01,62,b259ad7b374273c26bec3567023bb3cef7a54a76409fb3688a4ef5ae3e07d4ba
2024-09-30 14:30:18,62,f214df8686dde5873f6737cdf93909d29f9b61e55a05fd900714072e85e7e2d9
2024-09-30 14:30:31,62,18248f005b7493422ea25abcce7179b6d01446ebce2f14824bfbdbbe7f402bb9
2024-09-30 14:30:32,62,18248f005b7493422ea25abcce7179b6d01446ebce2f14824bfbdbbe7f402bb9
2024-09-30 14:30:36,62,18248f005b7493422ea25abcce7179b6d01446ebce2f14824bfbdbbe7f402bb9
2024-09-30 14:31:07,62,18248f005b7493422ea25abcce7179b6d01446ebce2f14824bfbdbbe7f402bb9
2024-09-30 14:31:14,62,01fbae127e8db09da74812bde292eb77d2a68a7897a5571bb7c33ad12264102a
2024-09-30 14:31:14,62,01fbae127e8db09da74812bde292eb77d2a68a7897a5571bb7c33ad12264102a
2024-09-30 14:31:14,62,01fbae127e8db09da74812bde292eb77d2a68a7897a5571bb7c33ad12264102a
2024-09-30 14:31:14,62,01fbae127e8db09da74812bde292eb77d2a68a7897a5571bb7c33ad12264102a
2024-09-30 14:31:26,62,01fbae127e8db09da74812bde292eb77d2a68a7897a5571bb7c33ad12264102a
2024-09-30 14:31:26,62,01fbae127e8db09da74812bde292eb77d2a68a7897a5571bb7c33ad12264102a
2024-09-30 14:31:26,62,01fbae127e8db09da74812bde292eb77d2a68a7897a5571bb7c33ad12264102a
2024-09-30 14:31:26,62,01fbae127e8db09da74812bde292eb77d2a68a7897a5571bb7c33ad12264102a
2024-09-30 14:31:37,62,18248f005b7493422ea25abcce7179b6d01446ebce2f14824bfbdbbe7f402bb9
2024-09-30 14:31:37,62,18248f005b7493422ea25abcce7179b6d01446ebce2f14824bfbdbbe7f402bb9
2024-09-30 14:31:51,62,18248f005b7493422ea25abcce7179b6d01446ebce2f14824bfbdbbe7f402bb9
2024-09-30 14:31:51,62,18248f005b7493422ea25abcce7179b6d01446ebce2f14824bfbdbbe7f402bb9
2024-09-30 14:31:52,62,18248f005b7493422ea25abcce7179b6d01446ebce2f14824bfbdbbe7f402bb9
2024-09-30 14:31:52,62,18248f005b7493422ea25abcce7179b6d01446ebce2f14824bfbdbbe7f402bb9
2024-09-30 14:32:02,62,18248f005b7493422ea25abcce7179b6d01446ebce2f14824bfbdbbe7f402bb9
2024-09-30 14:32:10,62,18248f005b7493422ea25abcce7179b6d01446ebce2f14824bfbdbbe7f402bb9
2024-09-30 14:32:16,62,01fbae127e8db09da74812bde292eb77d2a68a7897a5571bb7c33ad12264102a
2024-09-30 14:32:16,62,01fbae127e8db09da74812bde292eb77d2a68a7897a5571bb7c33ad12264102a
2024-09-30 14:32:16,62,01fbae127e8db09da74812bde292eb77d2a68a7897a5571bb7c33ad12264102a
2024-09-30 14:32:17,62,18248f005b7493422ea25abcce7179b6d01446ebce2f14824bfbdbbe7f402bb9
2024-09-30 14:32:18,62,18248f005b7493422ea25abcce7179b6d01446ebce2f14824bfbdbbe7f402bb9
2024-09-30 14:32:18,62,18248f005b7493422ea25abcce7179b6d01446ebce2f14824bfbdbbe7f402bb9
2024-09-30 14:32:27,62,18248f005b7493422ea25abcce7179b6d01446ebce2f14824bfbdbbe7f402bb9
2024-09-30 14:32:27,62,18248f005b7493422ea25abcce7179b6d01446ebce2f14824bfbdbbe7f402bb9
2024-09-30 14:32:31,62,18248f005b7493422ea25abcce7179b6d01446ebce2f14824bfbdbbe7f402bb9
2024-09-30 14:32:31,62,18248f005b7493422ea25abcce7179b6d01446ebce2f14824bfbdbbe7f402bb9
2024-09-30 14:32:31,62,b259ad7b374273c26bec3567023bb3cef7a54a76409fb3688a4ef5ae3e07d4ba
2024-09-30 14:32:31,62,b259ad7b374273c26bec3567023bb3cef7a54a76409fb3688a4ef5ae3e07d4ba
2024-09-30 14:32:31,62,b259ad7b374273c26bec3567023bb3cef7a54a76409fb3688a4ef5ae3e07d4ba
2024-09-30 14:32:38,62,18248f005b7493422ea25abcce7179b6d01446ebce2f14824bfbdbbe7f402bb9
2024-09-30 14:32:39,62,01fbae127e8db09da74812bde292eb77d2a68a7897a5571bb7c33ad12264102a
2024-09-30 14:32:39,62,01fbae127e8db09da74812bde292eb77d2a68a7897a5571bb7c33ad12264102a
2024-09-30 14:32:39,62,01fbae127e8db09da74812bde292eb77d2a68a7897a5571bb7c33ad12264102a
2024-09-30 14:32:46,62,18248f005b7493422ea25abcce7179b6d01446ebce2f14824bfbdbbe7f402bb9
2024-09-30 14:32:49,62,18248f005b7493422ea25abcce7179b6d01446ebce2f14824bfbdbbe7f402bb9
2024-09-30 14:32:49,62,18248f005b7493422ea25abcce7179b6d01446ebce2f14824bfbdbbe7f402bb9
2024-09-30 14:32:56,62,01fbae127e8db09da74812bde292eb77d2a68a7897a5571bb7c33ad12264102a
2024-09-30 14:32:56,62,01fbae127e8db09da74812bde292eb77d2a68a7897a5571bb7c33ad12264102a
2024-09-30 14:32:58,62,f214df8686dde5873f6737cdf93909d29f9b61e55a05fd900714072e85e7e2d9
2024-09-30 14:32:58,62,f214df8686dde5873f6737cdf93909d29f9b61e55a05fd900714072e85e7e2d9
2024-09-30 14:32:58,62,f214df8686dde5873f6737cdf93909d29f9b61e55a05fd900714072e85e7e2d9
2024-09-30 14:32:58,62,f214df8686dde5873f6737cdf93909d29f9b61e55a05fd900714072e85e7e2d9
2024-09-30 14:33:02,62,18248f005b7493422ea25abcce7179b6d01446ebce2f14824bfbdbbe7f402bb9
2024-09-30 14:33:09,62,18248f005b7493422ea25abcce7179b6d01446ebce2f14824bfbdbbe7f402bb9
2024-09-30 14:33:09,62,18248f005b7493422ea25abcce7179b6d01446ebce2f14824bfbdbbe7f402bb9
2024-09-30 14:33:15,62,18248f005b7493422ea25abcce7179b6d01446ebce2f14824bfbdbbe7f402bb9
2024-09-30 14:33:21,62,18248f005b7493422ea25abcce7179b6d01446ebce2f14824bfbdbbe7f402bb9
2024-09-30 14:33:30,62,18248f005b7493422ea25abcce7179b6d01446ebce2f14824bfbdbbe7f402bb9
2024-09-30 14:33:38,62,18248f005b7493422ea25abcce7179b6d01446ebce2f14824bfbdbbe7f402bb9
2024-09-30 14:33:38,62,18248f005b7493422ea25abcce7179b6d01446ebce2f14824bfbdbbe7f402bb9
2024-09-30 14:33:47,62,18248f005b7493422ea25abcce7179b6d01446ebce2f14824bfbdbbe7f402bb9
2024-09-30 14:33:47,62,18248f005b7493422ea25abcce7179b6d01446ebce2f14824bfbdbbe7f402bb9
2024-09-30 14:33:54,62,18248f005b7493422ea25abcce7179b6d01446ebce2f14824bfbdbbe7f402bb9
2024-09-30 14:33:54,62,18248f005b7493422ea25abcce7179b6d01446ebce2f14824bfbdbbe7f402bb9
2024-09-30 14:33:57,62,18248f005b7493422ea25abcce7179b6d01446ebce2f14824bfbdbbe7f402bb9
2024-09-30 14:33:59,62,01fbae127e8db09da74812bde292eb77d2a68a7897a5571bb7c33ad12264102a
2024-09-30 14:33:59,62,01fbae127e8db09da74812bde292eb77d2a68a7897a5571bb7c33ad12264102a
2024-09-30 14:33:59,62,01fbae127e8db09da74812bde292eb77d2a68a7897a5571bb7c33ad12264102a
2024-09-30 14:33:59,62,01fbae127e8db09da74812bde292eb77d2a68a7897a5571bb7c33ad12264102a
2024-09-30 14:34:02,62,18248f005b7493422ea25abcce7179b6d01446ebce2f14824bfbdbbe7f402bb9
2024-09-30 14:34:02,62,18248f005b7493422ea25abcce7179b6d01446ebce2f14824bfbdbbe7f402bb9
2024-09-30 14:34:03,62,18248f005b7493422ea25abcce7179b6d01446ebce2f14824bfbdbbe7f402bb9
2024-09-30 14:34:05,62,b259ad7b374273c26bec3567023bb3cef7a54a76409fb3688a4ef5ae3e07d4ba
2024-09-30 14:34:05,62,b259ad7b374273c26bec3567023bb3cef7a54a76409fb3688a4ef5ae3e07d4ba
2024-09-30 14:34:05,62,b259ad7b374273c26bec3567023bb3cef7a54a76409fb3688a4ef5ae3e07d4ba
2024-09-30 14:34:06,62,18248f005b7493422ea25abcce7179b6d01446ebce2f14824bfbdbbe7f402bb9
2024-09-30 14:34:06,62,18248f005b7493422ea25abcce7179b6d01446ebce2f14824bfbdbbe7f402bb9
2024-09-30 14:34:06,62,18248f005b7493422ea25abcce7179b6d01446ebce2f14824bfbdbbe7f402bb9
2024-09-30 14:34:10,62,01fbae127e8db09da74812bde292eb77d2a68a7897a5571bb7c33ad12264102a
2024-09-30 14:34:11,62,01fbae127e8db09da74812bde292eb77d2a68a7897a5571bb7c33ad12264102a
2024-09-30 14:34:11,62,01fbae127e8db09da74812bde292eb77d2a68a7897a5571bb7c33ad12264102a
2024-09-30 14:34:39,62,a68467b42cffcbb7fbae081a623443ef4bd3760bab34f23ab270b79384072bc6
2024-09-30 14:35:04,62,18248f005b7493422ea25abcce7179b6d01446ebce2f14824bfbdbbe7f402bb9
2024-09-30 14:35:04,62,18248f005b7493422ea25abcce7179b6d01446ebce2f14824bfbdbbe7f402bb9
2024-09-30 14:35:04,62,18248f005b7493422ea25abcce7179b6d01446ebce2f14824bfbdbbe7f402bb9
2024-09-30 14:35:26,62,01fbae127e8db09da74812bde292eb77d2a68a7897a5571bb7c33ad12264102a
2024-09-30 14:35:26,62,01fbae127e8db09da74812bde292eb77d2a68a7897a5571bb7c33ad12264102a
2024-09-30 14:35:26,62,01fbae127e8db09da74812bde292eb77d2a68a7897a5571bb7c33ad12264102a
2024-09-30 14:35:26,62,01fbae127e8db09da74812bde292eb77d2a68a7897a5571bb7c33ad12264102a
2024-09-30 14:35:26,62,01fbae127e8db09da74812bde292eb77d2a68a7897a5571bb7c33ad12264102a
2024-09-30 14:35:26,62,01fbae127e8db09da74812bde292eb77d2a68a7897a5571bb7c33ad12264102a
2024-09-30 14:35:26,62,01fbae127e8db09da74812bde292eb77d2a68a7897a5571bb7c33ad12264102a
2024-09-30 14:35:26,62,01fbae127e8db09da74812bde292eb77d2a68a7897a5571bb7c33ad12264102a
2024-09-30 14:35:31,62,01fbae127e8db09da74812bde292eb77d2a68a7897a5571bb7c33ad12264102a
2024-09-30 14:35:31,62,01fbae127e8db09da74812bde292eb77d2a68a7897a5571bb7c33ad12264102a
2024-09-30 14:35:32,62,18248f005b7493422ea25abcce7179b6d01446ebce2f14824bfbdbbe7f402bb9
2024-09-30 14:35:32,62,18248f005b7493422ea25abcce7179b6d01446ebce2f14824bfbdbbe7f402bb9
2024-09-30 14:35:32,62,18248f005b7493422ea25abcce7179b6d01446ebce2f14824bfbdbbe7f402bb9
2024-09-30 14:35:32,62,18248f005b7493422ea25abcce7179b6d01446ebce2f14824bfbdbbe7f402bb9
2024-09-30 14:35:37,62,01fbae127e8db09da74812bde292eb77d2a68a7897a5571bb7c33ad12264102a
2024-09-30 14:35:37,62,01fbae127e8db09da74812bde292eb77d2a68a7897a5571bb7c33ad12264102a
2024-09-30 14:35:37,62,01fbae127e8db09da74812bde292eb77d2a68a7897a5571bb7c33ad12264102a
2024-09-30 14:35:38,62,f214df8686dde5873f6737cdf93909d29f9b61e55a05fd900714072e85e7e2d9
2024-09-30 14:35:38,62,f214df8686dde5873f6737cdf93909d29f9b61e55a05fd900714072e85e7e2d9
2024-09-30 14:35:38,62,f214df8686dde5873f6737cdf93909d29f9b61e55a05fd900714072e85e7e2d9
2024-09-30 14:35:47,62,18248f005b7493422ea25abcce7179b6d01446ebce2f14824bfbdbbe7f402bb9
2024-09-30 14:35:56,62,18248f005b7493422ea25abcce7179b6d01446ebce2f14824bfbdbbe7f402bb9
2024-09-30 14:35:56,62,18248f005b7493422ea25abcce7179b6d01446ebce2f14824bfbdbbe7f402bb9
2024-09-30 14:35:57,62,18248f005b7493422ea25abcce7179b6d01446ebce2f14824bfbdbbe7f402bb9
2024-09-30 14:36:02,62,18248f005b7493422ea25abcce7179b6d01446ebce2f14824bfbdbbe7f402bb9
2024-09-30 14:36:10,62,a68467b42cffcbb7fbae081a623443ef4bd3760bab34f23ab270b79384072bc6
2024-09-30 14:36:10,62,a68467b42cffcbb7fbae081a623443ef4bd3760bab34f23ab270b79384072bc6
2024-09-30 14:36:10,62,a68467b42cffcbb7fbae081a623443ef4bd3760bab34f23ab270b79384072bc6
2024-09-30 14:36:10,62,a68467b42cffcbb7fbae081a623443ef4bd3760bab34f23ab270b79384072bc6
2024-09-30 14:36:10,62,a68467b42cffcbb7fbae081a623443ef4bd3760bab34f23ab270b79384072bc6
2024-09-30 14:36:10,62,a68467b42cffcbb7fbae081a623443ef4bd3760bab34f23ab270b79384072bc6
2024-09-30 14:36:12,62,18248f005b7493422ea25abcce7179b6d01446ebce2f14824bfbdbbe7f402bb9
2024-09-30 14:36:18,62,18248f005b7493422ea25abcce7179b6d01446ebce2f14824bfbdbbe7f402bb9
2024-09-30 14:36:18,62,18248f005b7493422ea25abcce7179b6d01446ebce2f14824bfbdbbe7f402bb9
2024-09-30 14:36:19,62,a68467b42cffcbb7fbae081a623443ef4bd3760bab34f23ab270b79384072bc6
2024-09-30 14:36:21,62,01fbae127e8db09da74812bde292eb77d2a68a7897a5571bb7c33ad12264102a
2024-09-30 14:36:21,62,01fbae127e8db09da74812bde292eb77d2a68a7897a5571bb7c33ad12264102a
2024-09-30 14:36:21,62,01fbae127e8db09da74812bde292eb77d2a68a7897a5571bb7c33ad12264102a
2024-09-30 14:36:23,62,18248f005b7493422ea25abcce7179b6d01446ebce2f14824bfbdbbe7f402bb9
2024-09-30 14:36:23,62,18248f005b7493422ea25abcce7179b6d01446ebce2f14824bfbdbbe7f402bb9
2024-09-30 14:36:23,62,18248f005b7493422ea25abcce7179b6d01446ebce2f14824bfbdbbe7f402bb9
2024-09-30 14:36:26,62,18248f005b7493422ea25abcce7179b6d01446ebce2f14824bfbdbbe7f402bb9
2024-09-30 14:36:26,62,18248f005b7493422ea25abcce7179b6d01446ebce2f14824bfbdbbe7f402bb9
2024-09-30 14:36:27,62,18248f005b7493422ea25abcce7179b6d01446ebce2f14824bfbdbbe7f402bb9
2024-09-30 14:36:27,62,18248f005b7493422ea25abcce7179b6d01446ebce2f14824bfbdbbe7f402bb9
2024-09-30 14:36:29,62,01fbae127e8db09da74812bde292eb77d2a68a7897a5571bb7c33ad12264102a
2024-09-30 14:36:29,62,a68467b42cffcbb7fbae081a623443ef4bd3760bab34f23ab270b79384072bc6
2024-09-30 14:36:29,62,a68467b42cffcbb7fbae081a623443ef4bd3760bab34f23ab270b79384072bc6
2024-09-30 14:36:30,62,a68467b42cffcbb7fbae081a623443ef4bd3760bab34f23ab270b79384072bc6
2024-09-30 14:36:30,62,a68467b42cffcbb7fbae081a623443ef4bd3760bab34f23ab270b79384072bc6
2024-09-30 14:36:40,62,18248f005b7493422ea25abcce7179b6d01446ebce2f14824bfbdbbe7f402bb9
2024-09-30 14:36:50,62,18248f005b7493422ea25abcce7179b6d01446ebce2f14824bfbdbbe7f402bb9
2024-09-30 14:36:59,62,01fbae127e8db09da74812bde292eb77d2a68a7897a5571bb7c33ad12264102a
2024-09-30 14:36:59,62,01fbae127e8db09da74812bde292eb77d2a68a7897a5571bb7c33ad12264102a
2024-09-30 14:36:59,62,01fbae127e8db09da74812bde292eb77d2a68a7897a5571bb7c33ad12264102a
2024-09-30 14:37:03,62,18248f005b7493422ea25abcce7179b6d01446ebce2f14824bfbdbbe7f402bb9
2024-09-30 14:37:03,62,18248f005b7493422ea25abcce7179b6d01446ebce2f14824bfbdbbe7f402bb9
2024-09-30 14:37:03,62,18248f005b7493422ea25abcce7179b6d01446ebce2f14824bfbdbbe7f402bb9
2024-09-30 14:37:04,62,18248f005b7493422ea25abcce7179b6d01446ebce2f14824bfbdbbe7f402bb9
2024-09-30 14:37:06,62,18248f005b7493422ea25abcce7179b6d01446ebce2f14824bfbdbbe7f402bb9
2024-09-30 14:37:06,62,18248f005b7493422ea25abcce7179b6d01446ebce2f14824bfbdbbe7f402bb9
2024-09-30 14:37:13,62,18248f005b7493422ea25abcce7179b6d01446ebce2f14824bfbdbbe7f402bb9
2024-09-30 14:37:13,62,18248f005b7493422ea25abcce7179b6d01446ebce2f14824bfbdbbe7f402bb9
2024-09-30 14:37:14,62,18248f005b7493422ea25abcce7179b6d01446ebce2f14824bfbdbbe7f402bb9
2024-09-30 14:37:14,62,18248f005b7493422ea25abcce7179b6d01446ebce2f14824bfbdbbe7f402bb9
2024-09-30 14:37:14,62,18248f005b7493422ea25abcce7179b6d01446ebce2f14824bfbdbbe7f402bb9
2024-09-30 14:37:14,62,01fbae127e8db09da74812bde292eb77d2a68a7897a5571bb7c33ad12264102a
2024-09-30 14:37:14,62,01fbae127e8db09da74812bde292eb77d2a68a7897a5571bb7c33ad12264102a
2024-09-30 14:37:14,62,01fbae127e8db09da74812bde292eb77d2a68a7897a5571bb7c33ad12264102a
2024-09-30 14:37:18,62,18248f005b7493422ea25abcce7179b6d01446ebce2f14824bfbdbbe7f402bb9
2024-09-30 14:37:18,62,18248f005b7493422ea25abcce7179b6d01446ebce2f14824bfbdbbe7f402bb9
2024-09-30 14:37:18,62,18248f005b7493422ea25abcce7179b6d01446ebce2f14824bfbdbbe7f402bb9
2024-09-30 14:37:18,62,18248f005b7493422ea25abcce7179b6d01446ebce2f14824bfbdbbe7f402bb9
2024-09-30 14:37:18,62,18248f005b7493422ea25abcce7179b6d01446ebce2f14824bfbdbbe7f402bb9
2024-09-30 14:37:19,62,18248f005b7493422ea25abcce7179b6d01446ebce2f14824bfbdbbe7f402bb9
2024-09-30 14:37:19,62,18248f005b7493422ea25abcce7179b6d01446ebce2f14824bfbdbbe7f402bb9
2024-09-30 14:37:19,62,18248f005b7493422ea25abcce7179b6d01446ebce2f14824bfbdbbe7f402bb9
2024-09-30 14:37:19,62,a68467b42cffcbb7fbae081a623443ef4bd3760bab34f23ab270b79384072bc6
2024-09-30 14:37:23,62,18248f005b7493422ea25abcce7179b6d01446ebce2f14824bfbdbbe7f402bb9
2024-09-30 14:37:24,62,b259ad7b374273c26bec3567023bb3cef7a54a76409fb3688a4ef5ae3e07d4ba
2024-09-30 14:37:24,62,b259ad7b374273c26bec3567023bb3cef7a54a76409fb3688a4ef5ae3e07d4ba
2024-09-30 14:37:24,62,b259ad7b374273c26bec3567023bb3cef7a54a76409fb3688a4ef5ae3e07d4ba
2024-09-30 14:37:24,62,b259ad7b374273c26bec3567023bb3cef7a54a76409fb3688a4ef5ae3e07d4ba
2024-09-30 14:37:24,62,b259ad7b374273c26bec3567023bb3cef7a54a76409fb3688a4ef5ae3e07d4ba
2024-09-30 14:37:32,62,18248f005b7493422ea25abcce7179b6d01446ebce2f14824bfbdbbe7f402bb9
2024-09-30 14:37:32,62,18248f005b7493422ea25abcce7179b6d01446ebce2f14824bfbdbbe7f402bb9
2024-09-30 14:37:32,62,18248f005b7493422ea25abcce7179b6d01446ebce2f14824bfbdbbe7f402bb9
2024-09-30 14:37:32,62,18248f005b7493422ea25abcce7179b6d01446ebce2f14824bfbdbbe7f402bb9
2024-09-30 14:37:36,62,18248f005b7493422ea25abcce7179b6d01446ebce2f14824bfbdbbe7f402bb9
2024-09-30 14:37:36,62,18248f005b7493422ea25abcce7179b6d01446ebce2f14824bfbdbbe7f402bb9
2024-09-30 14:37:46,62,584fadc5481423104c26d11f7df9e9a427b3f316657647a1d8514982e6f86329
2024-09-30 14:37:46,62,584fadc5481423104c26d11f7df9e9a427b3f316657647a1d8514982e6f86329
2024-09-30 14:37:46,62,584fadc5481423104c26d11f7df9e9a427b3f316657647a1d8514982e6f86329
2024-09-30 14:37:46,62,584fadc5481423104c26d11f7df9e9a427b3f316657647a1d8514982e6f86329
2024-09-30 14:37:46,62,584fadc5481423104c26d11f7df9e9a427b3f316657647a1d8514982e6f86329
2024-09-30 14:37:46,62,584fadc5481423104c26d11f7df9e9a427b3f316657647a1d8514982e6f86329
2024-09-30 14:37:46,62,584fadc5481423104c26d11f7df9e9a427b3f316657647a1d8514982e6f86329
2024-09-30 14:37:46,62,584fadc5481423104c26d11f7df9e9a427b3f316657647a1d8514982e6f86329
2024-09-30 14:38:00,62,18248f005b7493422ea25abcce7179b6d01446ebce2f14824bfbdbbe7f402bb9
2024-09-30 14:38:00,62,18248f005b7493422ea25abcce7179b6d01446ebce2f14824bfbdbbe7f402bb9
2024-09-30 14:38:03,62,18248f005b7493422ea25abcce7179b6d01446ebce2f14824bfbdbbe7f402bb9
2024-09-30 14:38:13,62,18248f005b7493422ea25abcce7179b6d01446ebce2f14824bfbdbbe7f402bb9
2024-09-30 14:38:13,62,18248f005b7493422ea25abcce7179b6d01446ebce2f14824bfbdbbe7f402bb9
2024-09-30 14:38:30,62,18248f005b7493422ea25abcce7179b6d01446ebce2f14824bfbdbbe7f402bb9
2024-09-30 14:38:30,62,18248f005b7493422ea25abcce7179b6d01446ebce2f14824bfbdbbe7f402bb9
2024-09-30 14:38:33,62,18248f005b7493422ea25abcce7179b6d01446ebce2f14824bfbdbbe7f402bb9
2024-09-30 14:38:33,62,18248f005b7493422ea25abcce7179b6d01446ebce2f14824bfbdbbe7f402bb9
2024-09-30 14:38:33,62,18248f005b7493422ea25abcce7179b6d01446ebce2f14824bfbdbbe7f402bb9
2024-09-30 14:38:33,62,18248f005b7493422ea25abcce7179b6d01446ebce2f14824bfbdbbe7f402bb9
2024-09-30 14:38:33,62,18248f005b7493422ea25abcce7179b6d01446ebce2f14824bfbdbbe7f402bb9
2024-09-30 14:38:33,62,18248f005b7493422ea25abcce7179b6d01446ebce2f14824bfbdbbe7f402bb9
2024-09-30 14:38:33,62,18248f005b7493422ea25abcce7179b6d01446ebce2f14824bfbdbbe7f402bb9
2024-09-30 14:38:33,62,18248f005b7493422ea25abcce7179b6d01446ebce2f14824bfbdbbe7f402bb9
2024-09-30 14:39:04,62,18248f005b7493422ea25abcce7179b6d01446ebce2f14824bfbdbbe7f402bb9
2024-09-30 14:39:06,62,18248f005b7493422ea25abcce7179b6d01446ebce2f14824bfbdbbe7f402bb9
2024-09-30 14:39:06,62,18248f005b7493422ea25abcce7179b6d01446ebce2f14824bfbdbbe7f402bb9
2024-09-30 14:39:08,62,18248f005b7493422ea25abcce7179b6d01446ebce2f14824bfbdbbe7f402bb9
2024-09-30 14:39:11,62,01fbae127e8db09da74812bde292eb77d2a68a7897a5571bb7c33ad12264102a
2024-09-30 14:39:14,62,18248f005b7493422ea25abcce7179b6d01446ebce2f14824bfbdbbe7f402bb9
2024-09-30 14:39:14,62,18248f005b7493422ea25abcce7179b6d01446ebce2f14824bfbdbbe7f402bb9
2024-09-30 14:39:14,62,18248f005b7493422ea25abcce7179b6d01446ebce2f14824bfbdbbe7f402bb9
2024-09-30 14:39:15,62,b259ad7b374273c26bec3567023bb3cef7a54a76409fb3688a4ef5ae3e07d4ba
2024-09-30 14:39:15,62,b259ad7b374273c26bec3567023bb3cef7a54a76409fb3688a4ef5ae3e07d4ba
2024-09-30 14:39:15,62,b259ad7b374273c26bec3567023bb3cef7a54a76409fb3688a4ef5ae3e07d4ba
2024-09-30 14:39:18,62,b259ad7b374273c26bec3567023bb3cef7a54a76409fb3688a4ef5ae3e07d4ba
2024-09-30 14:39:18,62,b259ad7b374273c26bec3567023bb3cef7a54a76409fb3688a4ef5ae3e07d4ba
2024-09-30 14:39:20,62,18248f005b7493422ea25abcce7179b6d01446ebce2f14824bfbdbbe7f402bb9
2024-09-30 14:39:29,62,18248f005b7493422ea25abcce7179b6d01446ebce2f14824bfbdbbe7f402bb9
2024-09-30 14:39:29,62,18248f005b7493422ea25abcce7179b6d01446ebce2f14824bfbdbbe7f402bb9
2024-09-30 14:39:31,62,0da0408cf172cf652980c296e04f6da88b4cd082b95640e05b763cd9c6b21fa6
2024-09-30 14:39:31,62,0da0408cf172cf652980c296e04f6da88b4cd082b95640e05b763cd9c6b21fa6
2024-09-30 14:39:31,62,0da0408cf172cf652980c296e04f6da88b4cd082b95640e05b763cd9c6b21fa6
2024-09-30 14:39:31,62,0da0408cf172cf652980c296e04f6da88b4cd082b95640e05b763cd9c6b21fa6
2024-09-30 14:39:31,62,0da0408cf172cf652980c296e04f6da88b4cd082b95640e05b763cd9c6b21fa6
2024-09-30 14:39:31,62,0da0408cf172cf652980c296e04f6da88b4cd082b95640e05b763cd9c6b21fa6
2024-09-30 14:39:31,62,0da0408cf172cf652980c296e04f6da88b4cd082b95640e05b763cd9c6b21fa6
2024-09-30 14:39:31,62,0da0408cf172cf652980c296e04f6da88b4cd082b95640e05b763cd9c6b21fa6
2024-09-30 14:39:31,62,01fbae127e8db09da74812bde292eb77d2a68a7897a5571bb7c33ad12264102a
2024-09-30 14:39:32,62,01fbae127e8db09da74812bde292eb77d2a68a7897a5571bb7c33ad12264102a
2024-09-30 14:39:32,62,01fbae127e8db09da74812bde292eb77d2a68a7897a5571bb7c33ad12264102a
2024-09-30 14:39:32,62,01fbae127e8db09da74812bde292eb77d2a68a7897a5571bb7c33ad12264102a
2024-09-30 14:39:32,62,01fbae127e8db09da74812bde292eb77d2a68a7897a5571bb7c33ad12264102a
2024-09-30 14:39:32,62,01fbae127e8db09da74812bde292eb77d2a68a7897a5571bb7c33ad12264102a
2024-09-30 14:39:45,62,b259ad7b374273c26bec3567023bb3cef7a54a76409fb3688a4ef5ae3e07d4ba
2024-09-30 14:39:45,62,18248f005b7493422ea25abcce7179b6d01446ebce2f14824bfbdbbe7f402bb9
2024-09-30 14:39:45,62,18248f005b7493422ea25abcce7179b6d01446ebce2f14824bfbdbbe7f402bb9
2024-09-30 14:39:45,62,18248f005b7493422ea25abcce7179b6d01446ebce2f14824bfbdbbe7f402bb9
2024-09-30 14:39:45,62,18248f005b7493422ea25abcce7179b6d01446ebce2f14824bfbdbbe7f402bb9
2024-09-30 14:39:46,62,01fbae127e8db09da74812bde292eb77d2a68a7897a5571bb7c33ad12264102a
2024-09-30 14:39:46,62,01fbae127e8db09da74812bde292eb77d2a68a7897a5571bb7c33ad12264102a
2024-09-30 14:39:46,62,01fbae127e8db09da74812bde292eb77d2a68a7897a5571bb7c33ad12264102a
2024-09-30 14:39:46,62,01fbae127e8db09da74812bde292eb77d2a68a7897a5571bb7c33ad12264102a
2024-09-30 14:39:46,62,01fbae127e8db09da74812bde292eb77d2a68a7897a5571bb7c33ad12264102a
2024-09-30 14:39:53,62,18248f005b7493422ea25abcce7179b6d01446ebce2f14824bfbdbbe7f402bb9
2024-09-30 14:39:54,62,18248f005b7493422ea25abcce7179b6d01446ebce2f14824bfbdbbe7f402bb9
2024-09-30 14:39:55,62,18248f005b7493422ea25abcce7179b6d01446ebce2f14824bfbdbbe7f402bb9
2024-09-30 14:39:55,62,18248f005b7493422ea25abcce7179b6d01446ebce2f14824bfbdbbe7f402bb9
2024-09-30 14:39:55,62,18248f005b7493422ea25abcce7179b6d01446ebce2f14824bfbdbbe7f402bb9
2024-09-30 14:39:56,62,01fbae127e8db09da74812bde292eb77d2a68a7897a5571bb7c33ad12264102a
2024-09-30 14:40:04,62,01fbae127e8db09da74812bde292eb77d2a68a7897a5571bb7c33ad12264102a
2024-09-30 14:40:04,62,01fbae127e8db09da74812bde292eb77d2a68a7897a5571bb7c33ad12264102a
2024-09-30 14:40:11,62,18248f005b7493422ea25abcce7179b6d01446ebce2f14824bfbdbbe7f402bb9
2024-09-30 14:40:11,62,18248f005b7493422ea25abcce7179b6d01446ebce2f14824bfbdbbe7f402bb9
2024-09-30 14:40:11,62,18248f005b7493422ea25abcce7179b6d01446ebce2f14824bfbdbbe7f402bb9
2024-09-30 14:40:12,62,18248f005b7493422ea25abcce7179b6d01446ebce2f14824bfbdbbe7f402bb9
2024-09-30 14:40:12,62,18248f005b7493422ea25abcce7179b6d01446ebce2f14824bfbdbbe7f402bb9
2024-09-30 14:40:12,62,18248f005b7493422ea25abcce7179b6d01446ebce2f14824bfbdbbe7f402bb9
2024-09-30 14:40:12,62,18248f005b7493422ea25abcce7179b6d01446ebce2f14824bfbdbbe7f402bb9
2024-09-30 14:40:16,62,18248f005b7493422ea25abcce7179b6d01446ebce2f14824bfbdbbe7f402bb9
2024-09-30 14:40:16,62,18248f005b7493422ea25abcce7179b6d01446ebce2f14824bfbdbbe7f402bb9
2024-09-30 14:40:32,62,18248f005b7493422ea25abcce7179b6d01446ebce2f14824bfbdbbe7f402bb9
2024-09-30 14:40:40,62,18248f005b7493422ea25abcce7179b6d01446ebce2f14824bfbdbbe7f402bb9
2024-09-30 14:40:40,62,18248f005b7493422ea25abcce7179b6d01446ebce2f14824bfbdbbe7f402bb9
2024-09-30 14:40:41,62,18248f005b7493422ea25abcce7179b6d01446ebce2f14824bfbdbbe7f402bb9
2024-09-30 14:40:41,62,18248f005b7493422ea25abcce7179b6d01446ebce2f14824bfbdbbe7f402bb9
2024-09-30 14:40:42,62,01fbae127e8db09da74812bde292eb77d2a68a7897a5571bb7c33ad12264102a
2024-09-30 14:40:42,62,01fbae127e8db09da74812bde292eb77d2a68a7897a5571bb7c33ad12264102a
2024-09-30 14:40:52,62,18248f005b7493422ea25abcce7179b6d01446ebce2f14824bfbdbbe7f402bb9
2024-09-30 14:41:01,62,18248f005b7493422ea25abcce7179b6d01446ebce2f14824bfbdbbe7f402bb9
2024-09-30 14:41:01,62,18248f005b7493422ea25abcce7179b6d01446ebce2f14824bfbdbbe7f402bb9
2024-09-30 14:41:01,62,18248f005b7493422ea25abcce7179b6d01446ebce2f14824bfbdbbe7f402bb9
2024-09-30 14:41:02,62,18248f005b7493422ea25abcce7179b6d01446ebce2f14824bfbdbbe7f402bb9
2024-09-30 14:41:02,62,18248f005b7493422ea25abcce7179b6d01446ebce2f14824bfbdbbe7f402bb9
2024-09-30 14:41:03,62,18248f005b7493422ea25abcce7179b6d01446ebce2f14824bfbdbbe7f402bb9
2024-09-30 14:41:03,62,18248f005b7493422ea25abcce7179b6d01446ebce2f14824bfbdbbe7f402bb9
2024-09-30 14:41:05,62,18248f005b7493422ea25abcce7179b6d01446ebce2f14824bfbdbbe7f402bb9
2024-09-30 14:41:05,62,18248f005b7493422ea25abcce7179b6d01446ebce2f14824bfbdbbe7f402bb9
2024-09-30 14:41:19,62,18248f005b7493422ea25abcce7179b6d01446ebce2f14824bfbdbbe7f402bb9
2024-09-30 14:41:19,62,18248f005b7493422ea25abcce7179b6d01446ebce2f14824bfbdbbe7f402bb9
2024-09-30 14:41:20,62,18248f005b7493422ea25abcce7179b6d01446ebce2f14824bfbdbbe7f402bb9
2024-09-30 14:41:31,62,0da0408cf172cf652980c296e04f6da88b4cd082b95640e05b763cd9c6b21fa6
2024-09-30 14:41:31,62,0da0408cf172cf652980c296e04f6da88b4cd082b95640e05b763cd9c6b21fa6
2024-09-30 14:41:31,62,0da0408cf172cf652980c296e04f6da88b4cd082b95640e05b763cd9c6b21fa6
2024-09-30 14:41:31,62,0da0408cf172cf652980c296e04f6da88b4cd082b95640e05b763cd9c6b21fa6
2024-09-30 14:41:31,62,0da0408cf172cf652980c296e04f6da88b4cd082b95640e05b763cd9c6b21fa6
2024-09-30 14:41:31,62,0da0408cf172cf652980c296e04f6da88b4cd082b95640e05b763cd9c6b21fa6
2024-09-30 14:41:31,62,0da0408cf172cf652980c296e04f6da88b4cd082b95640e05b763cd9c6b21fa6
2024-09-30 14:41:31,62,0da0408cf172cf652980c296e04f6da88b4cd082b95640e05b763cd9c6b21fa6
2024-09-30 14:41:33,62,18248f005b7493422ea25abcce7179b6d01446ebce2f14824bfbdbbe7f402bb9
2024-09-30 14:41:33,62,18248f005b7493422ea25abcce7179b6d01446ebce2f14824bfbdbbe7f402bb9
2024-09-30 14:41:33,62,18248f005b7493422ea25abcce7179b6d01446ebce2f14824bfbdbbe7f402bb9
2024-09-30 14:41:33,62,18248f005b7493422ea25abcce7179b6d01446ebce2f14824bfbdbbe7f402bb9
2024-09-30 14:41:33,62,18248f005b7493422ea25abcce7179b6d01446ebce2f14824bfbdbbe7f402bb9
2024-09-30 14:41:33,62,18248f005b7493422ea25abcce7179b6d01446ebce2f14824bfbdbbe7f402bb9
2024-09-30 14:41:34,62,18248f005b7493422ea25abcce7179b6d01446ebce2f14824bfbdbbe7f402bb9
2024-09-30 14:42:10,62,1afe1637b9f98883a0da64167b0f98da338c239c2ef656fc3ef95d01e9fa38ce
2024-09-30 14:42:18,62,18248f005b7493422ea25abcce7179b6d01446ebce2f14824bfbdbbe7f402bb9
2024-09-30 14:42:18,62,18248f005b7493422ea25abcce7179b6d01446ebce2f14824bfbdbbe7f402bb9
2024-09-30 14:42:18,62,18248f005b7493422ea25abcce7179b6d01446ebce2f14824bfbdbbe7f402bb9
2024-09-30 14:42:18,62,18248f005b7493422ea25abcce7179b6d01446ebce2f14824bfbdbbe7f402bb9
2024-09-30 14:42:18,62,18248f005b7493422ea25abcce7179b6d01446ebce2f14824bfbdbbe7f402bb9
2024-09-30 14:42:22,62,1afe1637b9f98883a0da64167b0f98da338c239c2ef656fc3ef95d01e9fa38ce
2024-09-30 14:42:22,62,1afe1637b9f98883a0da64167b0f98da338c239c2ef656fc3ef95d01e9fa38ce
2024-09-30 14:42:27,62,18248f005b7493422ea25abcce7179b6d01446ebce2f14824bfbdbbe7f402bb9
2024-09-30 14:42:27,62,18248f005b7493422ea25abcce7179b6d01446ebce2f14824bfbdbbe7f402bb9
2024-09-30 14:42:31,62,18248f005b7493422ea25abcce7179b6d01446ebce2f14824bfbdbbe7f402bb9
2024-09-30 14:42:31,62,18248f005b7493422ea25abcce7179b6d01446ebce2f14824bfbdbbe7f402bb9
2024-09-30 14:42:38,62,18248f005b7493422ea25abcce7179b6d01446ebce2f14824bfbdbbe7f402bb9
2024-09-30 14:42:38,62,18248f005b7493422ea25abcce7179b6d01446ebce2f14824bfbdbbe7f402bb9
2024-09-30 14:42:45,62,18248f005b7493422ea25abcce7179b6d01446ebce2f14824bfbdbbe7f402bb9
2024-09-30 14:42:47,62,18248f005b7493422ea25abcce7179b6d01446ebce2f14824bfbdbbe7f402bb9
2024-09-30 14:42:47,62,18248f005b7493422ea25abcce7179b6d01446ebce2f14824bfbdbbe7f402bb9
2024-09-30 14:42:47,62,18248f005b7493422ea25abcce7179b6d01446ebce2f14824bfbdbbe7f402bb9
2024-09-30 14:42:48,62,18248f005b7493422ea25abcce7179b6d01446ebce2f14824bfbdbbe7f402bb9
2024-09-30 14:42:48,62,18248f005b7493422ea25abcce7179b6d01446ebce2f14824bfbdbbe7f402bb9
2024-09-30 14:42:50,62,18248f005b7493422ea25abcce7179b6d01446ebce2f14824bfbdbbe7f402bb9
2024-09-30 14:42:54,62,18248f005b7493422ea25abcce7179b6d01446ebce2f14824bfbdbbe7f402bb9
2024-09-30 14:42:57,62,18248f005b7493422ea25abcce7179b6d01446ebce2f14824bfbdbbe7f402bb9
2024-09-30 14:42:57,62,18248f005b7493422ea25abcce7179b6d01446ebce2f14824bfbdbbe7f402bb9
2024-09-30 14:43:16,62,18248f005b7493422ea25abcce7179b6d01446ebce2f14824bfbdbbe7f402bb9
2024-09-30 14:43:16,62,18248f005b7493422ea25abcce7179b6d01446ebce2f14824bfbdbbe7f402bb9
2024-09-30 14:43:16,62,18248f005b7493422ea25abcce7179b6d01446ebce2f14824bfbdbbe7f402bb9
2024-09-30 14:43:16,62,18248f005b7493422ea25abcce7179b6d01446ebce2f14824bfbdbbe7f402bb9
2024-09-30 14:43:16,62,18248f005b7493422ea25abcce7179b6d01446ebce2f14824bfbdbbe7f402bb9
2024-09-30 14:43:17,62,18248f005b7493422ea25abcce7179b6d01446ebce2f14824bfbdbbe7f402bb9
2024-09-30 14:43:17,62,18248f005b7493422ea25abcce7179b6d01446ebce2f14824bfbdbbe7f402bb9
2024-09-30 14:43:23,62,3901688d33322be8e6e95730a2d46b3b729d303d6507bd4ac75095ad5a7df8e8
2024-09-30 14:43:23,62,18248f005b7493422ea25abcce7179b6d01446ebce2f14824bfbdbbe7f402bb9
2024-09-30 14:43:23,62,18248f005b7493422ea25abcce7179b6d01446ebce2f14824bfbdbbe7f402bb9
2024-09-30 14:43:23,62,01fbae127e8db09da74812bde292eb77d2a68a7897a5571bb7c33ad12264102a
2024-09-30 14:43:23,62,01fbae127e8db09da74812bde292eb77d2a68a7897a5571bb7c33ad12264102a
2024-09-30 14:43:23,62,01fbae127e8db09da74812bde292eb77d2a68a7897a5571bb7c33ad12264102a
2024-09-30 14:43:23,62,01fbae127e8db09da74812bde292eb77d2a68a7897a5571bb7c33ad12264102a
2024-09-30 14:43:23,62,01fbae127e8db09da74812bde292eb77d2a68a7897a5571bb7c33ad12264102a
2024-09-30 14:43:23,62,01fbae127e8db09da74812bde292eb77d2a68a7897a5571bb7c33ad12264102a
2024-09-30 14:43:25,62,18248f005b7493422ea25abcce7179b6d01446ebce2f14824bfbdbbe7f402bb9
2024-09-30 14:43:27,62,b259ad7b374273c26bec3567023bb3cef7a54a76409fb3688a4ef5ae3e07d4ba
2024-09-30 14:43:32,62,0da0408cf172cf652980c296e04f6da88b4cd082b95640e05b763cd9c6b21fa6
2024-09-30 14:43:32,62,0da0408cf172cf652980c296e04f6da88b4cd082b95640e05b763cd9c6b21fa6
2024-09-30 14:43:32,62,0da0408cf172cf652980c296e04f6da88b4cd082b95640e05b763cd9c6b21fa6
2024-09-30 14:43:32,62,0da0408cf172cf652980c296e04f6da88b4cd082b95640e05b763cd9c6b21fa6
2024-09-30 14:43:34,62,01fbae127e8db09da74812bde292eb77d2a68a7897a5571bb7c33ad12264102a
2024-09-30 14:43:34,62,01fbae127e8db09da74812bde292eb77d2a68a7897a5571bb7c33ad12264102a
2024-09-30 14:43:39,62,f214df8686dde5873f6737cdf93909d29f9b61e55a05fd900714072e85e7e2d9
2024-09-30 14:43:39,62,f214df8686dde5873f6737cdf93909d29f9b61e55a05fd900714072e85e7e2d9
2024-09-30 14:43:39,62,f214df8686dde5873f6737cdf93909d29f9b61e55a05fd900714072e85e7e2d9
2024-09-30 14:43:43,62,18248f005b7493422ea25abcce7179b6d01446ebce2f14824bfbdbbe7f402bb9
2024-09-30 14:43:44,62,18248f005b7493422ea25abcce7179b6d01446ebce2f14824bfbdbbe7f402bb9
2024-09-30 14:44:00,62,18248f005b7493422ea25abcce7179b6d01446ebce2f14824bfbdbbe7f402bb9
2024-09-30 14:44:01,62,18248f005b7493422ea25abcce7179b6d01446ebce2f14824bfbdbbe7f402bb9
2024-09-30 14:44:07,62,3901688d33322be8e6e95730a2d46b3b729d303d6507bd4ac75095ad5a7df8e8
2024-09-30 14:44:09,62,18248f005b7493422ea25abcce7179b6d01446ebce2f14824bfbdbbe7f402bb9
2024-09-30 14:44:09,62,18248f005b7493422ea25abcce7179b6d01446ebce2f14824bfbdbbe7f402bb9
2024-09-30 14:44:09,62,18248f005b7493422ea25abcce7179b6d01446ebce2f14824bfbdbbe7f402bb9
2024-09-30 14:44:10,62,18248f005b7493422ea25abcce7179b6d01446ebce2f14824bfbdbbe7f402bb9
2024-09-30 14:44:10,62,18248f005b7493422ea25abcce7179b6d01446ebce2f14824bfbdbbe7f402bb9
2024-09-30 14:44:11,62,18248f005b7493422ea25abcce7179b6d01446ebce2f14824bfbdbbe7f402bb9
2024-09-30 14:44:11,62,18248f005b7493422ea25abcce7179b6d01446ebce2f14824bfbdbbe7f402bb9
2024-09-30 14:44:11,62,b259ad7b374273c26bec3567023bb3cef7a54a76409fb3688a4ef5ae3e07d4ba
2024-09-30 14:44:17,62,18248f005b7493422ea25abcce7179b6d01446ebce2f14824bfbdbbe7f402bb9
2024-09-30 14:44:19,62,18248f005b7493422ea25abcce7179b6d01446ebce2f14824bfbdbbe7f402bb9
2024-09-30 14:44:20,62,18248f005b7493422ea25abcce7179b6d01446ebce2f14824bfbdbbe7f402bb9
2024-09-30 14:44:20,62,18248f005b7493422ea25abcce7179b6d01446ebce2f14824bfbdbbe7f402bb9
2024-09-30 14:44:20,62,18248f005b7493422ea25abcce7179b6d01446ebce2f14824bfbdbbe7f402bb9
2024-09-30 14:44:20,62,18248f005b7493422ea25abcce7179b6d01446ebce2f14824bfbdbbe7f402bb9
2024-09-30 14:44:20,62,18248f005b7493422ea25abcce7179b6d01446ebce2f14824bfbdbbe7f402bb9
2024-09-30 14:44:20,62,18248f005b7493422ea25abcce7179b6d01446ebce2f14824bfbdbbe7f402bb9
2024-09-30 14:44:23,62,18248f005b7493422ea25abcce7179b6d01446ebce2f14824bfbdbbe7f402bb9
2024-09-30 14:44:23,62,18248f005b7493422ea25abcce7179b6d01446ebce2f14824bfbdbbe7f402bb9
2024-09-30 14:44:24,62,18248f005b7493422ea25abcce7179b6d01446ebce2f14824bfbdbbe7f402bb9
2024-09-30 14:44:28,62,18248f005b7493422ea25abcce7179b6d01446ebce2f14824bfbdbbe7f402bb9
2024-09-30 14:44:28,62,18248f005b7493422ea25abcce7179b6d01446ebce2f14824bfbdbbe7f402bb9
2024-09-30 14:44:32,62,18248f005b7493422ea25abcce7179b6d01446ebce2f14824bfbdbbe7f402bb9
2024-09-30 14:44:33,62,18248f005b7493422ea25abcce7179b6d01446ebce2f14824bfbdbbe7f402bb9
2024-09-30 14:44:37,62,3901688d33322be8e6e95730a2d46b3b729d303d6507bd4ac75095ad5a7df8e8
2024-09-30 14:44:40,62,18248f005b7493422ea25abcce7179b6d01446ebce2f14824bfbdbbe7f402bb9
2024-09-30 14:44:42,62,18248f005b7493422ea25abcce7179b6d01446ebce2f14824bfbdbbe7f402bb9
2024-09-30 14:44:42,62,18248f005b7493422ea25abcce7179b6d01446ebce2f14824bfbdbbe7f402bb9
2024-09-30 14:44:43,62,18248f005b7493422ea25abcce7179b6d01446ebce2f14824bfbdbbe7f402bb9
2024-09-30 14:44:43,62,18248f005b7493422ea25abcce7179b6d01446ebce2f14824bfbdbbe7f402bb9
2024-09-30 14:44:47,62,18248f005b7493422ea25abcce7179b6d01446ebce2f14824bfbdbbe7f402bb9
2024-09-30 14:44:47,62,18248f005b7493422ea25abcce7179b6d01446ebce2f14824bfbdbbe7f402bb9
2024-09-30 14:44:47,62,18248f005b7493422ea25abcce7179b6d01446ebce2f14824bfbdbbe7f402bb9
2024-09-30 14:44:53,62,18248f005b7493422ea25abcce7179b6d01446ebce2f14824bfbdbbe7f402bb9
2024-09-30 14:44:53,62,18248f005b7493422ea25abcce7179b6d01446ebce2f14824bfbdbbe7f402bb9
2024-09-30 14:44:56,62,18248f005b7493422ea25abcce7179b6d01446ebce2f14824bfbdbbe7f402bb9
2024-09-30 14:44:56,62,18248f005b7493422ea25abcce7179b6d01446ebce2f14824bfbdbbe7f402bb9
2024-09-30 14:44:57,62,18248f005b7493422ea25abcce7179b6d01446ebce2f14824bfbdbbe7f402bb9
2024-09-30 14:44:57,62,18248f005b7493422ea25abcce7179b6d01446ebce2f14824bfbdbbe7f402bb9
2024-09-30 14:44:57,62,18248f005b7493422ea25abcce7179b6d01446ebce2f14824bfbdbbe7f402bb9
2024-09-30 14:44:57,62,18248f005b7493422ea25abcce7179b6d01446ebce2f14824bfbdbbe7f402bb9
2024-09-30 14:44:58,62,18248f005b7493422ea25abcce7179b6d01446ebce2f14824bfbdbbe7f402bb9
2024-09-30 14:44:58,62,18248f005b7493422ea25abcce7179b6d01446ebce2f14824bfbdbbe7f402bb9
2024-09-30 14:45:00,62,ac6bdf2d5686dae420b8fa528fcc9b72514a3cbbdca201fadac306c2091d9b0c
2024-09-30 14:45:00,62,ac6bdf2d5686dae420b8fa528fcc9b72514a3cbbdca201fadac306c2091d9b0c
2024-09-30 14:45:00,62,ac6bdf2d5686dae420b8fa528fcc9b72514a3cbbdca201fadac306c2091d9b0c
2024-09-30 14:45:00,62,ac6bdf2d5686dae420b8fa528fcc9b72514a3cbbdca201fadac306c2091d9b0c
2024-09-30 14:45:01,62,18248f005b7493422ea25abcce7179b6d01446ebce2f14824bfbdbbe7f402bb9
2024-09-30 14:45:11,62,a68467b42cffcbb7fbae081a623443ef4bd3760bab34f23ab270b79384072bc6
2024-09-30 14:45:15,62,18248f005b7493422ea25abcce7179b6d01446ebce2f14824bfbdbbe7f402bb9
2024-09-30 14:45:20,62,18248f005b7493422ea25abcce7179b6d01446ebce2f14824bfbdbbe7f402bb9
2024-09-30 14:45:20,62,18248f005b7493422ea25abcce7179b6d01446ebce2f14824bfbdbbe7f402bb9
2024-09-30 14:45:20,62,18248f005b7493422ea25abcce7179b6d01446ebce2f14824bfbdbbe7f402bb9
2024-09-30 14:45:20,62,18248f005b7493422ea25abcce7179b6d01446ebce2f14824bfbdbbe7f402bb9
2024-09-30 14:45:33,62,18248f005b7493422ea25abcce7179b6d01446ebce2f14824bfbdbbe7f402bb9
2024-09-30 14:45:33,62,18248f005b7493422ea25abcce7179b6d01446ebce2f14824bfbdbbe7f402bb9
2024-09-30 14:45:38,62,18248f005b7493422ea25abcce7179b6d01446ebce2f14824bfbdbbe7f402bb9
2024-09-30 14:45:42,62,18248f005b7493422ea25abcce7179b6d01446ebce2f14824bfbdbbe7f402bb9
2024-09-30 14:45:42,62,18248f005b7493422ea25abcce7179b6d01446ebce2f14824bfbdbbe7f402bb9
2024-09-30 14:45:43,62,18248f005b7493422ea25abcce7179b6d01446ebce2f14824bfbdbbe7f402bb9
2024-09-30 14:45:45,62,18248f005b7493422ea25abcce7179b6d01446ebce2f14824bfbdbbe7f402bb9
2024-09-30 14:45:45,62,18248f005b7493422ea25abcce7179b6d01446ebce2f14824bfbdbbe7f402bb9
2024-09-30 14:45:46,62,18248f005b7493422ea25abcce7179b6d01446ebce2f14824bfbdbbe7f402bb9
2024-09-30 14:45:46,62,18248f005b7493422ea25abcce7179b6d01446ebce2f14824bfbdbbe7f402bb9
2024-09-30 14:45:47,62,01fbae127e8db09da74812bde292eb77d2a68a7897a5571bb7c33ad12264102a
2024-09-30 14:45:47,62,01fbae127e8db09da74812bde292eb77d2a68a7897a5571bb7c33ad12264102a
2024-09-30 14:45:47,62,01fbae127e8db09da74812bde292eb77d2a68a7897a5571bb7c33ad12264102a
2024-09-30 14:45:48,62,01fbae127e8db09da74812bde292eb77d2a68a7897a5571bb7c33ad12264102a
2024-09-30 14:45:53,62,18248f005b7493422ea25abcce7179b6d01446ebce2f14824bfbdbbe7f402bb9
2024-09-30 14:45:53,62,18248f005b7493422ea25abcce7179b6d01446ebce2f14824bfbdbbe7f402bb9
2024-09-30 14:45:53,62,18248f005b7493422ea25abcce7179b6d01446ebce2f14824bfbdbbe7f402bb9
2024-09-30 14:45:53,62,18248f005b7493422ea25abcce7179b6d01446ebce2f14824bfbdbbe7f402bb9
2024-09-30 14:45:56,62,18248f005b7493422ea25abcce7179b6d01446ebce2f14824bfbdbbe7f402bb9
2024-09-30 14:45:56,62,18248f005b7493422ea25abcce7179b6d01446ebce2f14824bfbdbbe7f402bb9
2024-09-30 14:46:10,62,18248f005b7493422ea25abcce7179b6d01446ebce2f14824bfbdbbe7f402bb9
2024-09-30 14:46:13,62,18248f005b7493422ea25abcce7179b6d01446ebce2f14824bfbdbbe7f402bb9
2024-09-30 14:46:13,62,18248f005b7493422ea25abcce7179b6d01446ebce2f14824bfbdbbe7f402bb9
2024-09-30 14:46:17,62,18248f005b7493422ea25abcce7179b6d01446ebce2f14824bfbdbbe7f402bb9
2024-09-30 14:46:19,62,f214df8686dde5873f6737cdf93909d29f9b61e55a05fd900714072e85e7e2d9
2024-09-30 14:46:19,62,f214df8686dde5873f6737cdf93909d29f9b61e55a05fd900714072e85e7e2d9
2024-09-30 14:46:19,62,f214df8686dde5873f6737cdf93909d29f9b61e55a05fd900714072e85e7e2d9
2024-09-30 14:46:23,62,18248f005b7493422ea25abcce7179b6d01446ebce2f14824bfbdbbe7f402bb9
2024-09-30 14:46:24,62,18248f005b7493422ea25abcce7179b6d01446ebce2f14824bfbdbbe7f402bb9
2024-09-30 14:46:30,62,18248f005b7493422ea25abcce7179b6d01446ebce2f14824bfbdbbe7f402bb9
2024-09-30 14:46:30,62,18248f005b7493422ea25abcce7179b6d01446ebce2f14824bfbdbbe7f402bb9
2024-09-30 14:46:32,62,18248f005b7493422ea25abcce7179b6d01446ebce2f14824bfbdbbe7f402bb9
2024-09-30 14:46:32,62,18248f005b7493422ea25abcce7179b6d01446ebce2f14824bfbdbbe7f402bb9
2024-09-30 14:46:32,62,18248f005b7493422ea25abcce7179b6d01446ebce2f14824bfbdbbe7f402bb9
2024-09-30 14:46:32,62,18248f005b7493422ea25abcce7179b6d01446ebce2f14824bfbdbbe7f402bb9
2024-09-30 14:46:33,62,18248f005b7493422ea25abcce7179b6d01446ebce2f14824bfbdbbe7f402bb9
2024-09-30 14:46:46,62,18248f005b7493422ea25abcce7179b6d01446ebce2f14824bfbdbbe7f402bb9
2024-09-30 14:46:47,62,18248f005b7493422ea25abcce7179b6d01446ebce2f14824bfbdbbe7f402bb9
2024-09-30 14:46:47,62,18248f005b7493422ea25abcce7179b6d01446ebce2f14824bfbdbbe7f402bb9
2024-09-30 14:47:01,62,18248f005b7493422ea25abcce7179b6d01446ebce2f14824bfbdbbe7f402bb9
2024-09-30 14:47:01,62,18248f005b7493422ea25abcce7179b6d01446ebce2f14824bfbdbbe7f402bb9
2024-09-30 14:47:04,62,18248f005b7493422ea25abcce7179b6d01446ebce2f14824bfbdbbe7f402bb9
2024-09-30 14:47:04,62,18248f005b7493422ea25abcce7179b6d01446ebce2f14824bfbdbbe7f402bb9
2024-09-30 14:47:05,62,18248f005b7493422ea25abcce7179b6d01446ebce2f14824bfbdbbe7f402bb9
2024-09-30 14:47:06,62,18248f005b7493422ea25abcce7179b6d01446ebce2f14824bfbdbbe7f402bb9
2024-09-30 14:47:06,62,18248f005b7493422ea25abcce7179b6d01446ebce2f14824bfbdbbe7f402bb9
2024-09-30 14:47:06,62,18248f005b7493422ea25abcce7179b6d01446ebce2f14824bfbdbbe7f402bb9
2024-09-30 14:47:06,62,18248f005b7493422ea25abcce7179b6d01446ebce2f14824bfbdbbe7f402bb9
2024-09-30 14:47:06,62,18248f005b7493422ea25abcce7179b6d01446ebce2f14824bfbdbbe7f402bb9
2024-09-30 14:47:06,62,18248f005b7493422ea25abcce7179b6d01446ebce2f14824bfbdbbe7f402bb9
2024-09-30 14:47:06,62,18248f005b7493422ea25abcce7179b6d01446ebce2f14824bfbdbbe7f402bb9
2024-09-30 14:47:21,62,18248f005b7493422ea25abcce7179b6d01446ebce2f14824bfbdbbe7f402bb9
2024-09-30 14:47:23,62,18248f005b7493422ea25abcce7179b6d01446ebce2f14824bfbdbbe7f402bb9
2024-09-30 14:47:37,62,01fbae127e8db09da74812bde292eb77d2a68a7897a5571bb7c33ad12264102a
2024-09-30 14:47:37,62,01fbae127e8db09da74812bde292eb77d2a68a7897a5571bb7c33ad12264102a
2024-09-30 14:47:37,62,01fbae127e8db09da74812bde292eb77d2a68a7897a5571bb7c33ad12264102a
2024-09-30 14:47:37,62,01fbae127e8db09da74812bde292eb77d2a68a7897a5571bb7c33ad12264102a
2024-09-30 14:47:37,62,01fbae127e8db09da74812bde292eb77d2a68a7897a5571bb7c33ad12264102a
2024-09-30 14:47:37,62,18248f005b7493422ea25abcce7179b6d01446ebce2f14824bfbdbbe7f402bb9
2024-09-30 14:47:40,62,18248f005b7493422ea25abcce7179b6d01446ebce2f14824bfbdbbe7f402bb9
2024-09-30 14:47:40,62,18248f005b7493422ea25abcce7179b6d01446ebce2f14824bfbdbbe7f402bb9
2024-09-30 14:47:41,62,c81372ca9529ddeb87790ff76f6745ec6870bc09bcdd705d8da7bfde78aed086
2024-09-30 14:47:41,62,c81372ca9529ddeb87790ff76f6745ec6870bc09bcdd705d8da7bfde78aed086
2024-09-30 14:47:41,62,c81372ca9529ddeb87790ff76f6745ec6870bc09bcdd705d8da7bfde78aed086
2024-09-30 14:47:41,62,c81372ca9529ddeb87790ff76f6745ec6870bc09bcdd705d8da7bfde78aed086
2024-09-30 14:47:41,62,c81372ca9529ddeb87790ff76f6745ec6870bc09bcdd705d8da7bfde78aed086
2024-09-30 14:47:41,62,c81372ca9529ddeb87790ff76f6745ec6870bc09bcdd705d8da7bfde78aed086
2024-09-30 14:47:41,62,c81372ca9529ddeb87790ff76f6745ec6870bc09bcdd705d8da7bfde78aed086
2024-09-30 14:47:41,62,c81372ca9529ddeb87790ff76f6745ec6870bc09bcdd705d8da7bfde78aed086
2024-09-30 14:47:42,62,18248f005b7493422ea25abcce7179b6d01446ebce2f14824bfbdbbe7f402bb9
2024-09-30 14:47:42,62,01fbae127e8db09da74812bde292eb77d2a68a7897a5571bb7c33ad12264102a
2024-09-30 14:47:42,62,01fbae127e8db09da74812bde292eb77d2a68a7897a5571bb7c33ad12264102a
2024-09-30 14:47:51,62,01fbae127e8db09da74812bde292eb77d2a68a7897a5571bb7c33ad12264102a
2024-09-30 14:47:52,62,01fbae127e8db09da74812bde292eb77d2a68a7897a5571bb7c33ad12264102a
2024-09-30 14:47:52,62,18248f005b7493422ea25abcce7179b6d01446ebce2f14824bfbdbbe7f402bb9
2024-09-30 14:47:52,62,18248f005b7493422ea25abcce7179b6d01446ebce2f14824bfbdbbe7f402bb9
2024-09-30 14:47:52,62,18248f005b7493422ea25abcce7179b6d01446ebce2f14824bfbdbbe7f402bb9
2024-09-30 14:47:52,62,18248f005b7493422ea25abcce7179b6d01446ebce2f14824bfbdbbe7f402bb9
2024-09-30 14:47:52,62,18248f005b7493422ea25abcce7179b6d01446ebce2f14824bfbdbbe7f402bb9
2024-09-30 14:47:56,62,01fbae127e8db09da74812bde292eb77d2a68a7897a5571bb7c33ad12264102a
2024-09-30 14:47:56,62,01fbae127e8db09da74812bde292eb77d2a68a7897a5571bb7c33ad12264102a
2024-09-30 14:48:01,62,18248f005b7493422ea25abcce7179b6d01446ebce2f14824bfbdbbe7f402bb9
2024-09-30 14:48:09,62,01fbae127e8db09da74812bde292eb77d2a68a7897a5571bb7c33ad12264102a
2024-09-30 14:48:09,62,01fbae127e8db09da74812bde292eb77d2a68a7897a5571bb7c33ad12264102a
2024-09-30 14:48:09,62,01fbae127e8db09da74812bde292eb77d2a68a7897a5571bb7c33ad12264102a
2024-09-30 14:48:09,62,01fbae127e8db09da74812bde292eb77d2a68a7897a5571bb7c33ad12264102a
2024-09-30 14:48:09,62,01fbae127e8db09da74812bde292eb77d2a68a7897a5571bb7c33ad12264102a
2024-09-30 14:48:09,62,01fbae127e8db09da74812bde292eb77d2a68a7897a5571bb7c33ad12264102a
2024-09-30 14:48:09,62,01fbae127e8db09da74812bde292eb77d2a68a7897a5571bb7c33ad12264102a
2024-09-30 14:48:10,62,18248f005b7493422ea25abcce7179b6d01446ebce2f14824bfbdbbe7f402bb9
2024-09-30 14:48:10,62,18248f005b7493422ea25abcce7179b6d01446ebce2f14824bfbdbbe7f402bb9
2024-09-30 14:48:11,62,18248f005b7493422ea25abcce7179b6d01446ebce2f14824bfbdbbe7f402bb9
2024-09-30 14:48:11,62,18248f005b7493422ea25abcce7179b6d01446ebce2f14824bfbdbbe7f402bb9
2024-09-30 14:48:11,62,18248f005b7493422ea25abcce7179b6d01446ebce2f14824bfbdbbe7f402bb9
2024-09-30 14:48:11,62,18248f005b7493422ea25abcce7179b6d01446ebce2f14824bfbdbbe7f402bb9
2024-09-30 14:48:11,62,18248f005b7493422ea25abcce7179b6d01446ebce2f14824bfbdbbe7f402bb9
2024-09-30 14:48:29,62,18248f005b7493422ea25abcce7179b6d01446ebce2f14824bfbdbbe7f402bb9
2024-09-30 14:48:36,62,01fbae127e8db09da74812bde292eb77d2a68a7897a5571bb7c33ad12264102a
2024-09-30 14:48:36,62,01fbae127e8db09da74812bde292eb77d2a68a7897a5571bb7c33ad12264102a
2024-09-30 14:48:41,62,c81372ca9529ddeb87790ff76f6745ec6870bc09bcdd705d8da7bfde78aed086
2024-09-30 14:48:41,62,c81372ca9529ddeb87790ff76f6745ec6870bc09bcdd705d8da7bfde78aed086
2024-09-30 14:48:41,62,c81372ca9529ddeb87790ff76f6745ec6870bc09bcdd705d8da7bfde78aed086
2024-09-30 14:48:41,62,c81372ca9529ddeb87790ff76f6745ec6870bc09bcdd705d8da7bfde78aed086
2024-09-30 14:48:41,62,c81372ca9529ddeb87790ff76f6745ec6870bc09bcdd705d8da7bfde78aed086
2024-09-30 14:48:41,62,c81372ca9529ddeb87790ff76f6745ec6870bc09bcdd705d8da7bfde78aed086
2024-09-30 14:48:41,62,c81372ca9529ddeb87790ff76f6745ec6870bc09bcdd705d8da7bfde78aed086
2024-09-30 14:48:46,62,18248f005b7493422ea25abcce7179b6d01446ebce2f14824bfbdbbe7f402bb9
2024-09-30 14:48:46,62,18248f005b7493422ea25abcce7179b6d01446ebce2f14824bfbdbbe7f402bb9
2024-09-30 14:48:47,62,18248f005b7493422ea25abcce7179b6d01446ebce2f14824bfbdbbe7f402bb9
2024-09-30 14:48:47,62,18248f005b7493422ea25abcce7179b6d01446ebce2f14824bfbdbbe7f402bb9
2024-09-30 14:48:47,62,18248f005b7493422ea25abcce7179b6d01446ebce2f14824bfbdbbe7f402bb9
2024-09-30 14:48:58,62,f214df8686dde5873f6737cdf93909d29f9b61e55a05fd900714072e85e7e2d9
2024-09-30 14:48:59,62,f214df8686dde5873f6737cdf93909d29f9b61e55a05fd900714072e85e7e2d9
2024-09-30 14:48:59,62,f214df8686dde5873f6737cdf93909d29f9b61e55a05fd900714072e85e7e2d9
2024-09-30 14:49:00,62,18248f005b7493422ea25abcce7179b6d01446ebce2f14824bfbdbbe7f402bb9
2024-09-30 14:49:02,62,18248f005b7493422ea25abcce7179b6d01446ebce2f14824bfbdbbe7f402bb9
2024-09-30 14:49:02,62,18248f005b7493422ea25abcce7179b6d01446ebce2f14824bfbdbbe7f402bb9
2024-09-30 14:49:02,62,18248f005b7493422ea25abcce7179b6d01446ebce2f14824bfbdbbe7f402bb9
2024-09-30 14:49:23,62,18248f005b7493422ea25abcce7179b6d01446ebce2f14824bfbdbbe7f402bb9
2024-09-30 14:49:23,62,18248f005b7493422ea25abcce7179b6d01446ebce2f14824bfbdbbe7f402bb9
2024-09-30 14:49:24,62,18248f005b7493422ea25abcce7179b6d01446ebce2f14824bfbdbbe7f402bb9
2024-09-30 14:49:24,62,18248f005b7493422ea25abcce7179b6d01446ebce2f14824bfbdbbe7f402bb9
2024-09-30 14:49:25,62,18248f005b7493422ea25abcce7179b6d01446ebce2f14824bfbdbbe7f402bb9
2024-09-30 14:49:25,62,18248f005b7493422ea25abcce7179b6d01446ebce2f14824bfbdbbe7f402bb9
2024-09-30 14:49:29,62,18248f005b7493422ea25abcce7179b6d01446ebce2f14824bfbdbbe7f402bb9
2024-09-30 14:49:29,62,18248f005b7493422ea25abcce7179b6d01446ebce2f14824bfbdbbe7f402bb9
2024-09-30 14:49:29,62,18248f005b7493422ea25abcce7179b6d01446ebce2f14824bfbdbbe7f402bb9
2024-09-30 14:49:29,62,18248f005b7493422ea25abcce7179b6d01446ebce2f14824bfbdbbe7f402bb9
2024-09-30 14:49:29,62,18248f005b7493422ea25abcce7179b6d01446ebce2f14824bfbdbbe7f402bb9
2024-09-30 14:49:29,62,18248f005b7493422ea25abcce7179b6d01446ebce2f14824bfbdbbe7f402bb9
2024-09-30 14:49:29,62,18248f005b7493422ea25abcce7179b6d01446ebce2f14824bfbdbbe7f402bb9
2024-09-30 14:49:29,62,18248f005b7493422ea25abcce7179b6d01446ebce2f14824bfbdbbe7f402bb9
2024-09-30 14:49:29,62,18248f005b7493422ea25abcce7179b6d01446ebce2f14824bfbdbbe7f402bb9
2024-09-30 14:49:31,62,18248f005b7493422ea25abcce7179b6d01446ebce2f14824bfbdbbe7f402bb9
2024-09-30 14:49:31,62,18248f005b7493422ea25abcce7179b6d01446ebce2f14824bfbdbbe7f402bb9
2024-09-30 14:49:32,62,18248f005b7493422ea25abcce7179b6d01446ebce2f14824bfbdbbe7f402bb9
2024-09-30 14:49:39,62,18248f005b7493422ea25abcce7179b6d01446ebce2f14824bfbdbbe7f402bb9
2024-09-30 14:49:39,62,18248f005b7493422ea25abcce7179b6d01446ebce2f14824bfbdbbe7f402bb9
2024-09-30 14:49:41,62,c81372ca9529ddeb87790ff76f6745ec6870bc09bcdd705d8da7bfde78aed086
2024-09-30 14:49:41,62,c81372ca9529ddeb87790ff76f6745ec6870bc09bcdd705d8da7bfde78aed086
2024-09-30 14:49:41,62,c81372ca9529ddeb87790ff76f6745ec6870bc09bcdd705d8da7bfde78aed086
2024-09-30 14:49:41,62,c81372ca9529ddeb87790ff76f6745ec6870bc09bcdd705d8da7bfde78aed086
2024-09-30 14:49:41,62,c81372ca9529ddeb87790ff76f6745ec6870bc09bcdd705d8da7bfde78aed086
2024-09-30 14:49:41,62,c81372ca9529ddeb87790ff76f6745ec6870bc09bcdd705d8da7bfde78aed086
2024-09-30 14:49:41,62,c81372ca9529ddeb87790ff76f6745ec6870bc09bcdd705d8da7bfde78aed086
2024-09-30 14:49:41,62,c81372ca9529ddeb87790ff76f6745ec6870bc09bcdd705d8da7bfde78aed086
2024-09-30 14:49:48,62,18248f005b7493422ea25abcce7179b6d01446ebce2f14824bfbdbbe7f402bb9
2024-09-30 14:49:49,62,a68467b42cffcbb7fbae081a623443ef4bd3760bab34f23ab270b79384072bc6
2024-09-30 14:49:49,62,a68467b42cffcbb7fbae081a623443ef4bd3760bab34f23ab270b79384072bc6
2024-09-30 14:49:49,62,a68467b42cffcbb7fbae081a623443ef4bd3760bab34f23ab270b79384072bc6
2024-09-30 14:49:49,62,18248f005b7493422ea25abcce7179b6d01446ebce2f14824bfbdbbe7f402bb9
2024-09-30 14:49:49,62,18248f005b7493422ea25abcce7179b6d01446ebce2f14824bfbdbbe7f402bb9
2024-09-30 14:49:50,62,18248f005b7493422ea25abcce7179b6d01446ebce2f14824bfbdbbe7f402bb9
2024-09-30 14:49:50,62,18248f005b7493422ea25abcce7179b6d01446ebce2f14824bfbdbbe7f402bb9
2024-09-30 14:49:55,62,18248f005b7493422ea25abcce7179b6d01446ebce2f14824bfbdbbe7f402bb9
2024-09-30 14:49:55,62,18248f005b7493422ea25abcce7179b6d01446ebce2f14824bfbdbbe7f402bb9
2024-09-30 14:49:55,62,18248f005b7493422ea25abcce7179b6d01446ebce2f14824bfbdbbe7f402bb9
2024-09-30 14:49:55,62,18248f005b7493422ea25abcce7179b6d01446ebce2f14824bfbdbbe7f402bb9
2024-09-30 14:50:09,62,18248f005b7493422ea25abcce7179b6d01446ebce2f14824bfbdbbe7f402bb9
2024-09-30 14:50:09,62,18248f005b7493422ea25abcce7179b6d01446ebce2f14824bfbdbbe7f402bb9
2024-09-30 14:50:10,62,18248f005b7493422ea25abcce7179b6d01446ebce2f14824bfbdbbe7f402bb9
2024-09-30 14:50:10,62,18248f005b7493422ea25abcce7179b6d01446ebce2f14824bfbdbbe7f402bb9
2024-09-30 14:50:10,62,18248f005b7493422ea25abcce7179b6d01446ebce2f14824bfbdbbe7f402bb9
2024-09-30 14:50:10,62,18248f005b7493422ea25abcce7179b6d01446ebce2f14824bfbdbbe7f402bb9
2024-09-30 14:50:16,62,01fbae127e8db09da74812bde292eb77d2a68a7897a5571bb7c33ad12264102a
2024-09-30 14:50:16,62,01fbae127e8db09da74812bde292eb77d2a68a7897a5571bb7c33ad12264102a
2024-09-30 14:50:16,62,01fbae127e8db09da74812bde292eb77d2a68a7897a5571bb7c33ad12264102a
2024-09-30 14:50:16,62,01fbae127e8db09da74812bde292eb77d2a68a7897a5571bb7c33ad12264102a
2024-09-30 14:50:16,62,01fbae127e8db09da74812bde292eb77d2a68a7897a5571bb7c33ad12264102a
2024-09-30 14:50:17,62,01fbae127e8db09da74812bde292eb77d2a68a7897a5571bb7c33ad12264102a
2024-09-30 14:50:21,62,c81372ca9529ddeb87790ff76f6745ec6870bc09bcdd705d8da7bfde78aed086
2024-09-30 14:50:21,62,c81372ca9529ddeb87790ff76f6745ec6870bc09bcdd705d8da7bfde78aed086
2024-09-30 14:50:23,62,18248f005b7493422ea25abcce7179b6d01446ebce2f14824bfbdbbe7f402bb9
2024-09-30 14:50:23,62,18248f005b7493422ea25abcce7179b6d01446ebce2f14824bfbdbbe7f402bb9
2024-09-30 14:50:44,62,18248f005b7493422ea25abcce7179b6d01446ebce2f14824bfbdbbe7f402bb9
2024-09-30 14:50:44,62,18248f005b7493422ea25abcce7179b6d01446ebce2f14824bfbdbbe7f402bb9
2024-09-30 14:50:52,62,18248f005b7493422ea25abcce7179b6d01446ebce2f14824bfbdbbe7f402bb9
2024-09-30 14:50:52,62,18248f005b7493422ea25abcce7179b6d01446ebce2f14824bfbdbbe7f402bb9
2024-09-30 14:50:53,62,18248f005b7493422ea25abcce7179b6d01446ebce2f14824bfbdbbe7f402bb9
2024-09-30 14:51:01,62,c81372ca9529ddeb87790ff76f6745ec6870bc09bcdd705d8da7bfde78aed086
2024-09-30 14:51:01,62,c81372ca9529ddeb87790ff76f6745ec6870bc09bcdd705d8da7bfde78aed086
2024-09-30 14:51:08,62,18248f005b7493422ea25abcce7179b6d01446ebce2f14824bfbdbbe7f402bb9
2024-09-30 14:51:08,62,18248f005b7493422ea25abcce7179b6d01446ebce2f14824bfbdbbe7f402bb9
2024-09-30 14:51:14,62,18248f005b7493422ea25abcce7179b6d01446ebce2f14824bfbdbbe7f402bb9
2024-09-30 14:51:14,62,18248f005b7493422ea25abcce7179b6d01446ebce2f14824bfbdbbe7f402bb9
2024-09-30 14:51:14,62,18248f005b7493422ea25abcce7179b6d01446ebce2f14824bfbdbbe7f402bb9
2024-09-30 14:51:15,62,18248f005b7493422ea25abcce7179b6d01446ebce2f14824bfbdbbe7f402bb9
2024-09-30 14:51:15,62,18248f005b7493422ea25abcce7179b6d01446ebce2f14824bfbdbbe7f402bb9
2024-09-30 14:51:15,62,18248f005b7493422ea25abcce7179b6d01446ebce2f14824bfbdbbe7f402bb9
2024-09-30 14:51:15,62,18248f005b7493422ea25abcce7179b6d01446ebce2f14824bfbdbbe7f402bb9
2024-09-30 14:51:17,62,18248f005b7493422ea25abcce7179b6d01446ebce2f14824bfbdbbe7f402bb9
2024-09-30 14:51:20,62,18248f005b7493422ea25abcce7179b6d01446ebce2f14824bfbdbbe7f402bb9
2024-09-30 14:51:20,62,18248f005b7493422ea25abcce7179b6d01446ebce2f14824bfbdbbe7f402bb9
2024-09-30 14:51:21,62,18248f005b7493422ea25abcce7179b6d01446ebce2f14824bfbdbbe7f402bb9
2024-09-30 14:51:21,62,18248f005b7493422ea25abcce7179b6d01446ebce2f14824bfbdbbe7f402bb9
2024-09-30 14:51:23,62,18248f005b7493422ea25abcce7179b6d01446ebce2f14824bfbdbbe7f402bb9
2024-09-30 14:51:31,62,18248f005b7493422ea25abcce7179b6d01446ebce2f14824bfbdbbe7f402bb9
2024-09-30 14:51:31,62,18248f005b7493422ea25abcce7179b6d01446ebce2f14824bfbdbbe7f402bb9
2024-09-30 14:51:38,62,f214df8686dde5873f6737cdf93909d29f9b61e55a05fd900714072e85e7e2d9
2024-09-30 14:51:38,62,f214df8686dde5873f6737cdf93909d29f9b61e55a05fd900714072e85e7e2d9
2024-09-30 14:51:38,62,f214df8686dde5873f6737cdf93909d29f9b61e55a05fd900714072e85e7e2d9
2024-09-30 14:51:38,62,f214df8686dde5873f6737cdf93909d29f9b61e55a05fd900714072e85e7e2d9
2024-09-30 14:51:38,62,f214df8686dde5873f6737cdf93909d29f9b61e55a05fd900714072e85e7e2d9
2024-09-30 14:51:39,62,f214df8686dde5873f6737cdf93909d29f9b61e55a05fd900714072e85e7e2d9
2024-09-30 14:51:39,62,f214df8686dde5873f6737cdf93909d29f9b61e55a05fd900714072e85e7e2d9
2024-09-30 14:51:45,62,18248f005b7493422ea25abcce7179b6d01446ebce2f14824bfbdbbe7f402bb9
2024-09-30 14:51:54,62,18248f005b7493422ea25abcce7179b6d01446ebce2f14824bfbdbbe7f402bb9
2024-09-30 14:51:54,62,18248f005b7493422ea25abcce7179b6d01446ebce2f14824bfbdbbe7f402bb9
2024-09-30 14:52:07,62,18248f005b7493422ea25abcce7179b6d01446ebce2f14824bfbdbbe7f402bb9
2024-09-30 14:52:07,62,18248f005b7493422ea25abcce7179b6d01446ebce2f14824bfbdbbe7f402bb9
2024-09-30 14:52:07,62,18248f005b7493422ea25abcce7179b6d01446ebce2f14824bfbdbbe7f402bb9
2024-09-30 14:52:08,62,18248f005b7493422ea25abcce7179b6d01446ebce2f14824bfbdbbe7f402bb9
2024-09-30 14:52:22,62,18248f005b7493422ea25abcce7179b6d01446ebce2f14824bfbdbbe7f402bb9
2024-09-30 14:52:22,62,18248f005b7493422ea25abcce7179b6d01446ebce2f14824bfbdbbe7f402bb9
2024-09-30 14:52:22,62,18248f005b7493422ea25abcce7179b6d01446ebce2f14824bfbdbbe7f402bb9
2024-09-30 14:52:22,62,18248f005b7493422ea25abcce7179b6d01446ebce2f14824bfbdbbe7f402bb9
2024-09-30 14:52:22,62,18248f005b7493422ea25abcce7179b6d01446ebce2f14824bfbdbbe7f402bb9
2024-09-30 14:52:29,62,18248f005b7493422ea25abcce7179b6d01446ebce2f14824bfbdbbe7f402bb9
2024-09-30 14:52:29,62,18248f005b7493422ea25abcce7179b6d01446ebce2f14824bfbdbbe7f402bb9
2024-09-30 14:52:37,62,18248f005b7493422ea25abcce7179b6d01446ebce2f14824bfbdbbe7f402bb9
2024-09-30 14:52:41,62,c81372ca9529ddeb87790ff76f6745ec6870bc09bcdd705d8da7bfde78aed086
2024-09-30 14:52:41,62,c81372ca9529ddeb87790ff76f6745ec6870bc09bcdd705d8da7bfde78aed086
2024-09-30 14:52:41,62,c81372ca9529ddeb87790ff76f6745ec6870bc09bcdd705d8da7bfde78aed086
2024-09-30 14:52:41,62,c81372ca9529ddeb87790ff76f6745ec6870bc09bcdd705d8da7bfde78aed086
2024-09-30 14:52:48,62,18248f005b7493422ea25abcce7179b6d01446ebce2f14824bfbdbbe7f402bb9
2024-09-30 14:52:48,62,18248f005b7493422ea25abcce7179b6d01446ebce2f14824bfbdbbe7f402bb9
2024-09-30 14:52:48,62,18248f005b7493422ea25abcce7179b6d01446ebce2f14824bfbdbbe7f402bb9
2024-09-30 14:52:48,62,18248f005b7493422ea25abcce7179b6d01446ebce2f14824bfbdbbe7f402bb9
2024-09-30 14:52:48,62,18248f005b7493422ea25abcce7179b6d01446ebce2f14824bfbdbbe7f402bb9
2024-09-30 14:52:48,62,18248f005b7493422ea25abcce7179b6d01446ebce2f14824bfbdbbe7f402bb9
2024-09-30 14:52:52,62,18248f005b7493422ea25abcce7179b6d01446ebce2f14824bfbdbbe7f402bb9
2024-09-30 14:52:53,62,18248f005b7493422ea25abcce7179b6d01446ebce2f14824bfbdbbe7f402bb9
2024-09-30 14:52:53,62,18248f005b7493422ea25abcce7179b6d01446ebce2f14824bfbdbbe7f402bb9
2024-09-30 14:52:53,62,18248f005b7493422ea25abcce7179b6d01446ebce2f14824bfbdbbe7f402bb9
2024-09-30 14:53:01,62,18248f005b7493422ea25abcce7179b6d01446ebce2f14824bfbdbbe7f402bb9
2024-09-30 14:53:01,62,18248f005b7493422ea25abcce7179b6d01446ebce2f14824bfbdbbe7f402bb9
2024-09-30 14:53:01,62,c81372ca9529ddeb87790ff76f6745ec6870bc09bcdd705d8da7bfde78aed086
2024-09-30 14:53:01,62,c81372ca9529ddeb87790ff76f6745ec6870bc09bcdd705d8da7bfde78aed086
2024-09-30 14:53:01,62,c81372ca9529ddeb87790ff76f6745ec6870bc09bcdd705d8da7bfde78aed086
2024-09-30 14:53:01,62,c81372ca9529ddeb87790ff76f6745ec6870bc09bcdd705d8da7bfde78aed086
2024-09-30 14:53:06,62,766888e132d22c9fe03011cecd2cfd06e53bcf30175e083dfde7cd3cdbe1d419
2024-09-30 14:53:07,62,766888e132d22c9fe03011cecd2cfd06e53bcf30175e083dfde7cd3cdbe1d419
2024-09-30 14:53:07,62,766888e132d22c9fe03011cecd2cfd06e53bcf30175e083dfde7cd3cdbe1d419
2024-09-30 14:53:07,62,766888e132d22c9fe03011cecd2cfd06e53bcf30175e083dfde7cd3cdbe1d419
2024-09-30 14:53:07,62,766888e132d22c9fe03011cecd2cfd06e53bcf30175e083dfde7cd3cdbe1d419
2024-09-30 14:53:07,62,18248f005b7493422ea25abcce7179b6d01446ebce2f14824bfbdbbe7f402bb9
2024-09-30 14:53:07,62,18248f005b7493422ea25abcce7179b6d01446ebce2f14824bfbdbbe7f402bb9
2024-09-30 14:53:07,62,18248f005b7493422ea25abcce7179b6d01446ebce2f14824bfbdbbe7f402bb9
2024-09-30 14:53:07,62,18248f005b7493422ea25abcce7179b6d01446ebce2f14824bfbdbbe7f402bb9
2024-09-30 14:53:08,62,18248f005b7493422ea25abcce7179b6d01446ebce2f14824bfbdbbe7f402bb9
2024-09-30 14:53:09,62,18248f005b7493422ea25abcce7179b6d01446ebce2f14824bfbdbbe7f402bb9
2024-09-30 14:53:09,62,18248f005b7493422ea25abcce7179b6d01446ebce2f14824bfbdbbe7f402bb9
2024-09-30 14:53:15,62,18248f005b7493422ea25abcce7179b6d01446ebce2f14824bfbdbbe7f402bb9
2024-09-30 14:53:15,62,18248f005b7493422ea25abcce7179b6d01446ebce2f14824bfbdbbe7f402bb9
2024-09-30 14:53:15,62,18248f005b7493422ea25abcce7179b6d01446ebce2f14824bfbdbbe7f402bb9
2024-09-30 14:53:16,62,18248f005b7493422ea25abcce7179b6d01446ebce2f14824bfbdbbe7f402bb9
2024-09-30 14:53:16,62,18248f005b7493422ea25abcce7179b6d01446ebce2f14824bfbdbbe7f402bb9
2024-09-30 14:53:17,62,18248f005b7493422ea25abcce7179b6d01446ebce2f14824bfbdbbe7f402bb9
2024-09-30 14:53:20,62,c81372ca9529ddeb87790ff76f6745ec6870bc09bcdd705d8da7bfde78aed086
2024-09-30 14:53:20,62,c81372ca9529ddeb87790ff76f6745ec6870bc09bcdd705d8da7bfde78aed086
2024-09-30 14:53:20,62,c81372ca9529ddeb87790ff76f6745ec6870bc09bcdd705d8da7bfde78aed086
2024-09-30 14:53:20,62,c81372ca9529ddeb87790ff76f6745ec6870bc09bcdd705d8da7bfde78aed086
2024-09-30 14:53:20,62,c81372ca9529ddeb87790ff76f6745ec6870bc09bcdd705d8da7bfde78aed086
2024-09-30 14:53:20,62,c81372ca9529ddeb87790ff76f6745ec6870bc09bcdd705d8da7bfde78aed086
2024-09-30 14:53:20,62,c81372ca9529ddeb87790ff76f6745ec6870bc09bcdd705d8da7bfde78aed086
2024-09-30 14:53:20,62,c81372ca9529ddeb87790ff76f6745ec6870bc09bcdd705d8da7bfde78aed086
2024-09-30 14:53:20,62,c81372ca9529ddeb87790ff76f6745ec6870bc09bcdd705d8da7bfde78aed086
2024-09-30 14:53:20,62,c81372ca9529ddeb87790ff76f6745ec6870bc09bcdd705d8da7bfde78aed086
2024-09-30 14:53:20,62,c81372ca9529ddeb87790ff76f6745ec6870bc09bcdd705d8da7bfde78aed086
2024-09-30 14:53:20,62,c81372ca9529ddeb87790ff76f6745ec6870bc09bcdd705d8da7bfde78aed086
2024-09-30 14:53:20,62,c81372ca9529ddeb87790ff76f6745ec6870bc09bcdd705d8da7bfde78aed086
2024-09-30 14:53:20,62,c81372ca9529ddeb87790ff76f6745ec6870bc09bcdd705d8da7bfde78aed086
2024-09-30 14:53:20,62,c81372ca9529ddeb87790ff76f6745ec6870bc09bcdd705d8da7bfde78aed086
2024-09-30 14:53:20,62,c81372ca9529ddeb87790ff76f6745ec6870bc09bcdd705d8da7bfde78aed086
2024-09-30 14:53:20,62,c81372ca9529ddeb87790ff76f6745ec6870bc09bcdd705d8da7bfde78aed086
2024-09-30 14:53:20,62,c81372ca9529ddeb87790ff76f6745ec6870bc09bcdd705d8da7bfde78aed086
2024-09-30 14:53:21,62,18248f005b7493422ea25abcce7179b6d01446ebce2f14824bfbdbbe7f402bb9
2024-09-30 14:53:22,62,18248f005b7493422ea25abcce7179b6d01446ebce2f14824bfbdbbe7f402bb9
2024-09-30 14:53:22,62,18248f005b7493422ea25abcce7179b6d01446ebce2f14824bfbdbbe7f402bb9
2024-09-30 14:53:22,62,18248f005b7493422ea25abcce7179b6d01446ebce2f14824bfbdbbe7f402bb9
2024-09-30 14:53:23,62,18248f005b7493422ea25abcce7179b6d01446ebce2f14824bfbdbbe7f402bb9
2024-09-30 14:53:23,62,18248f005b7493422ea25abcce7179b6d01446ebce2f14824bfbdbbe7f402bb9
2024-09-30 14:53:24,62,18248f005b7493422ea25abcce7179b6d01446ebce2f14824bfbdbbe7f402bb9
2024-09-30 14:53:24,62,18248f005b7493422ea25abcce7179b6d01446ebce2f14824bfbdbbe7f402bb9
2024-09-30 14:53:40,62,18248f005b7493422ea25abcce7179b6d01446ebce2f14824bfbdbbe7f402bb9
2024-09-30 14:53:54,62,18248f005b7493422ea25abcce7179b6d01446ebce2f14824bfbdbbe7f402bb9
2024-09-30 14:54:00,62,ac6bdf2d5686dae420b8fa528fcc9b72514a3cbbdca201fadac306c2091d9b0c
2024-09-30 14:54:19,62,18248f005b7493422ea25abcce7179b6d01446ebce2f14824bfbdbbe7f402bb9
2024-09-30 14:54:19,62,18248f005b7493422ea25abcce7179b6d01446ebce2f14824bfbdbbe7f402bb9
2024-09-30 14:54:29,62,18248f005b7493422ea25abcce7179b6d01446ebce2f14824bfbdbbe7f402bb9
2024-09-30 14:54:29,62,18248f005b7493422ea25abcce7179b6d01446ebce2f14824bfbdbbe7f402bb9
2024-09-30 14:54:29,62,18248f005b7493422ea25abcce7179b6d01446ebce2f14824bfbdbbe7f402bb9
2024-09-30 14:54:29,62,18248f005b7493422ea25abcce7179b6d01446ebce2f14824bfbdbbe7f402bb9
2024-09-30 14:54:32,62,18248f005b7493422ea25abcce7179b6d01446ebce2f14824bfbdbbe7f402bb9
2024-09-30 14:54:32,62,18248f005b7493422ea25abcce7179b6d01446ebce2f14824bfbdbbe7f402bb9
2024-09-30 14:54:32,62,18248f005b7493422ea25abcce7179b6d01446ebce2f14824bfbdbbe7f402bb9
2024-09-30 14:54:34,62,18248f005b7493422ea25abcce7179b6d01446ebce2f14824bfbdbbe7f402bb9
2024-09-30 14:54:34,62,18248f005b7493422ea25abcce7179b6d01446ebce2f14824bfbdbbe7f402bb9
2024-09-30 14:54:34,62,18248f005b7493422ea25abcce7179b6d01446ebce2f14824bfbdbbe7f402bb9
2024-09-30 14:54:34,62,18248f005b7493422ea25abcce7179b6d01446ebce2f14824bfbdbbe7f402bb9
2024-09-30 14:54:34,62,18248f005b7493422ea25abcce7179b6d01446ebce2f14824bfbdbbe7f402bb9
2024-09-30 14:54:37,62,18248f005b7493422ea25abcce7179b6d01446ebce2f14824bfbdbbe7f402bb9
2024-09-30 14:54:37,62,18248f005b7493422ea25abcce7179b6d01446ebce2f14824bfbdbbe7f402bb9
2024-09-30 14:54:38,62,18248f005b7493422ea25abcce7179b6d01446ebce2f14824bfbdbbe7f402bb9
2024-09-30 14:54:38,62,18248f005b7493422ea25abcce7179b6d01446ebce2f14824bfbdbbe7f402bb9
2024-09-30 14:54:38,62,18248f005b7493422ea25abcce7179b6d01446ebce2f14824bfbdbbe7f402bb9
2024-09-30 14:54:40,62,18248f005b7493422ea25abcce7179b6d01446ebce2f14824bfbdbbe7f402bb9
2024-09-30 14:54:40,62,18248f005b7493422ea25abcce7179b6d01446ebce2f14824bfbdbbe7f402bb9
2024-09-30 14:54:41,62,c81372ca9529ddeb87790ff76f6745ec6870bc09bcdd705d8da7bfde78aed086
2024-09-30 14:54:41,62,c81372ca9529ddeb87790ff76f6745ec6870bc09bcdd705d8da7bfde78aed086
2024-09-30 14:54:49,62,18248f005b7493422ea25abcce7179b6d01446ebce2f14824bfbdbbe7f402bb9
2024-09-30 14:54:49,62,18248f005b7493422ea25abcce7179b6d01446ebce2f14824bfbdbbe7f402bb9
2024-09-30 14:54:53,62,18248f005b7493422ea25abcce7179b6d01446ebce2f14824bfbdbbe7f402bb9
2024-09-30 14:54:53,62,18248f005b7493422ea25abcce7179b6d01446ebce2f14824bfbdbbe7f402bb9
2024-09-30 14:54:58,62,18248f005b7493422ea25abcce7179b6d01446ebce2f14824bfbdbbe7f402bb9
2024-09-30 14:55:06,62,18248f005b7493422ea25abcce7179b6d01446ebce2f14824bfbdbbe7f402bb9
2024-09-30 14:55:07,62,18248f005b7493422ea25abcce7179b6d01446ebce2f14824bfbdbbe7f402bb9
2024-09-30 14:55:07,62,18248f005b7493422ea25abcce7179b6d01446ebce2f14824bfbdbbe7f402bb9
2024-09-30 14:55:07,62,18248f005b7493422ea25abcce7179b6d01446ebce2f14824bfbdbbe7f402bb9
2024-09-30 14:55:07,62,18248f005b7493422ea25abcce7179b6d01446ebce2f14824bfbdbbe7f402bb9
2024-09-30 14:55:07,62,18248f005b7493422ea25abcce7179b6d01446ebce2f14824bfbdbbe7f402bb9
2024-09-30 14:55:16,62,18248f005b7493422ea25abcce7179b6d01446ebce2f14824bfbdbbe7f402bb9
2024-09-30 14:55:16,62,18248f005b7493422ea25abcce7179b6d01446ebce2f14824bfbdbbe7f402bb9
2024-09-30 14:55:18,62,18248f005b7493422ea25abcce7179b6d01446ebce2f14824bfbdbbe7f402bb9
2024-09-30 14:55:18,62,18248f005b7493422ea25abcce7179b6d01446ebce2f14824bfbdbbe7f402bb9
2024-09-30 14:55:18,62,18248f005b7493422ea25abcce7179b6d01446ebce2f14824bfbdbbe7f402bb9
2024-09-30 14:55:18,62,18248f005b7493422ea25abcce7179b6d01446ebce2f14824bfbdbbe7f402bb9
2024-09-30 14:55:24,62,18248f005b7493422ea25abcce7179b6d01446ebce2f14824bfbdbbe7f402bb9
2024-09-30 14:55:30,62,b259ad7b374273c26bec3567023bb3cef7a54a76409fb3688a4ef5ae3e07d4ba
2024-09-30 14:55:40,62,18248f005b7493422ea25abcce7179b6d01446ebce2f14824bfbdbbe7f402bb9
2024-09-30 14:55:41,62,18248f005b7493422ea25abcce7179b6d01446ebce2f14824bfbdbbe7f402bb9
2024-09-30 14:55:41,62,c81372ca9529ddeb87790ff76f6745ec6870bc09bcdd705d8da7bfde78aed086
2024-09-30 14:55:41,62,c81372ca9529ddeb87790ff76f6745ec6870bc09bcdd705d8da7bfde78aed086
2024-09-30 14:55:41,62,c81372ca9529ddeb87790ff76f6745ec6870bc09bcdd705d8da7bfde78aed086
2024-09-30 14:55:41,62,c81372ca9529ddeb87790ff76f6745ec6870bc09bcdd705d8da7bfde78aed086
2024-09-30 14:55:55,62,b259ad7b374273c26bec3567023bb3cef7a54a76409fb3688a4ef5ae3e07d4ba
2024-09-30 14:56:03,62,18248f005b7493422ea25abcce7179b6d01446ebce2f14824bfbdbbe7f402bb9
2024-09-30 14:56:03,62,18248f005b7493422ea25abcce7179b6d01446ebce2f14824bfbdbbe7f402bb9
2024-09-30 14:56:05,62,18248f005b7493422ea25abcce7179b6d01446ebce2f14824bfbdbbe7f402bb9
2024-09-30 14:56:05,62,18248f005b7493422ea25abcce7179b6d01446ebce2f14824bfbdbbe7f402bb9
2024-09-30 14:56:15,62,18248f005b7493422ea25abcce7179b6d01446ebce2f14824bfbdbbe7f402bb9
2024-09-30 14:56:15,62,18248f005b7493422ea25abcce7179b6d01446ebce2f14824bfbdbbe7f402bb9
2024-09-30 14:56:16,62,18248f005b7493422ea25abcce7179b6d01446ebce2f14824bfbdbbe7f402bb9
2024-09-30 14:56:21,62,01fbae127e8db09da74812bde292eb77d2a68a7897a5571bb7c33ad12264102a
2024-09-30 14:56:21,62,01fbae127e8db09da74812bde292eb77d2a68a7897a5571bb7c33ad12264102a
2024-09-30 14:56:21,62,01fbae127e8db09da74812bde292eb77d2a68a7897a5571bb7c33ad12264102a
2024-09-30 14:56:21,62,01fbae127e8db09da74812bde292eb77d2a68a7897a5571bb7c33ad12264102a
2024-09-30 14:56:48,62,18248f005b7493422ea25abcce7179b6d01446ebce2f14824bfbdbbe7f402bb9
2024-09-30 14:56:48,62,18248f005b7493422ea25abcce7179b6d01446ebce2f14824bfbdbbe7f402bb9
2024-09-30 14:56:48,62,18248f005b7493422ea25abcce7179b6d01446ebce2f14824bfbdbbe7f402bb9
2024-09-30 14:56:48,62,18248f005b7493422ea25abcce7179b6d01446ebce2f14824bfbdbbe7f402bb9
2024-09-30 14:56:48,62,18248f005b7493422ea25abcce7179b6d01446ebce2f14824bfbdbbe7f402bb9
2024-09-30 14:56:48,62,18248f005b7493422ea25abcce7179b6d01446ebce2f14824bfbdbbe7f402bb9
2024-09-30 14:56:48,62,18248f005b7493422ea25abcce7179b6d01446ebce2f14824bfbdbbe7f402bb9
2024-09-30 14:56:59,62,f214df8686dde5873f6737cdf93909d29f9b61e55a05fd900714072e85e7e2d9
2024-09-30 14:56:59,62,f214df8686dde5873f6737cdf93909d29f9b61e55a05fd900714072e85e7e2d9
2024-09-30 14:57:01,62,c81372ca9529ddeb87790ff76f6745ec6870bc09bcdd705d8da7bfde78aed086
2024-09-30 14:57:01,62,c81372ca9529ddeb87790ff76f6745ec6870bc09bcdd705d8da7bfde78aed086
2024-09-30 14:57:01,62,c81372ca9529ddeb87790ff76f6745ec6870bc09bcdd705d8da7bfde78aed086
2024-09-30 14:57:02,62,18248f005b7493422ea25abcce7179b6d01446ebce2f14824bfbdbbe7f402bb9
2024-09-30 14:57:26,62,a68467b42cffcbb7fbae081a623443ef4bd3760bab34f23ab270b79384072bc6
2024-09-30 14:57:26,62,a68467b42cffcbb7fbae081a623443ef4bd3760bab34f23ab270b79384072bc6
2024-09-30 14:57:26,62,a68467b42cffcbb7fbae081a623443ef4bd3760bab34f23ab270b79384072bc6
2024-09-30 14:57:26,62,a68467b42cffcbb7fbae081a623443ef4bd3760bab34f23ab270b79384072bc6
2024-09-30 14:57:26,62,a68467b42cffcbb7fbae081a623443ef4bd3760bab34f23ab270b79384072bc6
2024-09-30 14:57:26,62,a68467b42cffcbb7fbae081a623443ef4bd3760bab34f23ab270b79384072bc6
2024-09-30 14:57:26,62,a68467b42cffcbb7fbae081a623443ef4bd3760bab34f23ab270b79384072bc6
2024-09-30 14:57:29,62,18248f005b7493422ea25abcce7179b6d01446ebce2f14824bfbdbbe7f402bb9
2024-09-30 14:57:29,62,18248f005b7493422ea25abcce7179b6d01446ebce2f14824bfbdbbe7f402bb9
2024-09-30 14:57:36,62,18248f005b7493422ea25abcce7179b6d01446ebce2f14824bfbdbbe7f402bb9
2024-09-30 14:57:36,62,18248f005b7493422ea25abcce7179b6d01446ebce2f14824bfbdbbe7f402bb9
2024-09-30 14:57:37,62,18248f005b7493422ea25abcce7179b6d01446ebce2f14824bfbdbbe7f402bb9
2024-09-30 14:57:37,62,18248f005b7493422ea25abcce7179b6d01446ebce2f14824bfbdbbe7f402bb9
2024-09-30 14:57:38,62,18248f005b7493422ea25abcce7179b6d01446ebce2f14824bfbdbbe7f402bb9
2024-09-30 14:57:44,62,18248f005b7493422ea25abcce7179b6d01446ebce2f14824bfbdbbe7f402bb9
2024-09-30 14:57:44,62,18248f005b7493422ea25abcce7179b6d01446ebce2f14824bfbdbbe7f402bb9
2024-09-30 14:57:45,62,18248f005b7493422ea25abcce7179b6d01446ebce2f14824bfbdbbe7f402bb9
2024-09-30 14:57:48,62,18248f005b7493422ea25abcce7179b6d01446ebce2f14824bfbdbbe7f402bb9
2024-09-30 14:57:48,62,18248f005b7493422ea25abcce7179b6d01446ebce2f14824bfbdbbe7f402bb9
2024-09-30 14:57:48,62,18248f005b7493422ea25abcce7179b6d01446ebce2f14824bfbdbbe7f402bb9
2024-09-30 14:57:48,62,18248f005b7493422ea25abcce7179b6d01446ebce2f14824bfbdbbe7f402bb9
2024-09-30 14:57:48,62,18248f005b7493422ea25abcce7179b6d01446ebce2f14824bfbdbbe7f402bb9
2024-09-30 14:57:48,62,18248f005b7493422ea25abcce7179b6d01446ebce2f14824bfbdbbe7f402bb9
2024-09-30 14:57:48,62,18248f005b7493422ea25abcce7179b6d01446ebce2f14824bfbdbbe7f402bb9
2024-09-30 14:57:49,62,18248f005b7493422ea25abcce7179b6d01446ebce2f14824bfbdbbe7f402bb9
2024-09-30 14:57:49,62,18248f005b7493422ea25abcce7179b6d01446ebce2f14824bfbdbbe7f402bb9
2024-09-30 14:57:49,62,18248f005b7493422ea25abcce7179b6d01446ebce2f14824bfbdbbe7f402bb9
2024-09-30 14:57:49,62,18248f005b7493422ea25abcce7179b6d01446ebce2f14824bfbdbbe7f402bb9
2024-09-30 14:57:50,62,18248f005b7493422ea25abcce7179b6d01446ebce2f14824bfbdbbe7f402bb9
2024-09-30 14:57:50,62,18248f005b7493422ea25abcce7179b6d01446ebce2f14824bfbdbbe7f402bb9
2024-09-30 14:57:50,62,18248f005b7493422ea25abcce7179b6d01446ebce2f14824bfbdbbe7f402bb9
2024-09-30 14:57:50,62,18248f005b7493422ea25abcce7179b6d01446ebce2f14824bfbdbbe7f402bb9
2024-09-30 14:57:50,62,18248f005b7493422ea25abcce7179b6d01446ebce2f14824bfbdbbe7f402bb9
2024-09-30 14:57:50,62,18248f005b7493422ea25abcce7179b6d01446ebce2f14824bfbdbbe7f402bb9
2024-09-30 14:57:50,62,18248f005b7493422ea25abcce7179b6d01446ebce2f14824bfbdbbe7f402bb9
2024-09-30 14:57:50,62,18248f005b7493422ea25abcce7179b6d01446ebce2f14824bfbdbbe7f402bb9
2024-09-30 14:57:50,62,18248f005b7493422ea25abcce7179b6d01446ebce2f14824bfbdbbe7f402bb9
2024-09-30 14:57:50,62,18248f005b7493422ea25abcce7179b6d01446ebce2f14824bfbdbbe7f402bb9
2024-09-30 14:57:50,62,18248f005b7493422ea25abcce7179b6d01446ebce2f14824bfbdbbe7f402bb9
2024-09-30 14:57:50,62,18248f005b7493422ea25abcce7179b6d01446ebce2f14824bfbdbbe7f402bb9
2024-09-30 14:57:50,62,18248f005b7493422ea25abcce7179b6d01446ebce2f14824bfbdbbe7f402bb9
2024-09-30 14:57:58,62,18248f005b7493422ea25abcce7179b6d01446ebce2f14824bfbdbbe7f402bb9
2024-09-30 14:57:58,62,18248f005b7493422ea25abcce7179b6d01446ebce2f14824bfbdbbe7f402bb9
2024-09-30 14:57:58,62,18248f005b7493422ea25abcce7179b6d01446ebce2f14824bfbdbbe7f402bb9
2024-09-30 14:57:58,62,18248f005b7493422ea25abcce7179b6d01446ebce2f14824bfbdbbe7f402bb9
2024-09-30 14:57:58,62,18248f005b7493422ea25abcce7179b6d01446ebce2f14824bfbdbbe7f402bb9
2024-09-30 14:57:58,62,18248f005b7493422ea25abcce7179b6d01446ebce2f14824bfbdbbe7f402bb9
2024-09-30 14:57:58,62,18248f005b7493422ea25abcce7179b6d01446ebce2f14824bfbdbbe7f402bb9
2024-09-30 14:57:58,62,18248f005b7493422ea25abcce7179b6d01446ebce2f14824bfbdbbe7f402bb9
2024-09-30 14:57:58,62,18248f005b7493422ea25abcce7179b6d01446ebce2f14824bfbdbbe7f402bb9
2024-09-30 14:57:58,62,18248f005b7493422ea25abcce7179b6d01446ebce2f14824bfbdbbe7f402bb9
2024-09-30 14:57:58,62,18248f005b7493422ea25abcce7179b6d01446ebce2f14824bfbdbbe7f402bb9
2024-09-30 14:57:58,62,18248f005b7493422ea25abcce7179b6d01446ebce2f14824bfbdbbe7f402bb9
2024-09-30 14:57:58,62,18248f005b7493422ea25abcce7179b6d01446ebce2f14824bfbdbbe7f402bb9
2024-09-30 14:58:00,62,18248f005b7493422ea25abcce7179b6d01446ebce2f14824bfbdbbe7f402bb9
2024-09-30 14:58:00,62,18248f005b7493422ea25abcce7179b6d01446ebce2f14824bfbdbbe7f402bb9
2024-09-30 14:58:01,62,18248f005b7493422ea25abcce7179b6d01446ebce2f14824bfbdbbe7f402bb9
2024-09-30 14:58:01,62,18248f005b7493422ea25abcce7179b6d01446ebce2f14824bfbdbbe7f402bb9
2024-09-30 14:58:01,62,18248f005b7493422ea25abcce7179b6d01446ebce2f14824bfbdbbe7f402bb9
2024-09-30 14:58:01,62,18248f005b7493422ea25abcce7179b6d01446ebce2f14824bfbdbbe7f402bb9
2024-09-30 14:58:07,62,18248f005b7493422ea25abcce7179b6d01446ebce2f14824bfbdbbe7f402bb9
2024-09-30 14:58:07,62,18248f005b7493422ea25abcce7179b6d01446ebce2f14824bfbdbbe7f402bb9
2024-09-30 14:58:07,62,18248f005b7493422ea25abcce7179b6d01446ebce2f14824bfbdbbe7f402bb9
2024-09-30 14:58:11,62,18248f005b7493422ea25abcce7179b6d01446ebce2f14824bfbdbbe7f402bb9
2024-09-30 14:58:11,62,18248f005b7493422ea25abcce7179b6d01446ebce2f14824bfbdbbe7f402bb9
2024-09-30 14:58:11,62,18248f005b7493422ea25abcce7179b6d01446ebce2f14824bfbdbbe7f402bb9
2024-09-30 14:58:11,62,18248f005b7493422ea25abcce7179b6d01446ebce2f14824bfbdbbe7f402bb9
2024-09-30 14:58:12,62,18248f005b7493422ea25abcce7179b6d01446ebce2f14824bfbdbbe7f402bb9
2024-09-30 14:58:12,62,18248f005b7493422ea25abcce7179b6d01446ebce2f14824bfbdbbe7f402bb9
2024-09-30 14:58:12,62,18248f005b7493422ea25abcce7179b6d01446ebce2f14824bfbdbbe7f402bb9
2024-09-30 14:58:12,62,18248f005b7493422ea25abcce7179b6d01446ebce2f14824bfbdbbe7f402bb9
2024-09-30 14:58:12,62,18248f005b7493422ea25abcce7179b6d01446ebce2f14824bfbdbbe7f402bb9
2024-09-30 14:58:12,62,18248f005b7493422ea25abcce7179b6d01446ebce2f14824bfbdbbe7f402bb9
2024-09-30 14:58:12,62,18248f005b7493422ea25abcce7179b6d01446ebce2f14824bfbdbbe7f402bb9
2024-09-30 14:58:12,62,18248f005b7493422ea25abcce7179b6d01446ebce2f14824bfbdbbe7f402bb9
2024-09-30 14:58:12,62,18248f005b7493422ea25abcce7179b6d01446ebce2f14824bfbdbbe7f402bb9
2024-09-30 14:58:12,62,18248f005b7493422ea25abcce7179b6d01446ebce2f14824bfbdbbe7f402bb9
2024-09-30 14:58:12,62,18248f005b7493422ea25abcce7179b6d01446ebce2f14824bfbdbbe7f402bb9
2024-09-30 14:58:12,62,18248f005b7493422ea25abcce7179b6d01446ebce2f14824bfbdbbe7f402bb9
2024-09-30 14:58:12,62,18248f005b7493422ea25abcce7179b6d01446ebce2f14824bfbdbbe7f402bb9
2024-09-30 14:58:12,62,18248f005b7493422ea25abcce7179b6d01446ebce2f14824bfbdbbe7f402bb9
2024-09-30 14:58:12,62,18248f005b7493422ea25abcce7179b6d01446ebce2f14824bfbdbbe7f402bb9
2024-09-30 14:58:12,62,18248f005b7493422ea25abcce7179b6d01446ebce2f14824bfbdbbe7f402bb9
2024-09-30 14:58:12,62,18248f005b7493422ea25abcce7179b6d01446ebce2f14824bfbdbbe7f402bb9
2024-09-30 14:58:13,62,18248f005b7493422ea25abcce7179b6d01446ebce2f14824bfbdbbe7f402bb9
2024-09-30 14:58:13,62,18248f005b7493422ea25abcce7179b6d01446ebce2f14824bfbdbbe7f402bb9
2024-09-30 14:58:13,62,18248f005b7493422ea25abcce7179b6d01446ebce2f14824bfbdbbe7f402bb9
2024-09-30 14:58:13,62,18248f005b7493422ea25abcce7179b6d01446ebce2f14824bfbdbbe7f402bb9
2024-09-30 14:58:13,62,18248f005b7493422ea25abcce7179b6d01446ebce2f14824bfbdbbe7f402bb9
2024-09-30 14:58:13,62,18248f005b7493422ea25abcce7179b6d01446ebce2f14824bfbdbbe7f402bb9
2024-09-30 14:58:13,62,18248f005b7493422ea25abcce7179b6d01446ebce2f14824bfbdbbe7f402bb9
2024-09-30 14:58:13,62,18248f005b7493422ea25abcce7179b6d01446ebce2f14824bfbdbbe7f402bb9
2024-09-30 14:58:13,62,18248f005b7493422ea25abcce7179b6d01446ebce2f14824bfbdbbe7f402bb9
2024-09-30 14:58:13,62,18248f005b7493422ea25abcce7179b6d01446ebce2f14824bfbdbbe7f402bb9
2024-09-30 14:58:14,62,18248f005b7493422ea25abcce7179b6d01446ebce2f14824bfbdbbe7f402bb9
2024-09-30 14:58:14,62,18248f005b7493422ea25abcce7179b6d01446ebce2f14824bfbdbbe7f402bb9
2024-09-30 14:58:15,62,18248f005b7493422ea25abcce7179b6d01446ebce2f14824bfbdbbe7f402bb9
2024-09-30 14:58:15,62,18248f005b7493422ea25abcce7179b6d01446ebce2f14824bfbdbbe7f402bb9
2024-09-30 14:58:15,62,18248f005b7493422ea25abcce7179b6d01446ebce2f14824bfbdbbe7f402bb9
2024-09-30 14:58:15,62,18248f005b7493422ea25abcce7179b6d01446ebce2f14824bfbdbbe7f402bb9
2024-09-30 14:58:15,62,18248f005b7493422ea25abcce7179b6d01446ebce2f14824bfbdbbe7f402bb9
2024-09-30 14:58:15,62,18248f005b7493422ea25abcce7179b6d01446ebce2f14824bfbdbbe7f402bb9
2024-09-30 14:58:15,62,18248f005b7493422ea25abcce7179b6d01446ebce2f14824bfbdbbe7f402bb9
2024-09-30 14:58:15,62,18248f005b7493422ea25abcce7179b6d01446ebce2f14824bfbdbbe7f402bb9
2024-09-30 14:58:15,62,18248f005b7493422ea25abcce7179b6d01446ebce2f14824bfbdbbe7f402bb9
2024-09-30 14:58:15,62,18248f005b7493422ea25abcce7179b6d01446ebce2f14824bfbdbbe7f402bb9
2024-09-30 14:58:15,62,18248f005b7493422ea25abcce7179b6d01446ebce2f14824bfbdbbe7f402bb9
2024-09-30 14:58:15,62,18248f005b7493422ea25abcce7179b6d01446ebce2f14824bfbdbbe7f402bb9
2024-09-30 14:58:18,62,18248f005b7493422ea25abcce7179b6d01446ebce2f14824bfbdbbe7f402bb9
2024-09-30 14:58:18,62,18248f005b7493422ea25abcce7179b6d01446ebce2f14824bfbdbbe7f402bb9
2024-09-30 14:58:20,62,18248f005b7493422ea25abcce7179b6d01446ebce2f14824bfbdbbe7f402bb9
2024-09-30 14:58:20,62,18248f005b7493422ea25abcce7179b6d01446ebce2f14824bfbdbbe7f402bb9
2024-09-30 14:58:29,62,18248f005b7493422ea25abcce7179b6d01446ebce2f14824bfbdbbe7f402bb9
2024-09-30 14:58:40,62,18248f005b7493422ea25abcce7179b6d01446ebce2f14824bfbdbbe7f402bb9
2024-09-30 14:58:44,62,01fbae127e8db09da74812bde292eb77d2a68a7897a5571bb7c33ad12264102a
2024-09-30 14:58:44,62,01fbae127e8db09da74812bde292eb77d2a68a7897a5571bb7c33ad12264102a
2024-09-30 14:58:44,62,01fbae127e8db09da74812bde292eb77d2a68a7897a5571bb7c33ad12264102a
2024-09-30 14:58:44,62,01fbae127e8db09da74812bde292eb77d2a68a7897a5571bb7c33ad12264102a
2024-09-30 14:58:57,62,766888e132d22c9fe03011cecd2cfd06e53bcf30175e083dfde7cd3cdbe1d419
2024-09-30 14:58:58,62,766888e132d22c9fe03011cecd2cfd06e53bcf30175e083dfde7cd3cdbe1d419
2024-09-30 14:59:08,62,18248f005b7493422ea25abcce7179b6d01446ebce2f14824bfbdbbe7f402bb9
2024-09-30 14:59:09,62,18248f005b7493422ea25abcce7179b6d01446ebce2f14824bfbdbbe7f402bb9
2024-09-30 14:59:09,62,18248f005b7493422ea25abcce7179b6d01446ebce2f14824bfbdbbe7f402bb9
2024-09-30 14:59:39,62,f214df8686dde5873f6737cdf93909d29f9b61e55a05fd900714072e85e7e2d9
2024-09-30 14:59:50,62,18248f005b7493422ea25abcce7179b6d01446ebce2f14824bfbdbbe7f402bb9
2024-09-30 14:59:50,62,18248f005b7493422ea25abcce7179b6d01446ebce2f14824bfbdbbe7f402bb9
2024-09-30 14:59:50,62,18248f005b7493422ea25abcce7179b6d01446ebce2f14824bfbdbbe7f402bb9
2024-09-30 14:59:56,62,18248f005b7493422ea25abcce7179b6d01446ebce2f14824bfbdbbe7f402bb9
2024-09-30 15:00:00,62,ac6bdf2d5686dae420b8fa528fcc9b72514a3cbbdca201fadac306c2091d9b0c
2024-09-30 15:00:04,62,18248f005b7493422ea25abcce7179b6d01446ebce2f14824bfbdbbe7f402bb9
2024-09-30 15:00:04,62,18248f005b7493422ea25abcce7179b6d01446ebce2f14824bfbdbbe7f402bb9
2024-09-30 15:00:04,62,18248f005b7493422ea25abcce7179b6d01446ebce2f14824bfbdbbe7f402bb9
2024-09-30 15:00:04,62,18248f005b7493422ea25abcce7179b6d01446ebce2f14824bfbdbbe7f402bb9
2024-09-30 15:00:04,62,18248f005b7493422ea25abcce7179b6d01446ebce2f14824bfbdbbe7f402bb9
2024-09-30 15:00:04,62,18248f005b7493422ea25abcce7179b6d01446ebce2f14824bfbdbbe7f402bb9
2024-09-30 15:00:40,62,18248f005b7493422ea25abcce7179b6d01446ebce2f14824bfbdbbe7f402bb9
2024-09-30 15:00:40,62,18248f005b7493422ea25abcce7179b6d01446ebce2f14824bfbdbbe7f402bb9
2024-09-30 15:00:40,62,18248f005b7493422ea25abcce7179b6d01446ebce2f14824bfbdbbe7f402bb9
2024-09-30 15:01:18,62,18248f005b7493422ea25abcce7179b6d01446ebce2f14824bfbdbbe7f402bb9
2024-09-30 15:01:18,62,18248f005b7493422ea25abcce7179b6d01446ebce2f14824bfbdbbe7f402bb9
2024-09-30 15:01:49,62,18248f005b7493422ea25abcce7179b6d01446ebce2f14824bfbdbbe7f402bb9
2024-09-30 15:01:49,62,18248f005b7493422ea25abcce7179b6d01446ebce2f14824bfbdbbe7f402bb9
2024-09-30 15:02:01,62,18248f005b7493422ea25abcce7179b6d01446ebce2f14824bfbdbbe7f402bb9
2024-09-30 15:02:01,62,18248f005b7493422ea25abcce7179b6d01446ebce2f14824bfbdbbe7f402bb9
2024-09-30 15:02:04,62,18248f005b7493422ea25abcce7179b6d01446ebce2f14824bfbdbbe7f402bb9
2024-09-30 15:02:12,62,18248f005b7493422ea25abcce7179b6d01446ebce2f14824bfbdbbe7f402bb9
2024-09-30 15:02:12,62,18248f005b7493422ea25abcce7179b6d01446ebce2f14824bfbdbbe7f402bb9
2024-09-30 15:02:13,62,18248f005b7493422ea25abcce7179b6d01446ebce2f14824bfbdbbe7f402bb9
2024-09-30 15:02:13,62,18248f005b7493422ea25abcce7179b6d01446ebce2f14824bfbdbbe7f402bb9
2024-09-30 15:02:13,62,18248f005b7493422ea25abcce7179b6d01446ebce2f14824bfbdbbe7f402bb9
2024-09-30 15:02:13,62,18248f005b7493422ea25abcce7179b6d01446ebce2f14824bfbdbbe7f402bb9
2024-09-30 15:02:14,62,18248f005b7493422ea25abcce7179b6d01446ebce2f14824bfbdbbe7f402bb9
2024-09-30 15:02:14,62,18248f005b7493422ea25abcce7179b6d01446ebce2f14824bfbdbbe7f402bb9
2024-09-30 15:02:14,62,18248f005b7493422ea25abcce7179b6d01446ebce2f14824bfbdbbe7f402bb9
2024-09-30 15:02:14,62,18248f005b7493422ea25abcce7179b6d01446ebce2f14824bfbdbbe7f402bb9
2024-09-30 15:02:19,62,f214df8686dde5873f6737cdf93909d29f9b61e55a05fd900714072e85e7e2d9
2024-09-30 15:02:19,62,f214df8686dde5873f6737cdf93909d29f9b61e55a05fd900714072e85e7e2d9
2024-09-30 15:02:19,62,f214df8686dde5873f6737cdf93909d29f9b61e55a05fd900714072e85e7e2d9
2024-09-30 15:02:21,62,18248f005b7493422ea25abcce7179b6d01446ebce2f14824bfbdbbe7f402bb9
2024-09-30 15:02:21,62,18248f005b7493422ea25abcce7179b6d01446ebce2f14824bfbdbbe7f402bb9
2024-09-30 15:02:28,62,18248f005b7493422ea25abcce7179b6d01446ebce2f14824bfbdbbe7f402bb9
2024-09-30 15:02:28,62,18248f005b7493422ea25abcce7179b6d01446ebce2f14824bfbdbbe7f402bb9
2024-09-30 15:02:29,62,01fbae127e8db09da74812bde292eb77d2a68a7897a5571bb7c33ad12264102a
2024-09-30 15:02:29,62,01fbae127e8db09da74812bde292eb77d2a68a7897a5571bb7c33ad12264102a
2024-09-30 15:02:29,62,01fbae127e8db09da74812bde292eb77d2a68a7897a5571bb7c33ad12264102a
2024-09-30 15:02:29,62,01fbae127e8db09da74812bde292eb77d2a68a7897a5571bb7c33ad12264102a
2024-09-30 15:02:35,62,18248f005b7493422ea25abcce7179b6d01446ebce2f14824bfbdbbe7f402bb9
2024-09-30 15:02:35,62,18248f005b7493422ea25abcce7179b6d01446ebce2f14824bfbdbbe7f402bb9
2024-09-30 15:02:36,62,18248f005b7493422ea25abcce7179b6d01446ebce2f14824bfbdbbe7f402bb9
2024-09-30 15:02:36,62,18248f005b7493422ea25abcce7179b6d01446ebce2f14824bfbdbbe7f402bb9
2024-09-30 15:02:50,62,18248f005b7493422ea25abcce7179b6d01446ebce2f14824bfbdbbe7f402bb9
2024-09-30 15:02:52,62,18248f005b7493422ea25abcce7179b6d01446ebce2f14824bfbdbbe7f402bb9
2024-09-30 15:02:59,62,18248f005b7493422ea25abcce7179b6d01446ebce2f14824bfbdbbe7f402bb9
2024-09-30 15:02:59,62,18248f005b7493422ea25abcce7179b6d01446ebce2f14824bfbdbbe7f402bb9
2024-09-30 15:02:59,62,18248f005b7493422ea25abcce7179b6d01446ebce2f14824bfbdbbe7f402bb9
2024-09-30 15:02:59,62,18248f005b7493422ea25abcce7179b6d01446ebce2f14824bfbdbbe7f402bb9
2024-09-30 15:02:59,62,18248f005b7493422ea25abcce7179b6d01446ebce2f14824bfbdbbe7f402bb9
2024-09-30 15:02:59,62,18248f005b7493422ea25abcce7179b6d01446ebce2f14824bfbdbbe7f402bb9
2024-09-30 15:03:01,62,18248f005b7493422ea25abcce7179b6d01446ebce2f14824bfbdbbe7f402bb9
2024-09-30 15:03:01,62,18248f005b7493422ea25abcce7179b6d01446ebce2f14824bfbdbbe7f402bb9
2024-09-30 15:03:03,62,18248f005b7493422ea25abcce7179b6d01446ebce2f14824bfbdbbe7f402bb9
2024-09-30 15:03:03,62,18248f005b7493422ea25abcce7179b6d01446ebce2f14824bfbdbbe7f402bb9
2024-09-30 15:03:03,62,18248f005b7493422ea25abcce7179b6d01446ebce2f14824bfbdbbe7f402bb9
2024-09-30 15:03:11,62,18248f005b7493422ea25abcce7179b6d01446ebce2f14824bfbdbbe7f402bb9
2024-09-30 15:03:11,62,18248f005b7493422ea25abcce7179b6d01446ebce2f14824bfbdbbe7f402bb9
2024-09-30 15:03:16,62,18248f005b7493422ea25abcce7179b6d01446ebce2f14824bfbdbbe7f402bb9
2024-09-30 15:03:18,62,18248f005b7493422ea25abcce7179b6d01446ebce2f14824bfbdbbe7f402bb9
2024-09-30 15:03:23,62,18248f005b7493422ea25abcce7179b6d01446ebce2f14824bfbdbbe7f402bb9
2024-09-30 15:03:23,62,18248f005b7493422ea25abcce7179b6d01446ebce2f14824bfbdbbe7f402bb9
2024-09-30 15:03:23,62,18248f005b7493422ea25abcce7179b6d01446ebce2f14824bfbdbbe7f402bb9
2024-09-30 15:03:23,62,18248f005b7493422ea25abcce7179b6d01446ebce2f14824bfbdbbe7f402bb9
2024-09-30 15:03:23,62,18248f005b7493422ea25abcce7179b6d01446ebce2f14824bfbdbbe7f402bb9
2024-09-30 15:03:23,62,18248f005b7493422ea25abcce7179b6d01446ebce2f14824bfbdbbe7f402bb9
2024-09-30 15:03:23,62,18248f005b7493422ea25abcce7179b6d01446ebce2f14824bfbdbbe7f402bb9
2024-09-30 15:03:23,62,18248f005b7493422ea25abcce7179b6d01446ebce2f14824bfbdbbe7f402bb9
2024-09-30 15:03:23,62,18248f005b7493422ea25abcce7179b6d01446ebce2f14824bfbdbbe7f402bb9
2024-09-30 15:03:23,62,18248f005b7493422ea25abcce7179b6d01446ebce2f14824bfbdbbe7f402bb9
2024-09-30 15:03:25,62,18248f005b7493422ea25abcce7179b6d01446ebce2f14824bfbdbbe7f402bb9
2024-09-30 15:03:25,62,18248f005b7493422ea25abcce7179b6d01446ebce2f14824bfbdbbe7f402bb9
2024-09-30 15:03:27,62,18248f005b7493422ea25abcce7179b6d01446ebce2f14824bfbdbbe7f402bb9
2024-09-30 15:03:28,62,18248f005b7493422ea25abcce7179b6d01446ebce2f14824bfbdbbe7f402bb9
2024-09-30 15:03:28,62,18248f005b7493422ea25abcce7179b6d01446ebce2f14824bfbdbbe7f402bb9
2024-09-30 15:03:28,62,18248f005b7493422ea25abcce7179b6d01446ebce2f14824bfbdbbe7f402bb9
2024-09-30 15:03:35,62,18248f005b7493422ea25abcce7179b6d01446ebce2f14824bfbdbbe7f402bb9
2024-09-30 15:03:36,62,18248f005b7493422ea25abcce7179b6d01446ebce2f14824bfbdbbe7f402bb9
2024-09-30 15:03:36,62,18248f005b7493422ea25abcce7179b6d01446ebce2f14824bfbdbbe7f402bb9
2024-09-30 15:03:52,62,18248f005b7493422ea25abcce7179b6d01446ebce2f14824bfbdbbe7f402bb9
2024-09-30 15:03:52,62,18248f005b7493422ea25abcce7179b6d01446ebce2f14824bfbdbbe7f402bb9
2024-09-30 15:03:52,62,18248f005b7493422ea25abcce7179b6d01446ebce2f14824bfbdbbe7f402bb9
2024-09-30 15:04:07,62,18248f005b7493422ea25abcce7179b6d01446ebce2f14824bfbdbbe7f402bb9
2024-09-30 15:04:07,62,18248f005b7493422ea25abcce7179b6d01446ebce2f14824bfbdbbe7f402bb9
2024-09-30 15:04:11,62,bf2c2f0f075485f729148b9a032c5aad4314def9953c37f89024b63d1968dd38
2024-09-30 15:04:11,62,bf2c2f0f075485f729148b9a032c5aad4314def9953c37f89024b63d1968dd38
2024-09-30 15:04:27,62,18248f005b7493422ea25abcce7179b6d01446ebce2f14824bfbdbbe7f402bb9
2024-09-30 15:04:27,62,18248f005b7493422ea25abcce7179b6d01446ebce2f14824bfbdbbe7f402bb9
2024-09-30 15:04:27,62,18248f005b7493422ea25abcce7179b6d01446ebce2f14824bfbdbbe7f402bb9
2024-09-30 15:04:27,62,18248f005b7493422ea25abcce7179b6d01446ebce2f14824bfbdbbe7f402bb9
2024-09-30 15:04:27,62,18248f005b7493422ea25abcce7179b6d01446ebce2f14824bfbdbbe7f402bb9
2024-09-30 15:04:34,62,18248f005b7493422ea25abcce7179b6d01446ebce2f14824bfbdbbe7f402bb9
2024-09-30 15:04:34,62,18248f005b7493422ea25abcce7179b6d01446ebce2f14824bfbdbbe7f402bb9
2024-09-30 15:04:37,62,01fbae127e8db09da74812bde292eb77d2a68a7897a5571bb7c33ad12264102a
2024-09-30 15:04:37,62,01fbae127e8db09da74812bde292eb77d2a68a7897a5571bb7c33ad12264102a
2024-09-30 15:04:37,62,01fbae127e8db09da74812bde292eb77d2a68a7897a5571bb7c33ad12264102a
2024-09-30 15:04:37,62,01fbae127e8db09da74812bde292eb77d2a68a7897a5571bb7c33ad12264102a
2024-09-30 15:04:37,62,01fbae127e8db09da74812bde292eb77d2a68a7897a5571bb7c33ad12264102a
2024-09-30 15:04:37,62,01fbae127e8db09da74812bde292eb77d2a68a7897a5571bb7c33ad12264102a
2024-09-30 15:04:43,62,01fbae127e8db09da74812bde292eb77d2a68a7897a5571bb7c33ad12264102a
2024-09-30 15:04:43,62,01fbae127e8db09da74812bde292eb77d2a68a7897a5571bb7c33ad12264102a
2024-09-30 15:04:52,62,18248f005b7493422ea25abcce7179b6d01446ebce2f14824bfbdbbe7f402bb9
2024-09-30 15:04:59,62,f214df8686dde5873f6737cdf93909d29f9b61e55a05fd900714072e85e7e2d9
2024-09-30 15:04:59,62,01fbae127e8db09da74812bde292eb77d2a68a7897a5571bb7c33ad12264102a
2024-09-30 15:04:59,62,01fbae127e8db09da74812bde292eb77d2a68a7897a5571bb7c33ad12264102a
2024-09-30 15:04:59,62,01fbae127e8db09da74812bde292eb77d2a68a7897a5571bb7c33ad12264102a
2024-09-30 15:04:59,62,01fbae127e8db09da74812bde292eb77d2a68a7897a5571bb7c33ad12264102a
2024-09-30 15:05:08,62,01fbae127e8db09da74812bde292eb77d2a68a7897a5571bb7c33ad12264102a
2024-09-30 15:05:08,62,01fbae127e8db09da74812bde292eb77d2a68a7897a5571bb7c33ad12264102a
2024-09-30 15:05:08,62,01fbae127e8db09da74812bde292eb77d2a68a7897a5571bb7c33ad12264102a
2024-09-30 15:05:08,62,01fbae127e8db09da74812bde292eb77d2a68a7897a5571bb7c33ad12264102a
2024-09-30 15:05:09,62,18248f005b7493422ea25abcce7179b6d01446ebce2f14824bfbdbbe7f402bb9
2024-09-30 15:05:15,62,18248f005b7493422ea25abcce7179b6d01446ebce2f14824bfbdbbe7f402bb9
2024-09-30 15:05:17,62,18248f005b7493422ea25abcce7179b6d01446ebce2f14824bfbdbbe7f402bb9
2024-09-30 15:05:17,62,18248f005b7493422ea25abcce7179b6d01446ebce2f14824bfbdbbe7f402bb9
2024-09-30 15:05:17,62,18248f005b7493422ea25abcce7179b6d01446ebce2f14824bfbdbbe7f402bb9
2024-09-30 15:05:19,62,18248f005b7493422ea25abcce7179b6d01446ebce2f14824bfbdbbe7f402bb9
2024-09-30 15:05:19,62,18248f005b7493422ea25abcce7179b6d01446ebce2f14824bfbdbbe7f402bb9
2024-09-30 15:05:19,62,18248f005b7493422ea25abcce7179b6d01446ebce2f14824bfbdbbe7f402bb9
2024-09-30 15:05:20,62,18248f005b7493422ea25abcce7179b6d01446ebce2f14824bfbdbbe7f402bb9
2024-09-30 15:05:20,62,18248f005b7493422ea25abcce7179b6d01446ebce2f14824bfbdbbe7f402bb9
2024-09-30 15:05:20,62,18248f005b7493422ea25abcce7179b6d01446ebce2f14824bfbdbbe7f402bb9
2024-09-30 15:05:20,62,18248f005b7493422ea25abcce7179b6d01446ebce2f14824bfbdbbe7f402bb9
2024-09-30 15:05:24,62,18248f005b7493422ea25abcce7179b6d01446ebce2f14824bfbdbbe7f402bb9
2024-09-30 15:05:24,62,18248f005b7493422ea25abcce7179b6d01446ebce2f14824bfbdbbe7f402bb9
2024-09-30 15:05:24,62,18248f005b7493422ea25abcce7179b6d01446ebce2f14824bfbdbbe7f402bb9
2024-09-30 15:05:24,62,18248f005b7493422ea25abcce7179b6d01446ebce2f14824bfbdbbe7f402bb9
2024-09-30 15:05:24,62,18248f005b7493422ea25abcce7179b6d01446ebce2f14824bfbdbbe7f402bb9
2024-09-30 15:05:24,62,18248f005b7493422ea25abcce7179b6d01446ebce2f14824bfbdbbe7f402bb9
2024-09-30 15:05:25,62,18248f005b7493422ea25abcce7179b6d01446ebce2f14824bfbdbbe7f402bb9
2024-09-30 15:05:26,62,18248f005b7493422ea25abcce7179b6d01446ebce2f14824bfbdbbe7f402bb9
2024-09-30 15:05:26,62,18248f005b7493422ea25abcce7179b6d01446ebce2f14824bfbdbbe7f402bb9
2024-09-30 15:05:27,62,18248f005b7493422ea25abcce7179b6d01446ebce2f14824bfbdbbe7f402bb9
2024-09-30 15:05:27,62,18248f005b7493422ea25abcce7179b6d01446ebce2f14824bfbdbbe7f402bb9
2024-09-30 15:05:27,62,18248f005b7493422ea25abcce7179b6d01446ebce2f14824bfbdbbe7f402bb9
2024-09-30 15:05:27,62,18248f005b7493422ea25abcce7179b6d01446ebce2f14824bfbdbbe7f402bb9
2024-09-30 15:05:28,62,18248f005b7493422ea25abcce7179b6d01446ebce2f14824bfbdbbe7f402bb9
2024-09-30 15:05:28,62,18248f005b7493422ea25abcce7179b6d01446ebce2f14824bfbdbbe7f402bb9
2024-09-30 15:05:33,62,18248f005b7493422ea25abcce7179b6d01446ebce2f14824bfbdbbe7f402bb9
2024-09-30 15:05:33,62,18248f005b7493422ea25abcce7179b6d01446ebce2f14824bfbdbbe7f402bb9
2024-09-30 15:05:33,62,18248f005b7493422ea25abcce7179b6d01446ebce2f14824bfbdbbe7f402bb9
2024-09-30 15:05:34,62,18248f005b7493422ea25abcce7179b6d01446ebce2f14824bfbdbbe7f402bb9
2024-09-30 15:05:34,62,18248f005b7493422ea25abcce7179b6d01446ebce2f14824bfbdbbe7f402bb9
2024-09-30 15:05:46,62,18248f005b7493422ea25abcce7179b6d01446ebce2f14824bfbdbbe7f402bb9
2024-09-30 15:05:46,62,18248f005b7493422ea25abcce7179b6d01446ebce2f14824bfbdbbe7f402bb9
2024-09-30 15:05:47,62,18248f005b7493422ea25abcce7179b6d01446ebce2f14824bfbdbbe7f402bb9
2024-09-30 15:05:47,62,18248f005b7493422ea25abcce7179b6d01446ebce2f14824bfbdbbe7f402bb9
2024-09-30 15:05:47,62,18248f005b7493422ea25abcce7179b6d01446ebce2f14824bfbdbbe7f402bb9
2024-09-30 15:05:56,62,01fbae127e8db09da74812bde292eb77d2a68a7897a5571bb7c33ad12264102a
2024-09-30 15:05:58,62,01fbae127e8db09da74812bde292eb77d2a68a7897a5571bb7c33ad12264102a
2024-09-30 15:06:09,62,18248f005b7493422ea25abcce7179b6d01446ebce2f14824bfbdbbe7f402bb9
2024-09-30 15:06:09,62,18248f005b7493422ea25abcce7179b6d01446ebce2f14824bfbdbbe7f402bb9
2024-09-30 15:06:12,62,bf2c2f0f075485f729148b9a032c5aad4314def9953c37f89024b63d1968dd38
2024-09-30 15:06:12,62,bf2c2f0f075485f729148b9a032c5aad4314def9953c37f89024b63d1968dd38
2024-09-30 15:06:12,62,bf2c2f0f075485f729148b9a032c5aad4314def9953c37f89024b63d1968dd38
2024-09-30 15:06:17,62,18248f005b7493422ea25abcce7179b6d01446ebce2f14824bfbdbbe7f402bb9
2024-09-30 15:06:20,62,18248f005b7493422ea25abcce7179b6d01446ebce2f14824bfbdbbe7f402bb9
2024-09-30 15:06:20,62,18248f005b7493422ea25abcce7179b6d01446ebce2f14824bfbdbbe7f402bb9
2024-09-30 15:06:21,62,18248f005b7493422ea25abcce7179b6d01446ebce2f14824bfbdbbe7f402bb9
2024-09-30 15:06:21,62,18248f005b7493422ea25abcce7179b6d01446ebce2f14824bfbdbbe7f402bb9
2024-09-30 15:06:22,62,18248f005b7493422ea25abcce7179b6d01446ebce2f14824bfbdbbe7f402bb9
2024-09-30 15:06:22,62,18248f005b7493422ea25abcce7179b6d01446ebce2f14824bfbdbbe7f402bb9
2024-09-30 15:06:27,62,8634275ed4e60ba4cea6adcdf2fb686707b14be17822e76ae11a70a0035ab5bf
2024-09-30 15:06:27,62,8634275ed4e60ba4cea6adcdf2fb686707b14be17822e76ae11a70a0035ab5bf
2024-09-30 15:06:34,62,18248f005b7493422ea25abcce7179b6d01446ebce2f14824bfbdbbe7f402bb9
2024-09-30 15:06:43,62,8634275ed4e60ba4cea6adcdf2fb686707b14be17822e76ae11a70a0035ab5bf
2024-09-30 15:06:43,62,8634275ed4e60ba4cea6adcdf2fb686707b14be17822e76ae11a70a0035ab5bf
2024-09-30 15:06:43,62,18248f005b7493422ea25abcce7179b6d01446ebce2f14824bfbdbbe7f402bb9
2024-09-30 15:06:43,62,18248f005b7493422ea25abcce7179b6d01446ebce2f14824bfbdbbe7f402bb9
2024-09-30 15:06:43,62,18248f005b7493422ea25abcce7179b6d01446ebce2f14824bfbdbbe7f402bb9
2024-09-30 15:06:44,62,18248f005b7493422ea25abcce7179b6d01446ebce2f14824bfbdbbe7f402bb9
2024-09-30 15:06:44,62,18248f005b7493422ea25abcce7179b6d01446ebce2f14824bfbdbbe7f402bb9
2024-09-30 15:06:48,62,18248f005b7493422ea25abcce7179b6d01446ebce2f14824bfbdbbe7f402bb9
2024-09-30 15:06:55,62,18248f005b7493422ea25abcce7179b6d01446ebce2f14824bfbdbbe7f402bb9
2024-09-30 15:06:55,62,18248f005b7493422ea25abcce7179b6d01446ebce2f14824bfbdbbe7f402bb9
2024-09-30 15:06:58,62,18248f005b7493422ea25abcce7179b6d01446ebce2f14824bfbdbbe7f402bb9
2024-09-30 15:06:58,62,18248f005b7493422ea25abcce7179b6d01446ebce2f14824bfbdbbe7f402bb9
2024-09-30 15:06:59,62,8634275ed4e60ba4cea6adcdf2fb686707b14be17822e76ae11a70a0035ab5bf
2024-09-30 15:07:00,62,18248f005b7493422ea25abcce7179b6d01446ebce2f14824bfbdbbe7f402bb9
2024-09-30 15:07:00,62,18248f005b7493422ea25abcce7179b6d01446ebce2f14824bfbdbbe7f402bb9
2024-09-30 15:07:23,62,8634275ed4e60ba4cea6adcdf2fb686707b14be17822e76ae11a70a0035ab5bf
2024-09-30 15:07:23,62,8634275ed4e60ba4cea6adcdf2fb686707b14be17822e76ae11a70a0035ab5bf
2024-09-30 15:07:27,62,18248f005b7493422ea25abcce7179b6d01446ebce2f14824bfbdbbe7f402bb9
2024-09-30 15:07:34,62,18248f005b7493422ea25abcce7179b6d01446ebce2f14824bfbdbbe7f402bb9
2024-09-30 15:07:39,62,f214df8686dde5873f6737cdf93909d29f9b61e55a05fd900714072e85e7e2d9
2024-09-30 15:07:39,62,f214df8686dde5873f6737cdf93909d29f9b61e55a05fd900714072e85e7e2d9
2024-09-30 15:07:39,62,8634275ed4e60ba4cea6adcdf2fb686707b14be17822e76ae11a70a0035ab5bf
2024-09-30 15:07:39,62,8634275ed4e60ba4cea6adcdf2fb686707b14be17822e76ae11a70a0035ab5bf
2024-09-30 15:07:44,62,18248f005b7493422ea25abcce7179b6d01446ebce2f14824bfbdbbe7f402bb9
2024-09-30 15:07:44,62,18248f005b7493422ea25abcce7179b6d01446ebce2f14824bfbdbbe7f402bb9
2024-09-30 15:07:49,62,18248f005b7493422ea25abcce7179b6d01446ebce2f14824bfbdbbe7f402bb9
2024-09-30 15:07:49,62,18248f005b7493422ea25abcce7179b6d01446ebce2f14824bfbdbbe7f402bb9
2024-09-30 15:07:49,62,18248f005b7493422ea25abcce7179b6d01446ebce2f14824bfbdbbe7f402bb9
2024-09-30 15:07:50,62,18248f005b7493422ea25abcce7179b6d01446ebce2f14824bfbdbbe7f402bb9
2024-09-30 15:07:50,62,18248f005b7493422ea25abcce7179b6d01446ebce2f14824bfbdbbe7f402bb9
2024-09-30 15:07:50,62,18248f005b7493422ea25abcce7179b6d01446ebce2f14824bfbdbbe7f402bb9
2024-09-30 15:07:51,62,18248f005b7493422ea25abcce7179b6d01446ebce2f14824bfbdbbe7f402bb9
2024-09-30 15:07:51,62,18248f005b7493422ea25abcce7179b6d01446ebce2f14824bfbdbbe7f402bb9
2024-09-30 15:07:51,62,18248f005b7493422ea25abcce7179b6d01446ebce2f14824bfbdbbe7f402bb9
2024-09-30 15:07:51,62,18248f005b7493422ea25abcce7179b6d01446ebce2f14824bfbdbbe7f402bb9
2024-09-30 15:07:51,62,18248f005b7493422ea25abcce7179b6d01446ebce2f14824bfbdbbe7f402bb9
2024-09-30 15:07:54,62,18248f005b7493422ea25abcce7179b6d01446ebce2f14824bfbdbbe7f402bb9
2024-09-30 15:07:54,62,18248f005b7493422ea25abcce7179b6d01446ebce2f14824bfbdbbe7f402bb9
2024-09-30 15:08:03,62,18248f005b7493422ea25abcce7179b6d01446ebce2f14824bfbdbbe7f402bb9
2024-09-30 15:08:03,62,01fbae127e8db09da74812bde292eb77d2a68a7897a5571bb7c33ad12264102a
2024-09-30 15:08:03,62,01fbae127e8db09da74812bde292eb77d2a68a7897a5571bb7c33ad12264102a
2024-09-30 15:08:03,62,01fbae127e8db09da74812bde292eb77d2a68a7897a5571bb7c33ad12264102a
2024-09-30 15:08:04,62,01fbae127e8db09da74812bde292eb77d2a68a7897a5571bb7c33ad12264102a
2024-09-30 15:08:04,62,01fbae127e8db09da74812bde292eb77d2a68a7897a5571bb7c33ad12264102a
2024-09-30 15:08:05,62,18248f005b7493422ea25abcce7179b6d01446ebce2f14824bfbdbbe7f402bb9
2024-09-30 15:08:08,62,18248f005b7493422ea25abcce7179b6d01446ebce2f14824bfbdbbe7f402bb9
2024-09-30 15:08:10,62,01fbae127e8db09da74812bde292eb77d2a68a7897a5571bb7c33ad12264102a
2024-09-30 15:08:10,62,01fbae127e8db09da74812bde292eb77d2a68a7897a5571bb7c33ad12264102a
2024-09-30 15:08:14,62,bf2c2f0f075485f729148b9a032c5aad4314def9953c37f89024b63d1968dd38
2024-09-30 15:08:14,62,bf2c2f0f075485f729148b9a032c5aad4314def9953c37f89024b63d1968dd38
2024-09-30 15:08:14,62,18248f005b7493422ea25abcce7179b6d01446ebce2f14824bfbdbbe7f402bb9
2024-09-30 15:08:14,62,18248f005b7493422ea25abcce7179b6d01446ebce2f14824bfbdbbe7f402bb9
2024-09-30 15:08:14,62,18248f005b7493422ea25abcce7179b6d01446ebce2f14824bfbdbbe7f402bb9
2024-09-30 15:08:14,62,18248f005b7493422ea25abcce7179b6d01446ebce2f14824bfbdbbe7f402bb9
2024-09-30 15:08:14,62,18248f005b7493422ea25abcce7179b6d01446ebce2f14824bfbdbbe7f402bb9
2024-09-30 15:08:14,62,18248f005b7493422ea25abcce7179b6d01446ebce2f14824bfbdbbe7f402bb9
2024-09-30 15:08:14,62,18248f005b7493422ea25abcce7179b6d01446ebce2f14824bfbdbbe7f402bb9
2024-09-30 15:08:14,62,18248f005b7493422ea25abcce7179b6d01446ebce2f14824bfbdbbe7f402bb9
2024-09-30 15:08:16,62,18248f005b7493422ea25abcce7179b6d01446ebce2f14824bfbdbbe7f402bb9
2024-09-30 15:08:16,62,18248f005b7493422ea25abcce7179b6d01446ebce2f14824bfbdbbe7f402bb9
2024-09-30 15:08:23,62,18248f005b7493422ea25abcce7179b6d01446ebce2f14824bfbdbbe7f402bb9
2024-09-30 15:08:28,62,18248f005b7493422ea25abcce7179b6d01446ebce2f14824bfbdbbe7f402bb9
2024-09-30 15:08:28,62,18248f005b7493422ea25abcce7179b6d01446ebce2f14824bfbdbbe7f402bb9
2024-09-30 15:08:28,62,01fbae127e8db09da74812bde292eb77d2a68a7897a5571bb7c33ad12264102a
2024-09-30 15:08:28,62,01fbae127e8db09da74812bde292eb77d2a68a7897a5571bb7c33ad12264102a
2024-09-30 15:08:28,62,01fbae127e8db09da74812bde292eb77d2a68a7897a5571bb7c33ad12264102a
2024-09-30 15:08:28,62,01fbae127e8db09da74812bde292eb77d2a68a7897a5571bb7c33ad12264102a
2024-09-30 15:08:31,62,18248f005b7493422ea25abcce7179b6d01446ebce2f14824bfbdbbe7f402bb9
2024-09-30 15:08:32,62,18248f005b7493422ea25abcce7179b6d01446ebce2f14824bfbdbbe7f402bb9
2024-09-30 15:08:32,62,18248f005b7493422ea25abcce7179b6d01446ebce2f14824bfbdbbe7f402bb9
2024-09-30 15:08:32,62,18248f005b7493422ea25abcce7179b6d01446ebce2f14824bfbdbbe7f402bb9
2024-09-30 15:08:32,62,18248f005b7493422ea25abcce7179b6d01446ebce2f14824bfbdbbe7f402bb9
2024-09-30 15:08:34,62,01fbae127e8db09da74812bde292eb77d2a68a7897a5571bb7c33ad12264102a
2024-09-30 15:08:34,62,01fbae127e8db09da74812bde292eb77d2a68a7897a5571bb7c33ad12264102a
2024-09-30 15:08:37,62,18248f005b7493422ea25abcce7179b6d01446ebce2f14824bfbdbbe7f402bb9
2024-09-30 15:08:37,62,18248f005b7493422ea25abcce7179b6d01446ebce2f14824bfbdbbe7f402bb9
2024-09-30 15:08:37,62,18248f005b7493422ea25abcce7179b6d01446ebce2f14824bfbdbbe7f402bb9
2024-09-30 15:08:37,62,18248f005b7493422ea25abcce7179b6d01446ebce2f14824bfbdbbe7f402bb9
2024-09-30 15:08:37,62,18248f005b7493422ea25abcce7179b6d01446ebce2f14824bfbdbbe7f402bb9
2024-09-30 15:08:37,62,18248f005b7493422ea25abcce7179b6d01446ebce2f14824bfbdbbe7f402bb9
2024-09-30 15:08:43,62,01fbae127e8db09da74812bde292eb77d2a68a7897a5571bb7c33ad12264102a
2024-09-30 15:08:43,62,01fbae127e8db09da74812bde292eb77d2a68a7897a5571bb7c33ad12264102a
2024-09-30 15:08:44,62,18248f005b7493422ea25abcce7179b6d01446ebce2f14824bfbdbbe7f402bb9
2024-09-30 15:08:55,62,18248f005b7493422ea25abcce7179b6d01446ebce2f14824bfbdbbe7f402bb9
2024-09-30 15:09:00,62,ac6bdf2d5686dae420b8fa528fcc9b72514a3cbbdca201fadac306c2091d9b0c
2024-09-30 15:09:10,62,18248f005b7493422ea25abcce7179b6d01446ebce2f14824bfbdbbe7f402bb9
2024-09-30 15:09:11,62,18248f005b7493422ea25abcce7179b6d01446ebce2f14824bfbdbbe7f402bb9
2024-09-30 15:09:11,62,18248f005b7493422ea25abcce7179b6d01446ebce2f14824bfbdbbe7f402bb9
2024-09-30 15:09:11,62,18248f005b7493422ea25abcce7179b6d01446ebce2f14824bfbdbbe7f402bb9
2024-09-30 15:09:11,62,18248f005b7493422ea25abcce7179b6d01446ebce2f14824bfbdbbe7f402bb9
2024-09-30 15:09:11,62,18248f005b7493422ea25abcce7179b6d01446ebce2f14824bfbdbbe7f402bb9
2024-09-30 15:09:22,62,18248f005b7493422ea25abcce7179b6d01446ebce2f14824bfbdbbe7f402bb9
2024-09-30 15:09:22,62,18248f005b7493422ea25abcce7179b6d01446ebce2f14824bfbdbbe7f402bb9
2024-09-30 15:09:22,62,18248f005b7493422ea25abcce7179b6d01446ebce2f14824bfbdbbe7f402bb9
2024-09-30 15:09:22,62,18248f005b7493422ea25abcce7179b6d01446ebce2f14824bfbdbbe7f402bb9
2024-09-30 15:09:23,62,18248f005b7493422ea25abcce7179b6d01446ebce2f14824bfbdbbe7f402bb9
2024-09-30 15:09:23,62,18248f005b7493422ea25abcce7179b6d01446ebce2f14824bfbdbbe7f402bb9
2024-09-30 15:09:23,62,18248f005b7493422ea25abcce7179b6d01446ebce2f14824bfbdbbe7f402bb9
2024-09-30 15:09:33,62,18248f005b7493422ea25abcce7179b6d01446ebce2f14824bfbdbbe7f402bb9
2024-09-30 15:09:33,62,18248f005b7493422ea25abcce7179b6d01446ebce2f14824bfbdbbe7f402bb9
2024-09-30 15:09:33,62,18248f005b7493422ea25abcce7179b6d01446ebce2f14824bfbdbbe7f402bb9
2024-09-30 15:09:33,62,18248f005b7493422ea25abcce7179b6d01446ebce2f14824bfbdbbe7f402bb9
2024-09-30 15:09:33,62,18248f005b7493422ea25abcce7179b6d01446ebce2f14824bfbdbbe7f402bb9
2024-09-30 15:09:40,62,18248f005b7493422ea25abcce7179b6d01446ebce2f14824bfbdbbe7f402bb9
2024-09-30 15:09:40,62,18248f005b7493422ea25abcce7179b6d01446ebce2f14824bfbdbbe7f402bb9
2024-09-30 15:09:40,62,18248f005b7493422ea25abcce7179b6d01446ebce2f14824bfbdbbe7f402bb9
2024-09-30 15:09:40,62,18248f005b7493422ea25abcce7179b6d01446ebce2f14824bfbdbbe7f402bb9
2024-09-30 15:09:45,62,18248f005b7493422ea25abcce7179b6d01446ebce2f14824bfbdbbe7f402bb9
2024-09-30 15:09:45,62,18248f005b7493422ea25abcce7179b6d01446ebce2f14824bfbdbbe7f402bb9
2024-09-30 15:09:53,62,18248f005b7493422ea25abcce7179b6d01446ebce2f14824bfbdbbe7f402bb9
2024-09-30 15:10:09,62,18248f005b7493422ea25abcce7179b6d01446ebce2f14824bfbdbbe7f402bb9
2024-09-30 15:10:09,62,18248f005b7493422ea25abcce7179b6d01446ebce2f14824bfbdbbe7f402bb9
2024-09-30 15:10:10,62,18248f005b7493422ea25abcce7179b6d01446ebce2f14824bfbdbbe7f402bb9
2024-09-30 15:10:10,62,18248f005b7493422ea25abcce7179b6d01446ebce2f14824bfbdbbe7f402bb9
2024-09-30 15:10:10,62,18248f005b7493422ea25abcce7179b6d01446ebce2f14824bfbdbbe7f402bb9
2024-09-30 15:10:10,62,18248f005b7493422ea25abcce7179b6d01446ebce2f14824bfbdbbe7f402bb9
2024-09-30 15:10:10,62,18248f005b7493422ea25abcce7179b6d01446ebce2f14824bfbdbbe7f402bb9
2024-09-30 15:10:11,62,18248f005b7493422ea25abcce7179b6d01446ebce2f14824bfbdbbe7f402bb9
2024-09-30 15:10:16,62,bf2c2f0f075485f729148b9a032c5aad4314def9953c37f89024b63d1968dd38
2024-09-30 15:10:16,62,bf2c2f0f075485f729148b9a032c5aad4314def9953c37f89024b63d1968dd38
2024-09-30 15:10:16,62,bf2c2f0f075485f729148b9a032c5aad4314def9953c37f89024b63d1968dd38
2024-09-30 15:10:16,62,bf2c2f0f075485f729148b9a032c5aad4314def9953c37f89024b63d1968dd38
2024-09-30 15:10:49,62,18248f005b7493422ea25abcce7179b6d01446ebce2f14824bfbdbbe7f402bb9
2024-09-30 15:10:49,62,18248f005b7493422ea25abcce7179b6d01446ebce2f14824bfbdbbe7f402bb9
2024-09-30 15:10:50,62,18248f005b7493422ea25abcce7179b6d01446ebce2f14824bfbdbbe7f402bb9
2024-09-30 15:11:09,62,18248f005b7493422ea25abcce7179b6d01446ebce2f14824bfbdbbe7f402bb9
2024-09-30 15:11:12,62,18248f005b7493422ea25abcce7179b6d01446ebce2f14824bfbdbbe7f402bb9
2024-09-30 15:11:12,62,18248f005b7493422ea25abcce7179b6d01446ebce2f14824bfbdbbe7f402bb9
2024-09-30 15:11:12,62,18248f005b7493422ea25abcce7179b6d01446ebce2f14824bfbdbbe7f402bb9
2024-09-30 15:11:13,62,18248f005b7493422ea25abcce7179b6d01446ebce2f14824bfbdbbe7f402bb9
2024-09-30 15:11:35,62,18248f005b7493422ea25abcce7179b6d01446ebce2f14824bfbdbbe7f402bb9
2024-09-30 15:11:55,62,18248f005b7493422ea25abcce7179b6d01446ebce2f14824bfbdbbe7f402bb9
2024-09-30 15:11:57,62,18248f005b7493422ea25abcce7179b6d01446ebce2f14824bfbdbbe7f402bb9
2024-09-30 15:11:59,62,18248f005b7493422ea25abcce7179b6d01446ebce2f14824bfbdbbe7f402bb9
2024-09-30 15:12:00,62,ac6bdf2d5686dae420b8fa528fcc9b72514a3cbbdca201fadac306c2091d9b0c
2024-09-30 15:12:00,62,ac6bdf2d5686dae420b8fa528fcc9b72514a3cbbdca201fadac306c2091d9b0c
2024-09-30 15:12:00,62,ac6bdf2d5686dae420b8fa528fcc9b72514a3cbbdca201fadac306c2091d9b0c
2024-09-30 15:12:00,62,ac6bdf2d5686dae420b8fa528fcc9b72514a3cbbdca201fadac306c2091d9b0c
2024-09-30 15:12:05,62,18248f005b7493422ea25abcce7179b6d01446ebce2f14824bfbdbbe7f402bb9
2024-09-30 15:12:05,62,18248f005b7493422ea25abcce7179b6d01446ebce2f14824bfbdbbe7f402bb9
2024-09-30 15:12:08,62,18248f005b7493422ea25abcce7179b6d01446ebce2f14824bfbdbbe7f402bb9
2024-09-30 15:12:17,62,bf2c2f0f075485f729148b9a032c5aad4314def9953c37f89024b63d1968dd38
2024-09-30 15:12:17,62,bf2c2f0f075485f729148b9a032c5aad4314def9953c37f89024b63d1968dd38
2024-09-30 15:12:17,62,bf2c2f0f075485f729148b9a032c5aad4314def9953c37f89024b63d1968dd38
2024-09-30 15:12:24,62,18248f005b7493422ea25abcce7179b6d01446ebce2f14824bfbdbbe7f402bb9
2024-09-30 15:12:24,62,18248f005b7493422ea25abcce7179b6d01446ebce2f14824bfbdbbe7f402bb9
2024-09-30 15:12:27,62,18248f005b7493422ea25abcce7179b6d01446ebce2f14824bfbdbbe7f402bb9
2024-09-30 15:12:27,62,18248f005b7493422ea25abcce7179b6d01446ebce2f14824bfbdbbe7f402bb9
2024-09-30 15:12:33,62,b259ad7b374273c26bec3567023bb3cef7a54a76409fb3688a4ef5ae3e07d4ba
2024-09-30 15:12:33,62,b259ad7b374273c26bec3567023bb3cef7a54a76409fb3688a4ef5ae3e07d4ba
2024-09-30 15:12:33,62,b259ad7b374273c26bec3567023bb3cef7a54a76409fb3688a4ef5ae3e07d4ba
2024-09-30 15:12:33,62,b259ad7b374273c26bec3567023bb3cef7a54a76409fb3688a4ef5ae3e07d4ba
2024-09-30 15:12:34,62,b259ad7b374273c26bec3567023bb3cef7a54a76409fb3688a4ef5ae3e07d4ba
2024-09-30 15:12:37,62,b259ad7b374273c26bec3567023bb3cef7a54a76409fb3688a4ef5ae3e07d4ba
2024-09-30 15:12:37,62,b259ad7b374273c26bec3567023bb3cef7a54a76409fb3688a4ef5ae3e07d4ba
2024-09-30 15:12:41,62,18248f005b7493422ea25abcce7179b6d01446ebce2f14824bfbdbbe7f402bb9
2024-09-30 15:12:41,62,18248f005b7493422ea25abcce7179b6d01446ebce2f14824bfbdbbe7f402bb9
2024-09-30 15:12:45,62,18248f005b7493422ea25abcce7179b6d01446ebce2f14824bfbdbbe7f402bb9
2024-09-30 15:12:45,62,18248f005b7493422ea25abcce7179b6d01446ebce2f14824bfbdbbe7f402bb9
2024-09-30 15:12:50,62,01fbae127e8db09da74812bde292eb77d2a68a7897a5571bb7c33ad12264102a
2024-09-30 15:12:50,62,01fbae127e8db09da74812bde292eb77d2a68a7897a5571bb7c33ad12264102a
2024-09-30 15:12:54,62,18248f005b7493422ea25abcce7179b6d01446ebce2f14824bfbdbbe7f402bb9
2024-09-30 15:12:57,62,18248f005b7493422ea25abcce7179b6d01446ebce2f14824bfbdbbe7f402bb9
2024-09-30 15:12:57,62,18248f005b7493422ea25abcce7179b6d01446ebce2f14824bfbdbbe7f402bb9
2024-09-30 15:12:59,62,f214df8686dde5873f6737cdf93909d29f9b61e55a05fd900714072e85e7e2d9
2024-09-30 15:12:59,62,f214df8686dde5873f6737cdf93909d29f9b61e55a05fd900714072e85e7e2d9
2024-09-30 15:12:59,62,f214df8686dde5873f6737cdf93909d29f9b61e55a05fd900714072e85e7e2d9
2024-09-30 15:12:59,62,f214df8686dde5873f6737cdf93909d29f9b61e55a05fd900714072e85e7e2d9
2024-09-30 15:13:00,62,18248f005b7493422ea25abcce7179b6d01446ebce2f14824bfbdbbe7f402bb9
2024-09-30 15:13:00,62,18248f005b7493422ea25abcce7179b6d01446ebce2f14824bfbdbbe7f402bb9
2024-09-30 15:13:03,62,b259ad7b374273c26bec3567023bb3cef7a54a76409fb3688a4ef5ae3e07d4ba
2024-09-30 15:13:03,62,b259ad7b374273c26bec3567023bb3cef7a54a76409fb3688a4ef5ae3e07d4ba
2024-09-30 15:13:07,62,b259ad7b374273c26bec3567023bb3cef7a54a76409fb3688a4ef5ae3e07d4ba
2024-09-30 15:13:07,62,b259ad7b374273c26bec3567023bb3cef7a54a76409fb3688a4ef5ae3e07d4ba
2024-09-30 15:13:11,62,18248f005b7493422ea25abcce7179b6d01446ebce2f14824bfbdbbe7f402bb9
2024-09-30 15:13:11,62,18248f005b7493422ea25abcce7179b6d01446ebce2f14824bfbdbbe7f402bb9
2024-09-30 15:13:12,62,18248f005b7493422ea25abcce7179b6d01446ebce2f14824bfbdbbe7f402bb9
2024-09-30 15:13:12,62,18248f005b7493422ea25abcce7179b6d01446ebce2f14824bfbdbbe7f402bb9
2024-09-30 15:13:15,62,18248f005b7493422ea25abcce7179b6d01446ebce2f14824bfbdbbe7f402bb9
2024-09-30 15:13:21,62,18248f005b7493422ea25abcce7179b6d01446ebce2f14824bfbdbbe7f402bb9
2024-09-30 15:13:21,62,18248f005b7493422ea25abcce7179b6d01446ebce2f14824bfbdbbe7f402bb9
2024-09-30 15:13:25,62,b259ad7b374273c26bec3567023bb3cef7a54a76409fb3688a4ef5ae3e07d4ba
2024-09-30 15:13:25,62,b259ad7b374273c26bec3567023bb3cef7a54a76409fb3688a4ef5ae3e07d4ba
2024-09-30 15:13:25,62,b259ad7b374273c26bec3567023bb3cef7a54a76409fb3688a4ef5ae3e07d4ba
2024-09-30 15:13:35,62,01fbae127e8db09da74812bde292eb77d2a68a7897a5571bb7c33ad12264102a
2024-09-30 15:13:35,62,01fbae127e8db09da74812bde292eb77d2a68a7897a5571bb7c33ad12264102a
2024-09-30 15:13:39,62,01fbae127e8db09da74812bde292eb77d2a68a7897a5571bb7c33ad12264102a
2024-09-30 15:13:39,62,01fbae127e8db09da74812bde292eb77d2a68a7897a5571bb7c33ad12264102a
2024-09-30 15:13:40,62,01fbae127e8db09da74812bde292eb77d2a68a7897a5571bb7c33ad12264102a
2024-09-30 15:13:40,62,01fbae127e8db09da74812bde292eb77d2a68a7897a5571bb7c33ad12264102a
2024-09-30 15:13:40,62,18248f005b7493422ea25abcce7179b6d01446ebce2f14824bfbdbbe7f402bb9
2024-09-30 15:13:40,62,18248f005b7493422ea25abcce7179b6d01446ebce2f14824bfbdbbe7f402bb9
2024-09-30 15:13:40,62,18248f005b7493422ea25abcce7179b6d01446ebce2f14824bfbdbbe7f402bb9
2024-09-30 15:13:46,62,18248f005b7493422ea25abcce7179b6d01446ebce2f14824bfbdbbe7f402bb9
2024-09-30 15:13:46,62,18248f005b7493422ea25abcce7179b6d01446ebce2f14824bfbdbbe7f402bb9
2024-09-30 15:13:46,62,18248f005b7493422ea25abcce7179b6d01446ebce2f14824bfbdbbe7f402bb9
2024-09-30 15:13:46,62,18248f005b7493422ea25abcce7179b6d01446ebce2f14824bfbdbbe7f402bb9
2024-09-30 15:13:46,62,18248f005b7493422ea25abcce7179b6d01446ebce2f14824bfbdbbe7f402bb9
2024-09-30 15:13:49,62,18248f005b7493422ea25abcce7179b6d01446ebce2f14824bfbdbbe7f402bb9
2024-09-30 15:13:53,62,18248f005b7493422ea25abcce7179b6d01446ebce2f14824bfbdbbe7f402bb9
2024-09-30 15:13:53,62,18248f005b7493422ea25abcce7179b6d01446ebce2f14824bfbdbbe7f402bb9
2024-09-30 15:13:53,62,18248f005b7493422ea25abcce7179b6d01446ebce2f14824bfbdbbe7f402bb9
2024-09-30 15:14:03,62,18248f005b7493422ea25abcce7179b6d01446ebce2f14824bfbdbbe7f402bb9
2024-09-30 15:14:03,62,18248f005b7493422ea25abcce7179b6d01446ebce2f14824bfbdbbe7f402bb9
2024-09-30 15:14:06,62,18248f005b7493422ea25abcce7179b6d01446ebce2f14824bfbdbbe7f402bb9
2024-09-30 15:14:07,62,18248f005b7493422ea25abcce7179b6d01446ebce2f14824bfbdbbe7f402bb9
2024-09-30 15:14:07,62,18248f005b7493422ea25abcce7179b6d01446ebce2f14824bfbdbbe7f402bb9
2024-09-30 15:14:10,62,18248f005b7493422ea25abcce7179b6d01446ebce2f14824bfbdbbe7f402bb9
2024-09-30 15:14:10,62,18248f005b7493422ea25abcce7179b6d01446ebce2f14824bfbdbbe7f402bb9
2024-09-30 15:14:11,62,18248f005b7493422ea25abcce7179b6d01446ebce2f14824bfbdbbe7f402bb9
2024-09-30 15:14:16,62,18248f005b7493422ea25abcce7179b6d01446ebce2f14824bfbdbbe7f402bb9
2024-09-30 15:14:17,62,18248f005b7493422ea25abcce7179b6d01446ebce2f14824bfbdbbe7f402bb9
2024-09-30 15:14:17,62,18248f005b7493422ea25abcce7179b6d01446ebce2f14824bfbdbbe7f402bb9
2024-09-30 15:14:19,62,bf2c2f0f075485f729148b9a032c5aad4314def9953c37f89024b63d1968dd38
2024-09-30 15:14:19,62,bf2c2f0f075485f729148b9a032c5aad4314def9953c37f89024b63d1968dd38
2024-09-30 15:14:20,62,18248f005b7493422ea25abcce7179b6d01446ebce2f14824bfbdbbe7f402bb9
2024-09-30 15:14:20,62,18248f005b7493422ea25abcce7179b6d01446ebce2f14824bfbdbbe7f402bb9
2024-09-30 15:14:21,62,18248f005b7493422ea25abcce7179b6d01446ebce2f14824bfbdbbe7f402bb9
2024-09-30 15:14:21,62,18248f005b7493422ea25abcce7179b6d01446ebce2f14824bfbdbbe7f402bb9
2024-09-30 15:14:33,62,18248f005b7493422ea25abcce7179b6d01446ebce2f14824bfbdbbe7f402bb9
2024-09-30 15:14:34,62,b259ad7b374273c26bec3567023bb3cef7a54a76409fb3688a4ef5ae3e07d4ba
2024-09-30 15:14:34,62,b259ad7b374273c26bec3567023bb3cef7a54a76409fb3688a4ef5ae3e07d4ba
2024-09-30 15:14:34,62,b259ad7b374273c26bec3567023bb3cef7a54a76409fb3688a4ef5ae3e07d4ba
2024-09-30 15:14:34,62,b259ad7b374273c26bec3567023bb3cef7a54a76409fb3688a4ef5ae3e07d4ba
2024-09-30 15:14:34,62,b259ad7b374273c26bec3567023bb3cef7a54a76409fb3688a4ef5ae3e07d4ba
2024-09-30 15:14:39,62,18248f005b7493422ea25abcce7179b6d01446ebce2f14824bfbdbbe7f402bb9
2024-09-30 15:14:41,62,bf2c2f0f075485f729148b9a032c5aad4314def9953c37f89024b63d1968dd38
2024-09-30 15:14:41,62,18248f005b7493422ea25abcce7179b6d01446ebce2f14824bfbdbbe7f402bb9
2024-09-30 15:14:42,62,18248f005b7493422ea25abcce7179b6d01446ebce2f14824bfbdbbe7f402bb9
2024-09-30 15:14:42,62,18248f005b7493422ea25abcce7179b6d01446ebce2f14824bfbdbbe7f402bb9
2024-09-30 15:14:42,62,18248f005b7493422ea25abcce7179b6d01446ebce2f14824bfbdbbe7f402bb9
2024-09-30 15:14:45,62,18248f005b7493422ea25abcce7179b6d01446ebce2f14824bfbdbbe7f402bb9
2024-09-30 15:14:46,62,18248f005b7493422ea25abcce7179b6d01446ebce2f14824bfbdbbe7f402bb9
2024-09-30 15:14:46,62,18248f005b7493422ea25abcce7179b6d01446ebce2f14824bfbdbbe7f402bb9
2024-09-30 15:14:53,62,18248f005b7493422ea25abcce7179b6d01446ebce2f14824bfbdbbe7f402bb9
2024-09-30 15:14:54,62,18248f005b7493422ea25abcce7179b6d01446ebce2f14824bfbdbbe7f402bb9
2024-09-30 15:14:54,62,18248f005b7493422ea25abcce7179b6d01446ebce2f14824bfbdbbe7f402bb9
2024-09-30 15:14:54,62,18248f005b7493422ea25abcce7179b6d01446ebce2f14824bfbdbbe7f402bb9
2024-09-30 15:14:54,62,18248f005b7493422ea25abcce7179b6d01446ebce2f14824bfbdbbe7f402bb9
2024-09-30 15:14:56,62,18248f005b7493422ea25abcce7179b6d01446ebce2f14824bfbdbbe7f402bb9
2024-09-30 15:14:56,62,18248f005b7493422ea25abcce7179b6d01446ebce2f14824bfbdbbe7f402bb9
2024-09-30 15:14:56,62,18248f005b7493422ea25abcce7179b6d01446ebce2f14824bfbdbbe7f402bb9
2024-09-30 15:14:58,62,18248f005b7493422ea25abcce7179b6d01446ebce2f14824bfbdbbe7f402bb9
2024-09-30 15:15:00,62,ac6bdf2d5686dae420b8fa528fcc9b72514a3cbbdca201fadac306c2091d9b0c
2024-09-30 15:15:03,62,18248f005b7493422ea25abcce7179b6d01446ebce2f14824bfbdbbe7f402bb9
2024-09-30 15:15:03,62,18248f005b7493422ea25abcce7179b6d01446ebce2f14824bfbdbbe7f402bb9
2024-09-30 15:15:04,62,01fbae127e8db09da74812bde292eb77d2a68a7897a5571bb7c33ad12264102a
2024-09-30 15:15:04,62,01fbae127e8db09da74812bde292eb77d2a68a7897a5571bb7c33ad12264102a
2024-09-30 15:15:04,62,01fbae127e8db09da74812bde292eb77d2a68a7897a5571bb7c33ad12264102a
2024-09-30 15:15:05,62,18248f005b7493422ea25abcce7179b6d01446ebce2f14824bfbdbbe7f402bb9
2024-09-30 15:15:05,62,18248f005b7493422ea25abcce7179b6d01446ebce2f14824bfbdbbe7f402bb9
2024-09-30 15:15:05,62,18248f005b7493422ea25abcce7179b6d01446ebce2f14824bfbdbbe7f402bb9
2024-09-30 15:15:05,62,18248f005b7493422ea25abcce7179b6d01446ebce2f14824bfbdbbe7f402bb9
2024-09-30 15:15:05,62,18248f005b7493422ea25abcce7179b6d01446ebce2f14824bfbdbbe7f402bb9
2024-09-30 15:15:12,62,18248f005b7493422ea25abcce7179b6d01446ebce2f14824bfbdbbe7f402bb9
2024-09-30 15:15:13,62,18248f005b7493422ea25abcce7179b6d01446ebce2f14824bfbdbbe7f402bb9
2024-09-30 15:15:13,62,18248f005b7493422ea25abcce7179b6d01446ebce2f14824bfbdbbe7f402bb9
2024-09-30 15:15:13,62,18248f005b7493422ea25abcce7179b6d01446ebce2f14824bfbdbbe7f402bb9
2024-09-30 15:15:14,62,01fbae127e8db09da74812bde292eb77d2a68a7897a5571bb7c33ad12264102a
2024-09-30 15:15:17,62,18248f005b7493422ea25abcce7179b6d01446ebce2f14824bfbdbbe7f402bb9
2024-09-30 15:15:17,62,18248f005b7493422ea25abcce7179b6d01446ebce2f14824bfbdbbe7f402bb9
2024-09-30 15:15:20,62,18248f005b7493422ea25abcce7179b6d01446ebce2f14824bfbdbbe7f402bb9
2024-09-30 15:15:24,62,18248f005b7493422ea25abcce7179b6d01446ebce2f14824bfbdbbe7f402bb9
2024-09-30 15:15:24,62,18248f005b7493422ea25abcce7179b6d01446ebce2f14824bfbdbbe7f402bb9
2024-09-30 15:15:27,62,01fbae127e8db09da74812bde292eb77d2a68a7897a5571bb7c33ad12264102a
2024-09-30 15:15:27,62,01fbae127e8db09da74812bde292eb77d2a68a7897a5571bb7c33ad12264102a
2024-09-30 15:15:27,62,01fbae127e8db09da74812bde292eb77d2a68a7897a5571bb7c33ad12264102a
2024-09-30 15:15:27,62,01fbae127e8db09da74812bde292eb77d2a68a7897a5571bb7c33ad12264102a
2024-09-30 15:15:38,62,18248f005b7493422ea25abcce7179b6d01446ebce2f14824bfbdbbe7f402bb9
2024-09-30 15:15:39,62,f214df8686dde5873f6737cdf93909d29f9b61e55a05fd900714072e85e7e2d9
2024-09-30 15:15:45,62,b259ad7b374273c26bec3567023bb3cef7a54a76409fb3688a4ef5ae3e07d4ba
2024-09-30 15:15:47,62,01fbae127e8db09da74812bde292eb77d2a68a7897a5571bb7c33ad12264102a
2024-09-30 15:15:47,62,01fbae127e8db09da74812bde292eb77d2a68a7897a5571bb7c33ad12264102a
2024-09-30 15:15:56,62,18248f005b7493422ea25abcce7179b6d01446ebce2f14824bfbdbbe7f402bb9
2024-09-30 15:15:56,62,18248f005b7493422ea25abcce7179b6d01446ebce2f14824bfbdbbe7f402bb9
2024-09-30 15:16:10,62,18248f005b7493422ea25abcce7179b6d01446ebce2f14824bfbdbbe7f402bb9
2024-09-30 15:16:10,62,18248f005b7493422ea25abcce7179b6d01446ebce2f14824bfbdbbe7f402bb9
2024-09-30 15:16:11,62,18248f005b7493422ea25abcce7179b6d01446ebce2f14824bfbdbbe7f402bb9
2024-09-30 15:16:21,62,bf2c2f0f075485f729148b9a032c5aad4314def9953c37f89024b63d1968dd38
2024-09-30 15:16:21,62,bf2c2f0f075485f729148b9a032c5aad4314def9953c37f89024b63d1968dd38
2024-09-30 15:17:02,62,18248f005b7493422ea25abcce7179b6d01446ebce2f14824bfbdbbe7f402bb9
2024-09-30 15:17:02,62,18248f005b7493422ea25abcce7179b6d01446ebce2f14824bfbdbbe7f402bb9
2024-09-30 15:17:02,62,18248f005b7493422ea25abcce7179b6d01446ebce2f14824bfbdbbe7f402bb9
2024-09-30 15:17:11,62,18248f005b7493422ea25abcce7179b6d01446ebce2f14824bfbdbbe7f402bb9
2024-09-30 15:17:13,62,18248f005b7493422ea25abcce7179b6d01446ebce2f14824bfbdbbe7f402bb9
2024-09-30 15:17:13,62,18248f005b7493422ea25abcce7179b6d01446ebce2f14824bfbdbbe7f402bb9
2024-09-30 15:17:21,62,18248f005b7493422ea25abcce7179b6d01446ebce2f14824bfbdbbe7f402bb9
2024-09-30 15:17:21,62,18248f005b7493422ea25abcce7179b6d01446ebce2f14824bfbdbbe7f402bb9
2024-09-30 15:17:21,62,18248f005b7493422ea25abcce7179b6d01446ebce2f14824bfbdbbe7f402bb9
2024-09-30 15:17:21,62,18248f005b7493422ea25abcce7179b6d01446ebce2f14824bfbdbbe7f402bb9
2024-09-30 15:17:23,62,18248f005b7493422ea25abcce7179b6d01446ebce2f14824bfbdbbe7f402bb9
2024-09-30 15:17:26,62,18248f005b7493422ea25abcce7179b6d01446ebce2f14824bfbdbbe7f402bb9
2024-09-30 15:17:31,62,e7f1d228b933e6a524fad4ef4080a69bf7d532569565ce3ae716788f5c33b5fd
2024-09-30 15:17:31,62,e7f1d228b933e6a524fad4ef4080a69bf7d532569565ce3ae716788f5c33b5fd
2024-09-30 15:17:33,62,01fbae127e8db09da74812bde292eb77d2a68a7897a5571bb7c33ad12264102a
2024-09-30 15:17:33,62,01fbae127e8db09da74812bde292eb77d2a68a7897a5571bb7c33ad12264102a
2024-09-30 15:17:33,62,01fbae127e8db09da74812bde292eb77d2a68a7897a5571bb7c33ad12264102a
2024-09-30 15:17:33,62,01fbae127e8db09da74812bde292eb77d2a68a7897a5571bb7c33ad12264102a
2024-09-30 15:17:57,62,18248f005b7493422ea25abcce7179b6d01446ebce2f14824bfbdbbe7f402bb9
2024-09-30 15:18:00,62,ac6bdf2d5686dae420b8fa528fcc9b72514a3cbbdca201fadac306c2091d9b0c
2024-09-30 15:18:11,62,3a3a04e19a6a28a33a4ca84ab7bd140a3b3efabb05817b93fc3a71aefb910833
2024-09-30 15:18:19,62,f214df8686dde5873f6737cdf93909d29f9b61e55a05fd900714072e85e7e2d9
2024-09-30 15:18:19,62,f214df8686dde5873f6737cdf93909d29f9b61e55a05fd900714072e85e7e2d9
2024-09-30 15:18:19,62,f214df8686dde5873f6737cdf93909d29f9b61e55a05fd900714072e85e7e2d9
2024-09-30 15:18:19,62,f214df8686dde5873f6737cdf93909d29f9b61e55a05fd900714072e85e7e2d9
2024-09-30 15:18:19,62,18248f005b7493422ea25abcce7179b6d01446ebce2f14824bfbdbbe7f402bb9
2024-09-30 15:18:20,62,18248f005b7493422ea25abcce7179b6d01446ebce2f14824bfbdbbe7f402bb9
2024-09-30 15:18:20,62,18248f005b7493422ea25abcce7179b6d01446ebce2f14824bfbdbbe7f402bb9
2024-09-30 15:18:20,62,18248f005b7493422ea25abcce7179b6d01446ebce2f14824bfbdbbe7f402bb9
2024-09-30 15:18:20,62,18248f005b7493422ea25abcce7179b6d01446ebce2f14824bfbdbbe7f402bb9
2024-09-30 15:18:20,62,18248f005b7493422ea25abcce7179b6d01446ebce2f14824bfbdbbe7f402bb9
2024-09-30 15:18:20,62,18248f005b7493422ea25abcce7179b6d01446ebce2f14824bfbdbbe7f402bb9
2024-09-30 15:18:22,62,01fbae127e8db09da74812bde292eb77d2a68a7897a5571bb7c33ad12264102a
2024-09-30 15:18:22,62,01fbae127e8db09da74812bde292eb77d2a68a7897a5571bb7c33ad12264102a
2024-09-30 15:18:22,62,01fbae127e8db09da74812bde292eb77d2a68a7897a5571bb7c33ad12264102a
2024-09-30 15:18:33,62,18248f005b7493422ea25abcce7179b6d01446ebce2f14824bfbdbbe7f402bb9
2024-09-30 15:18:33,62,18248f005b7493422ea25abcce7179b6d01446ebce2f14824bfbdbbe7f402bb9
2024-09-30 15:18:39,62,18248f005b7493422ea25abcce7179b6d01446ebce2f14824bfbdbbe7f402bb9
2024-09-30 15:18:39,62,18248f005b7493422ea25abcce7179b6d01446ebce2f14824bfbdbbe7f402bb9
2024-09-30 15:18:39,62,18248f005b7493422ea25abcce7179b6d01446ebce2f14824bfbdbbe7f402bb9
2024-09-30 15:18:47,62,18248f005b7493422ea25abcce7179b6d01446ebce2f14824bfbdbbe7f402bb9
2024-09-30 15:18:47,62,18248f005b7493422ea25abcce7179b6d01446ebce2f14824bfbdbbe7f402bb9
2024-09-30 15:18:47,62,18248f005b7493422ea25abcce7179b6d01446ebce2f14824bfbdbbe7f402bb9
2024-09-30 15:18:51,62,18248f005b7493422ea25abcce7179b6d01446ebce2f14824bfbdbbe7f402bb9
2024-09-30 15:18:51,62,18248f005b7493422ea25abcce7179b6d01446ebce2f14824bfbdbbe7f402bb9
2024-09-30 15:18:53,62,18248f005b7493422ea25abcce7179b6d01446ebce2f14824bfbdbbe7f402bb9
2024-09-30 15:18:53,62,18248f005b7493422ea25abcce7179b6d01446ebce2f14824bfbdbbe7f402bb9
2024-09-30 15:18:55,62,18248f005b7493422ea25abcce7179b6d01446ebce2f14824bfbdbbe7f402bb9
2024-09-30 15:18:55,62,18248f005b7493422ea25abcce7179b6d01446ebce2f14824bfbdbbe7f402bb9
2024-09-30 15:18:55,62,18248f005b7493422ea25abcce7179b6d01446ebce2f14824bfbdbbe7f402bb9
2024-09-30 15:18:55,62,18248f005b7493422ea25abcce7179b6d01446ebce2f14824bfbdbbe7f402bb9
2024-09-30 15:18:55,62,18248f005b7493422ea25abcce7179b6d01446ebce2f14824bfbdbbe7f402bb9
2024-09-30 15:19:04,62,18248f005b7493422ea25abcce7179b6d01446ebce2f14824bfbdbbe7f402bb9
2024-09-30 15:19:04,62,18248f005b7493422ea25abcce7179b6d01446ebce2f14824bfbdbbe7f402bb9
2024-09-30 15:19:04,62,18248f005b7493422ea25abcce7179b6d01446ebce2f14824bfbdbbe7f402bb9
2024-09-30 15:19:04,62,18248f005b7493422ea25abcce7179b6d01446ebce2f14824bfbdbbe7f402bb9
2024-09-30 15:19:06,62,18248f005b7493422ea25abcce7179b6d01446ebce2f14824bfbdbbe7f402bb9
2024-09-30 15:19:06,62,18248f005b7493422ea25abcce7179b6d01446ebce2f14824bfbdbbe7f402bb9
2024-09-30 15:19:15,62,18248f005b7493422ea25abcce7179b6d01446ebce2f14824bfbdbbe7f402bb9
2024-09-30 15:19:15,62,18248f005b7493422ea25abcce7179b6d01446ebce2f14824bfbdbbe7f402bb9
2024-09-30 15:19:20,62,3a3a04e19a6a28a33a4ca84ab7bd140a3b3efabb05817b93fc3a71aefb910833
2024-09-30 15:19:20,62,3a3a04e19a6a28a33a4ca84ab7bd140a3b3efabb05817b93fc3a71aefb910833
2024-09-30 15:19:27,62,18248f005b7493422ea25abcce7179b6d01446ebce2f14824bfbdbbe7f402bb9
2024-09-30 15:19:27,62,18248f005b7493422ea25abcce7179b6d01446ebce2f14824bfbdbbe7f402bb9
2024-09-30 15:19:27,62,18248f005b7493422ea25abcce7179b6d01446ebce2f14824bfbdbbe7f402bb9
2024-09-30 15:19:27,62,18248f005b7493422ea25abcce7179b6d01446ebce2f14824bfbdbbe7f402bb9
2024-09-30 15:19:41,62,18248f005b7493422ea25abcce7179b6d01446ebce2f14824bfbdbbe7f402bb9
2024-09-30 15:19:41,62,18248f005b7493422ea25abcce7179b6d01446ebce2f14824bfbdbbe7f402bb9
2024-09-30 15:19:43,62,18248f005b7493422ea25abcce7179b6d01446ebce2f14824bfbdbbe7f402bb9
2024-09-30 15:19:43,62,18248f005b7493422ea25abcce7179b6d01446ebce2f14824bfbdbbe7f402bb9
2024-09-30 15:19:51,62,18248f005b7493422ea25abcce7179b6d01446ebce2f14824bfbdbbe7f402bb9
2024-09-30 15:19:51,62,18248f005b7493422ea25abcce7179b6d01446ebce2f14824bfbdbbe7f402bb9
2024-09-30 15:19:52,62,18248f005b7493422ea25abcce7179b6d01446ebce2f14824bfbdbbe7f402bb9
2024-09-30 15:19:53,62,18248f005b7493422ea25abcce7179b6d01446ebce2f14824bfbdbbe7f402bb9
2024-09-30 15:19:58,62,18248f005b7493422ea25abcce7179b6d01446ebce2f14824bfbdbbe7f402bb9
2024-09-30 15:20:02,62,18248f005b7493422ea25abcce7179b6d01446ebce2f14824bfbdbbe7f402bb9
2024-09-30 15:20:10,62,18248f005b7493422ea25abcce7179b6d01446ebce2f14824bfbdbbe7f402bb9
2024-09-30 15:20:12,62,18248f005b7493422ea25abcce7179b6d01446ebce2f14824bfbdbbe7f402bb9
2024-09-30 15:20:18,62,01fbae127e8db09da74812bde292eb77d2a68a7897a5571bb7c33ad12264102a
2024-09-30 15:20:19,62,01fbae127e8db09da74812bde292eb77d2a68a7897a5571bb7c33ad12264102a
2024-09-30 15:20:19,62,01fbae127e8db09da74812bde292eb77d2a68a7897a5571bb7c33ad12264102a
2024-09-30 15:20:22,62,18248f005b7493422ea25abcce7179b6d01446ebce2f14824bfbdbbe7f402bb9
2024-09-30 15:20:22,62,18248f005b7493422ea25abcce7179b6d01446ebce2f14824bfbdbbe7f402bb9
2024-09-30 15:20:27,62,18248f005b7493422ea25abcce7179b6d01446ebce2f14824bfbdbbe7f402bb9
2024-09-30 15:20:27,62,18248f005b7493422ea25abcce7179b6d01446ebce2f14824bfbdbbe7f402bb9
2024-09-30 15:20:31,62,766888e132d22c9fe03011cecd2cfd06e53bcf30175e083dfde7cd3cdbe1d419
2024-09-30 15:20:31,62,766888e132d22c9fe03011cecd2cfd06e53bcf30175e083dfde7cd3cdbe1d419
2024-09-30 15:20:31,62,766888e132d22c9fe03011cecd2cfd06e53bcf30175e083dfde7cd3cdbe1d419
2024-09-30 15:20:31,62,766888e132d22c9fe03011cecd2cfd06e53bcf30175e083dfde7cd3cdbe1d419
2024-09-30 15:20:31,62,766888e132d22c9fe03011cecd2cfd06e53bcf30175e083dfde7cd3cdbe1d419
2024-09-30 15:20:32,62,18248f005b7493422ea25abcce7179b6d01446ebce2f14824bfbdbbe7f402bb9
2024-09-30 15:20:32,62,18248f005b7493422ea25abcce7179b6d01446ebce2f14824bfbdbbe7f402bb9
2024-09-30 15:20:37,62,18248f005b7493422ea25abcce7179b6d01446ebce2f14824bfbdbbe7f402bb9
2024-09-30 15:20:59,62,f214df8686dde5873f6737cdf93909d29f9b61e55a05fd900714072e85e7e2d9
2024-09-30 15:20:59,62,f214df8686dde5873f6737cdf93909d29f9b61e55a05fd900714072e85e7e2d9
2024-09-30 15:20:59,62,f214df8686dde5873f6737cdf93909d29f9b61e55a05fd900714072e85e7e2d9
2024-09-30 15:20:59,62,f214df8686dde5873f6737cdf93909d29f9b61e55a05fd900714072e85e7e2d9
2024-09-30 15:21:00,62,ac6bdf2d5686dae420b8fa528fcc9b72514a3cbbdca201fadac306c2091d9b0c
2024-09-30 15:21:00,62,ac6bdf2d5686dae420b8fa528fcc9b72514a3cbbdca201fadac306c2091d9b0c
2024-09-30 15:21:01,62,18248f005b7493422ea25abcce7179b6d01446ebce2f14824bfbdbbe7f402bb9
2024-09-30 15:21:16,62,01fbae127e8db09da74812bde292eb77d2a68a7897a5571bb7c33ad12264102a
2024-09-30 15:21:16,62,01fbae127e8db09da74812bde292eb77d2a68a7897a5571bb7c33ad12264102a
2024-09-30 15:21:16,62,01fbae127e8db09da74812bde292eb77d2a68a7897a5571bb7c33ad12264102a
2024-09-30 15:21:16,62,01fbae127e8db09da74812bde292eb77d2a68a7897a5571bb7c33ad12264102a
2024-09-30 15:21:28,62,3901688d33322be8e6e95730a2d46b3b729d303d6507bd4ac75095ad5a7df8e8
2024-09-30 15:21:28,62,18248f005b7493422ea25abcce7179b6d01446ebce2f14824bfbdbbe7f402bb9
2024-09-30 15:21:31,62,18248f005b7493422ea25abcce7179b6d01446ebce2f14824bfbdbbe7f402bb9
2024-09-30 15:21:31,62,18248f005b7493422ea25abcce7179b6d01446ebce2f14824bfbdbbe7f402bb9
2024-09-30 15:21:34,62,18248f005b7493422ea25abcce7179b6d01446ebce2f14824bfbdbbe7f402bb9
2024-09-30 15:21:34,62,18248f005b7493422ea25abcce7179b6d01446ebce2f14824bfbdbbe7f402bb9
2024-09-30 15:21:35,62,18248f005b7493422ea25abcce7179b6d01446ebce2f14824bfbdbbe7f402bb9
2024-09-30 15:21:36,62,18248f005b7493422ea25abcce7179b6d01446ebce2f14824bfbdbbe7f402bb9
2024-09-30 15:21:36,62,18248f005b7493422ea25abcce7179b6d01446ebce2f14824bfbdbbe7f402bb9
2024-09-30 15:21:36,62,18248f005b7493422ea25abcce7179b6d01446ebce2f14824bfbdbbe7f402bb9
2024-09-30 15:21:36,62,18248f005b7493422ea25abcce7179b6d01446ebce2f14824bfbdbbe7f402bb9
2024-09-30 15:21:36,62,18248f005b7493422ea25abcce7179b6d01446ebce2f14824bfbdbbe7f402bb9
2024-09-30 15:21:36,62,18248f005b7493422ea25abcce7179b6d01446ebce2f14824bfbdbbe7f402bb9
2024-09-30 15:21:36,62,18248f005b7493422ea25abcce7179b6d01446ebce2f14824bfbdbbe7f402bb9
2024-09-30 15:21:39,62,18248f005b7493422ea25abcce7179b6d01446ebce2f14824bfbdbbe7f402bb9
2024-09-30 15:21:40,62,18248f005b7493422ea25abcce7179b6d01446ebce2f14824bfbdbbe7f402bb9
2024-09-30 15:21:40,62,18248f005b7493422ea25abcce7179b6d01446ebce2f14824bfbdbbe7f402bb9
2024-09-30 15:21:43,62,18248f005b7493422ea25abcce7179b6d01446ebce2f14824bfbdbbe7f402bb9
2024-09-30 15:21:43,62,18248f005b7493422ea25abcce7179b6d01446ebce2f14824bfbdbbe7f402bb9
2024-09-30 15:21:44,62,18248f005b7493422ea25abcce7179b6d01446ebce2f14824bfbdbbe7f402bb9
2024-09-30 15:21:44,62,18248f005b7493422ea25abcce7179b6d01446ebce2f14824bfbdbbe7f402bb9
2024-09-30 15:21:44,62,18248f005b7493422ea25abcce7179b6d01446ebce2f14824bfbdbbe7f402bb9
2024-09-30 15:21:44,62,18248f005b7493422ea25abcce7179b6d01446ebce2f14824bfbdbbe7f402bb9
2024-09-30 15:21:49,62,18248f005b7493422ea25abcce7179b6d01446ebce2f14824bfbdbbe7f402bb9
2024-09-30 15:21:49,62,18248f005b7493422ea25abcce7179b6d01446ebce2f14824bfbdbbe7f402bb9
2024-09-30 15:22:03,62,18248f005b7493422ea25abcce7179b6d01446ebce2f14824bfbdbbe7f402bb9
2024-09-30 15:22:09,62,18248f005b7493422ea25abcce7179b6d01446ebce2f14824bfbdbbe7f402bb9
2024-09-30 15:22:09,62,18248f005b7493422ea25abcce7179b6d01446ebce2f14824bfbdbbe7f402bb9
2024-09-30 15:22:10,62,18248f005b7493422ea25abcce7179b6d01446ebce2f14824bfbdbbe7f402bb9
2024-09-30 15:22:10,62,18248f005b7493422ea25abcce7179b6d01446ebce2f14824bfbdbbe7f402bb9
2024-09-30 15:22:10,62,18248f005b7493422ea25abcce7179b6d01446ebce2f14824bfbdbbe7f402bb9
2024-09-30 15:22:10,62,18248f005b7493422ea25abcce7179b6d01446ebce2f14824bfbdbbe7f402bb9
2024-09-30 15:22:11,62,18248f005b7493422ea25abcce7179b6d01446ebce2f14824bfbdbbe7f402bb9
2024-09-30 15:22:16,62,18248f005b7493422ea25abcce7179b6d01446ebce2f14824bfbdbbe7f402bb9
2024-09-30 15:22:17,62,18248f005b7493422ea25abcce7179b6d01446ebce2f14824bfbdbbe7f402bb9
2024-09-30 15:22:17,62,18248f005b7493422ea25abcce7179b6d01446ebce2f14824bfbdbbe7f402bb9
2024-09-30 15:22:17,62,18248f005b7493422ea25abcce7179b6d01446ebce2f14824bfbdbbe7f402bb9
2024-09-30 15:22:17,62,18248f005b7493422ea25abcce7179b6d01446ebce2f14824bfbdbbe7f402bb9
2024-09-30 15:22:18,62,18248f005b7493422ea25abcce7179b6d01446ebce2f14824bfbdbbe7f402bb9
2024-09-30 15:22:18,62,18248f005b7493422ea25abcce7179b6d01446ebce2f14824bfbdbbe7f402bb9
2024-09-30 15:22:29,62,18248f005b7493422ea25abcce7179b6d01446ebce2f14824bfbdbbe7f402bb9
2024-09-30 15:22:36,62,18248f005b7493422ea25abcce7179b6d01446ebce2f14824bfbdbbe7f402bb9
2024-09-30 15:22:36,62,18248f005b7493422ea25abcce7179b6d01446ebce2f14824bfbdbbe7f402bb9
2024-09-30 15:22:38,62,18248f005b7493422ea25abcce7179b6d01446ebce2f14824bfbdbbe7f402bb9
2024-09-30 15:22:39,62,18248f005b7493422ea25abcce7179b6d01446ebce2f14824bfbdbbe7f402bb9
2024-09-30 15:22:41,62,18248f005b7493422ea25abcce7179b6d01446ebce2f14824bfbdbbe7f402bb9
2024-09-30 15:22:41,62,18248f005b7493422ea25abcce7179b6d01446ebce2f14824bfbdbbe7f402bb9
2024-09-30 15:22:43,62,18248f005b7493422ea25abcce7179b6d01446ebce2f14824bfbdbbe7f402bb9
2024-09-30 15:22:43,62,18248f005b7493422ea25abcce7179b6d01446ebce2f14824bfbdbbe7f402bb9
2024-09-30 15:22:44,62,18248f005b7493422ea25abcce7179b6d01446ebce2f14824bfbdbbe7f402bb9
2024-09-30 15:22:47,62,18248f005b7493422ea25abcce7179b6d01446ebce2f14824bfbdbbe7f402bb9
2024-09-30 15:22:47,62,18248f005b7493422ea25abcce7179b6d01446ebce2f14824bfbdbbe7f402bb9
2024-09-30 15:22:47,62,18248f005b7493422ea25abcce7179b6d01446ebce2f14824bfbdbbe7f402bb9
2024-09-30 15:22:54,62,01fbae127e8db09da74812bde292eb77d2a68a7897a5571bb7c33ad12264102a
2024-09-30 15:22:54,62,01fbae127e8db09da74812bde292eb77d2a68a7897a5571bb7c33ad12264102a
2024-09-30 15:22:54,62,01fbae127e8db09da74812bde292eb77d2a68a7897a5571bb7c33ad12264102a
2024-09-30 15:22:54,62,01fbae127e8db09da74812bde292eb77d2a68a7897a5571bb7c33ad12264102a
2024-09-30 15:22:54,62,01fbae127e8db09da74812bde292eb77d2a68a7897a5571bb7c33ad12264102a
2024-09-30 15:22:54,62,01fbae127e8db09da74812bde292eb77d2a68a7897a5571bb7c33ad12264102a
2024-09-30 15:22:55,62,18248f005b7493422ea25abcce7179b6d01446ebce2f14824bfbdbbe7f402bb9
2024-09-30 15:22:55,62,18248f005b7493422ea25abcce7179b6d01446ebce2f14824bfbdbbe7f402bb9
2024-09-30 15:22:55,62,18248f005b7493422ea25abcce7179b6d01446ebce2f14824bfbdbbe7f402bb9
2024-09-30 15:22:56,62,18248f005b7493422ea25abcce7179b6d01446ebce2f14824bfbdbbe7f402bb9
2024-09-30 15:22:56,62,18248f005b7493422ea25abcce7179b6d01446ebce2f14824bfbdbbe7f402bb9
2024-09-30 15:23:05,62,18248f005b7493422ea25abcce7179b6d01446ebce2f14824bfbdbbe7f402bb9
2024-09-30 15:23:10,62,18248f005b7493422ea25abcce7179b6d01446ebce2f14824bfbdbbe7f402bb9
2024-09-30 15:23:14,62,01fbae127e8db09da74812bde292eb77d2a68a7897a5571bb7c33ad12264102a
2024-09-30 15:23:14,62,01fbae127e8db09da74812bde292eb77d2a68a7897a5571bb7c33ad12264102a
2024-09-30 15:23:15,62,18248f005b7493422ea25abcce7179b6d01446ebce2f14824bfbdbbe7f402bb9
2024-09-30 15:23:19,62,c81372ca9529ddeb87790ff76f6745ec6870bc09bcdd705d8da7bfde78aed086
2024-09-30 15:23:19,62,c81372ca9529ddeb87790ff76f6745ec6870bc09bcdd705d8da7bfde78aed086
2024-09-30 15:23:19,62,c81372ca9529ddeb87790ff76f6745ec6870bc09bcdd705d8da7bfde78aed086
2024-09-30 15:23:19,62,c81372ca9529ddeb87790ff76f6745ec6870bc09bcdd705d8da7bfde78aed086
2024-09-30 15:23:19,62,c81372ca9529ddeb87790ff76f6745ec6870bc09bcdd705d8da7bfde78aed086
2024-09-30 15:23:19,62,c81372ca9529ddeb87790ff76f6745ec6870bc09bcdd705d8da7bfde78aed086
2024-09-30 15:23:19,62,c81372ca9529ddeb87790ff76f6745ec6870bc09bcdd705d8da7bfde78aed086
2024-09-30 15:23:19,62,c81372ca9529ddeb87790ff76f6745ec6870bc09bcdd705d8da7bfde78aed086
2024-09-30 15:23:20,62,c81372ca9529ddeb87790ff76f6745ec6870bc09bcdd705d8da7bfde78aed086
2024-09-30 15:23:20,62,c81372ca9529ddeb87790ff76f6745ec6870bc09bcdd705d8da7bfde78aed086
2024-09-30 15:23:20,62,c81372ca9529ddeb87790ff76f6745ec6870bc09bcdd705d8da7bfde78aed086
2024-09-30 15:23:20,62,c81372ca9529ddeb87790ff76f6745ec6870bc09bcdd705d8da7bfde78aed086
2024-09-30 15:23:20,62,c81372ca9529ddeb87790ff76f6745ec6870bc09bcdd705d8da7bfde78aed086
2024-09-30 15:23:20,62,c81372ca9529ddeb87790ff76f6745ec6870bc09bcdd705d8da7bfde78aed086
2024-09-30 15:23:20,62,c81372ca9529ddeb87790ff76f6745ec6870bc09bcdd705d8da7bfde78aed086
2024-09-30 15:23:20,62,c81372ca9529ddeb87790ff76f6745ec6870bc09bcdd705d8da7bfde78aed086
2024-09-30 15:23:34,62,01fbae127e8db09da74812bde292eb77d2a68a7897a5571bb7c33ad12264102a
2024-09-30 15:23:34,62,01fbae127e8db09da74812bde292eb77d2a68a7897a5571bb7c33ad12264102a
2024-09-30 15:23:34,62,01fbae127e8db09da74812bde292eb77d2a68a7897a5571bb7c33ad12264102a
2024-09-30 15:23:37,62,ac6bdf2d5686dae420b8fa528fcc9b72514a3cbbdca201fadac306c2091d9b0c
2024-09-30 15:23:37,62,ac6bdf2d5686dae420b8fa528fcc9b72514a3cbbdca201fadac306c2091d9b0c
2024-09-30 15:23:37,62,ac6bdf2d5686dae420b8fa528fcc9b72514a3cbbdca201fadac306c2091d9b0c
2024-09-30 15:23:44,62,b259ad7b374273c26bec3567023bb3cef7a54a76409fb3688a4ef5ae3e07d4ba
2024-09-30 15:23:44,62,b259ad7b374273c26bec3567023bb3cef7a54a76409fb3688a4ef5ae3e07d4ba
2024-09-30 15:23:44,62,b259ad7b374273c26bec3567023bb3cef7a54a76409fb3688a4ef5ae3e07d4ba
2024-09-30 15:23:44,62,b259ad7b374273c26bec3567023bb3cef7a54a76409fb3688a4ef5ae3e07d4ba
2024-09-30 15:23:44,62,b259ad7b374273c26bec3567023bb3cef7a54a76409fb3688a4ef5ae3e07d4ba
2024-09-30 15:23:44,62,b259ad7b374273c26bec3567023bb3cef7a54a76409fb3688a4ef5ae3e07d4ba
2024-09-30 15:23:44,62,b259ad7b374273c26bec3567023bb3cef7a54a76409fb3688a4ef5ae3e07d4ba
2024-09-30 15:23:44,62,b259ad7b374273c26bec3567023bb3cef7a54a76409fb3688a4ef5ae3e07d4ba
2024-09-30 15:23:44,62,b259ad7b374273c26bec3567023bb3cef7a54a76409fb3688a4ef5ae3e07d4ba
2024-09-30 15:23:44,62,b259ad7b374273c26bec3567023bb3cef7a54a76409fb3688a4ef5ae3e07d4ba
2024-09-30 15:23:55,62,18248f005b7493422ea25abcce7179b6d01446ebce2f14824bfbdbbe7f402bb9
2024-09-30 15:23:58,62,18248f005b7493422ea25abcce7179b6d01446ebce2f14824bfbdbbe7f402bb9
2024-09-30 15:24:00,62,ac6bdf2d5686dae420b8fa528fcc9b72514a3cbbdca201fadac306c2091d9b0c
2024-09-30 15:24:00,62,ac6bdf2d5686dae420b8fa528fcc9b72514a3cbbdca201fadac306c2091d9b0c
2024-09-30 15:24:00,62,ac6bdf2d5686dae420b8fa528fcc9b72514a3cbbdca201fadac306c2091d9b0c
2024-09-30 15:24:02,62,18248f005b7493422ea25abcce7179b6d01446ebce2f14824bfbdbbe7f402bb9
2024-09-30 15:24:02,62,18248f005b7493422ea25abcce7179b6d01446ebce2f14824bfbdbbe7f402bb9
2024-09-30 15:24:03,62,18248f005b7493422ea25abcce7179b6d01446ebce2f14824bfbdbbe7f402bb9
2024-09-30 15:24:03,62,18248f005b7493422ea25abcce7179b6d01446ebce2f14824bfbdbbe7f402bb9
2024-09-30 15:24:03,62,18248f005b7493422ea25abcce7179b6d01446ebce2f14824bfbdbbe7f402bb9
2024-09-30 15:24:12,62,18248f005b7493422ea25abcce7179b6d01446ebce2f14824bfbdbbe7f402bb9
2024-09-30 15:24:12,62,18248f005b7493422ea25abcce7179b6d01446ebce2f14824bfbdbbe7f402bb9
2024-09-30 15:24:23,62,18248f005b7493422ea25abcce7179b6d01446ebce2f14824bfbdbbe7f402bb9
2024-09-30 15:24:23,62,18248f005b7493422ea25abcce7179b6d01446ebce2f14824bfbdbbe7f402bb9
2024-09-30 15:24:23,62,18248f005b7493422ea25abcce7179b6d01446ebce2f14824bfbdbbe7f402bb9
2024-09-30 15:24:26,62,18248f005b7493422ea25abcce7179b6d01446ebce2f14824bfbdbbe7f402bb9
2024-09-30 15:24:27,62,01fbae127e8db09da74812bde292eb77d2a68a7897a5571bb7c33ad12264102a
2024-09-30 15:24:37,62,ac6bdf2d5686dae420b8fa528fcc9b72514a3cbbdca201fadac306c2091d9b0c
2024-09-30 15:24:57,62,01fbae127e8db09da74812bde292eb77d2a68a7897a5571bb7c33ad12264102a
2024-09-30 15:25:02,62,18248f005b7493422ea25abcce7179b6d01446ebce2f14824bfbdbbe7f402bb9
2024-09-30 15:25:02,62,18248f005b7493422ea25abcce7179b6d01446ebce2f14824bfbdbbe7f402bb9
2024-09-30 15:25:02,62,18248f005b7493422ea25abcce7179b6d01446ebce2f14824bfbdbbe7f402bb9
2024-09-30 15:25:02,62,18248f005b7493422ea25abcce7179b6d01446ebce2f14824bfbdbbe7f402bb9
2024-09-30 15:25:02,62,18248f005b7493422ea25abcce7179b6d01446ebce2f14824bfbdbbe7f402bb9
2024-09-30 15:25:19,62,18248f005b7493422ea25abcce7179b6d01446ebce2f14824bfbdbbe7f402bb9
2024-09-30 15:25:19,62,18248f005b7493422ea25abcce7179b6d01446ebce2f14824bfbdbbe7f402bb9
2024-09-30 15:25:19,62,18248f005b7493422ea25abcce7179b6d01446ebce2f14824bfbdbbe7f402bb9
2024-09-30 15:25:20,62,18248f005b7493422ea25abcce7179b6d01446ebce2f14824bfbdbbe7f402bb9
2024-09-30 15:25:20,62,18248f005b7493422ea25abcce7179b6d01446ebce2f14824bfbdbbe7f402bb9
2024-09-30 15:25:41,62,18248f005b7493422ea25abcce7179b6d01446ebce2f14824bfbdbbe7f402bb9
2024-09-30 15:25:59,62,18248f005b7493422ea25abcce7179b6d01446ebce2f14824bfbdbbe7f402bb9
2024-09-30 15:25:59,62,18248f005b7493422ea25abcce7179b6d01446ebce2f14824bfbdbbe7f402bb9
2024-09-30 15:26:00,62,18248f005b7493422ea25abcce7179b6d01446ebce2f14824bfbdbbe7f402bb9
2024-09-30 15:26:00,62,18248f005b7493422ea25abcce7179b6d01446ebce2f14824bfbdbbe7f402bb9
2024-09-30 15:26:02,62,18248f005b7493422ea25abcce7179b6d01446ebce2f14824bfbdbbe7f402bb9
2024-09-30 15:26:02,62,18248f005b7493422ea25abcce7179b6d01446ebce2f14824bfbdbbe7f402bb9
2024-09-30 15:26:05,62,18248f005b7493422ea25abcce7179b6d01446ebce2f14824bfbdbbe7f402bb9
2024-09-30 15:26:10,62,18248f005b7493422ea25abcce7179b6d01446ebce2f14824bfbdbbe7f402bb9
2024-09-30 15:26:10,62,18248f005b7493422ea25abcce7179b6d01446ebce2f14824bfbdbbe7f402bb9
2024-09-30 15:26:11,62,18248f005b7493422ea25abcce7179b6d01446ebce2f14824bfbdbbe7f402bb9
2024-09-30 15:26:11,62,18248f005b7493422ea25abcce7179b6d01446ebce2f14824bfbdbbe7f402bb9
2024-09-30 15:26:11,62,18248f005b7493422ea25abcce7179b6d01446ebce2f14824bfbdbbe7f402bb9
2024-09-30 15:26:11,62,18248f005b7493422ea25abcce7179b6d01446ebce2f14824bfbdbbe7f402bb9
2024-09-30 15:26:11,62,18248f005b7493422ea25abcce7179b6d01446ebce2f14824bfbdbbe7f402bb9
2024-09-30 15:26:11,62,18248f005b7493422ea25abcce7179b6d01446ebce2f14824bfbdbbe7f402bb9
2024-09-30 15:26:11,62,18248f005b7493422ea25abcce7179b6d01446ebce2f14824bfbdbbe7f402bb9
2024-09-30 15:26:11,62,18248f005b7493422ea25abcce7179b6d01446ebce2f14824bfbdbbe7f402bb9
2024-09-30 15:26:11,62,18248f005b7493422ea25abcce7179b6d01446ebce2f14824bfbdbbe7f402bb9
2024-09-30 15:26:12,62,18248f005b7493422ea25abcce7179b6d01446ebce2f14824bfbdbbe7f402bb9
2024-09-30 15:26:12,62,b259ad7b374273c26bec3567023bb3cef7a54a76409fb3688a4ef5ae3e07d4ba
2024-09-30 15:26:12,62,b259ad7b374273c26bec3567023bb3cef7a54a76409fb3688a4ef5ae3e07d4ba
2024-09-30 15:26:12,62,b259ad7b374273c26bec3567023bb3cef7a54a76409fb3688a4ef5ae3e07d4ba
2024-09-30 15:26:13,62,b259ad7b374273c26bec3567023bb3cef7a54a76409fb3688a4ef5ae3e07d4ba
2024-09-30 15:26:15,62,18248f005b7493422ea25abcce7179b6d01446ebce2f14824bfbdbbe7f402bb9
2024-09-30 15:26:15,62,18248f005b7493422ea25abcce7179b6d01446ebce2f14824bfbdbbe7f402bb9
2024-09-30 15:26:16,62,18248f005b7493422ea25abcce7179b6d01446ebce2f14824bfbdbbe7f402bb9
2024-09-30 15:26:16,62,18248f005b7493422ea25abcce7179b6d01446ebce2f14824bfbdbbe7f402bb9
2024-09-30 15:26:16,62,18248f005b7493422ea25abcce7179b6d01446ebce2f14824bfbdbbe7f402bb9
2024-09-30 15:26:16,62,18248f005b7493422ea25abcce7179b6d01446ebce2f14824bfbdbbe7f402bb9
2024-09-30 15:26:27,62,18248f005b7493422ea25abcce7179b6d01446ebce2f14824bfbdbbe7f402bb9
2024-09-30 15:26:43,62,18248f005b7493422ea25abcce7179b6d01446ebce2f14824bfbdbbe7f402bb9
2024-09-30 15:26:55,62,18248f005b7493422ea25abcce7179b6d01446ebce2f14824bfbdbbe7f402bb9
2024-09-30 15:26:55,62,18248f005b7493422ea25abcce7179b6d01446ebce2f14824bfbdbbe7f402bb9
2024-09-30 15:26:56,62,18248f005b7493422ea25abcce7179b6d01446ebce2f14824bfbdbbe7f402bb9
2024-09-30 15:26:56,62,18248f005b7493422ea25abcce7179b6d01446ebce2f14824bfbdbbe7f402bb9
2024-09-30 15:27:00,62,18248f005b7493422ea25abcce7179b6d01446ebce2f14824bfbdbbe7f402bb9
2024-09-30 15:27:00,62,18248f005b7493422ea25abcce7179b6d01446ebce2f14824bfbdbbe7f402bb9
2024-09-30 15:27:00,62,ac6bdf2d5686dae420b8fa528fcc9b72514a3cbbdca201fadac306c2091d9b0c
2024-09-30 15:27:08,62,18248f005b7493422ea25abcce7179b6d01446ebce2f14824bfbdbbe7f402bb9
2024-09-30 15:27:08,62,18248f005b7493422ea25abcce7179b6d01446ebce2f14824bfbdbbe7f402bb9
2024-09-30 15:27:15,62,01fbae127e8db09da74812bde292eb77d2a68a7897a5571bb7c33ad12264102a
2024-09-30 15:27:15,62,01fbae127e8db09da74812bde292eb77d2a68a7897a5571bb7c33ad12264102a
2024-09-30 15:27:28,62,a68467b42cffcbb7fbae081a623443ef4bd3760bab34f23ab270b79384072bc6
2024-09-30 15:27:35,62,18248f005b7493422ea25abcce7179b6d01446ebce2f14824bfbdbbe7f402bb9
2024-09-30 15:28:07,62,01fbae127e8db09da74812bde292eb77d2a68a7897a5571bb7c33ad12264102a
2024-09-30 15:28:38,62,18248f005b7493422ea25abcce7179b6d01446ebce2f14824bfbdbbe7f402bb9
2024-09-30 15:28:38,62,18248f005b7493422ea25abcce7179b6d01446ebce2f14824bfbdbbe7f402bb9
2024-09-30 15:28:38,62,18248f005b7493422ea25abcce7179b6d01446ebce2f14824bfbdbbe7f402bb9
2024-09-30 15:28:49,62,18248f005b7493422ea25abcce7179b6d01446ebce2f14824bfbdbbe7f402bb9
2024-09-30 15:28:53,62,01fbae127e8db09da74812bde292eb77d2a68a7897a5571bb7c33ad12264102a
2024-09-30 15:28:58,62,18248f005b7493422ea25abcce7179b6d01446ebce2f14824bfbdbbe7f402bb9
2024-09-30 15:28:58,62,18248f005b7493422ea25abcce7179b6d01446ebce2f14824bfbdbbe7f402bb9
2024-09-30 15:28:58,62,18248f005b7493422ea25abcce7179b6d01446ebce2f14824bfbdbbe7f402bb9
2024-09-30 15:28:59,62,f214df8686dde5873f6737cdf93909d29f9b61e55a05fd900714072e85e7e2d9
2024-09-30 15:29:03,62,18248f005b7493422ea25abcce7179b6d01446ebce2f14824bfbdbbe7f402bb9
2024-09-30 15:29:03,62,18248f005b7493422ea25abcce7179b6d01446ebce2f14824bfbdbbe7f402bb9
2024-09-30 15:29:32,62,18248f005b7493422ea25abcce7179b6d01446ebce2f14824bfbdbbe7f402bb9
2024-09-30 15:29:32,62,18248f005b7493422ea25abcce7179b6d01446ebce2f14824bfbdbbe7f402bb9
2024-09-30 15:29:38,62,18248f005b7493422ea25abcce7179b6d01446ebce2f14824bfbdbbe7f402bb9
2024-09-30 15:29:38,62,18248f005b7493422ea25abcce7179b6d01446ebce2f14824bfbdbbe7f402bb9
2024-09-30 15:29:38,62,18248f005b7493422ea25abcce7179b6d01446ebce2f14824bfbdbbe7f402bb9
2024-09-30 15:29:39,62,18248f005b7493422ea25abcce7179b6d01446ebce2f14824bfbdbbe7f402bb9
2024-09-30 15:29:39,62,18248f005b7493422ea25abcce7179b6d01446ebce2f14824bfbdbbe7f402bb9
2024-09-30 15:30:00,62,ac6bdf2d5686dae420b8fa528fcc9b72514a3cbbdca201fadac306c2091d9b0c
2024-09-30 15:30:05,62,18248f005b7493422ea25abcce7179b6d01446ebce2f14824bfbdbbe7f402bb9
2024-09-30 15:30:05,62,18248f005b7493422ea25abcce7179b6d01446ebce2f14824bfbdbbe7f402bb9
2024-09-30 15:30:10,62,18248f005b7493422ea25abcce7179b6d01446ebce2f14824bfbdbbe7f402bb9
2024-09-30 15:30:12,62,18248f005b7493422ea25abcce7179b6d01446ebce2f14824bfbdbbe7f402bb9
2024-09-30 15:30:12,62,18248f005b7493422ea25abcce7179b6d01446ebce2f14824bfbdbbe7f402bb9
2024-09-30 15:30:17,62,18248f005b7493422ea25abcce7179b6d01446ebce2f14824bfbdbbe7f402bb9
2024-09-30 15:30:19,62,18248f005b7493422ea25abcce7179b6d01446ebce2f14824bfbdbbe7f402bb9
2024-09-30 15:30:20,62,18248f005b7493422ea25abcce7179b6d01446ebce2f14824bfbdbbe7f402bb9
2024-09-30 15:30:20,62,18248f005b7493422ea25abcce7179b6d01446ebce2f14824bfbdbbe7f402bb9
2024-09-30 15:30:20,62,18248f005b7493422ea25abcce7179b6d01446ebce2f14824bfbdbbe7f402bb9
2024-09-30 15:30:20,62,18248f005b7493422ea25abcce7179b6d01446ebce2f14824bfbdbbe7f402bb9
2024-09-30 15:30:20,62,18248f005b7493422ea25abcce7179b6d01446ebce2f14824bfbdbbe7f402bb9
2024-09-30 15:30:22,62,18248f005b7493422ea25abcce7179b6d01446ebce2f14824bfbdbbe7f402bb9
2024-09-30 15:30:22,62,18248f005b7493422ea25abcce7179b6d01446ebce2f14824bfbdbbe7f402bb9
2024-09-30 15:30:52,62,18248f005b7493422ea25abcce7179b6d01446ebce2f14824bfbdbbe7f402bb9
2024-09-30 15:30:52,62,18248f005b7493422ea25abcce7179b6d01446ebce2f14824bfbdbbe7f402bb9
2024-09-30 15:30:52,62,18248f005b7493422ea25abcce7179b6d01446ebce2f14824bfbdbbe7f402bb9
2024-09-30 15:31:00,62,01fbae127e8db09da74812bde292eb77d2a68a7897a5571bb7c33ad12264102a
2024-09-30 15:31:00,62,01fbae127e8db09da74812bde292eb77d2a68a7897a5571bb7c33ad12264102a
2024-09-30 15:31:06,62,01fbae127e8db09da74812bde292eb77d2a68a7897a5571bb7c33ad12264102a
2024-09-30 15:31:18,62,01fbae127e8db09da74812bde292eb77d2a68a7897a5571bb7c33ad12264102a
2024-09-30 15:31:18,62,01fbae127e8db09da74812bde292eb77d2a68a7897a5571bb7c33ad12264102a
2024-09-30 15:31:19,62,01fbae127e8db09da74812bde292eb77d2a68a7897a5571bb7c33ad12264102a
2024-09-30 15:31:28,62,18248f005b7493422ea25abcce7179b6d01446ebce2f14824bfbdbbe7f402bb9
2024-09-30 15:31:28,62,18248f005b7493422ea25abcce7179b6d01446ebce2f14824bfbdbbe7f402bb9
2024-09-30 15:31:28,62,18248f005b7493422ea25abcce7179b6d01446ebce2f14824bfbdbbe7f402bb9
2024-09-30 15:31:31,62,92dec0a03d236b1673c65fd213be5f229f5bd4074d40b53ff471c1af5b5a99bb
2024-09-30 15:31:38,62,01fbae127e8db09da74812bde292eb77d2a68a7897a5571bb7c33ad12264102a
2024-09-30 15:31:39,62,f214df8686dde5873f6737cdf93909d29f9b61e55a05fd900714072e85e7e2d9
2024-09-30 15:31:39,62,f214df8686dde5873f6737cdf93909d29f9b61e55a05fd900714072e85e7e2d9
2024-09-30 15:31:39,62,f214df8686dde5873f6737cdf93909d29f9b61e55a05fd900714072e85e7e2d9
2024-09-30 15:31:39,62,f214df8686dde5873f6737cdf93909d29f9b61e55a05fd900714072e85e7e2d9
2024-09-30 15:31:39,62,f214df8686dde5873f6737cdf93909d29f9b61e55a05fd900714072e85e7e2d9
2024-09-30 15:31:39,62,f214df8686dde5873f6737cdf93909d29f9b61e55a05fd900714072e85e7e2d9
2024-09-30 15:31:43,62,ac6bdf2d5686dae420b8fa528fcc9b72514a3cbbdca201fadac306c2091d9b0c
2024-09-30 15:31:44,62,01fbae127e8db09da74812bde292eb77d2a68a7897a5571bb7c33ad12264102a
2024-09-30 15:31:44,62,01fbae127e8db09da74812bde292eb77d2a68a7897a5571bb7c33ad12264102a
2024-09-30 15:31:45,62,01fbae127e8db09da74812bde292eb77d2a68a7897a5571bb7c33ad12264102a
2024-09-30 15:31:45,62,01fbae127e8db09da74812bde292eb77d2a68a7897a5571bb7c33ad12264102a
2024-09-30 15:31:51,62,18248f005b7493422ea25abcce7179b6d01446ebce2f14824bfbdbbe7f402bb9
2024-09-30 15:31:51,62,18248f005b7493422ea25abcce7179b6d01446ebce2f14824bfbdbbe7f402bb9
2024-09-30 15:32:21,62,18248f005b7493422ea25abcce7179b6d01446ebce2f14824bfbdbbe7f402bb9
2024-09-30 15:32:21,62,18248f005b7493422ea25abcce7179b6d01446ebce2f14824bfbdbbe7f402bb9
2024-09-30 15:32:21,62,92dec0a03d236b1673c65fd213be5f229f5bd4074d40b53ff471c1af5b5a99bb
2024-09-30 15:32:22,62,18248f005b7493422ea25abcce7179b6d01446ebce2f14824bfbdbbe7f402bb9
2024-09-30 15:32:22,62,18248f005b7493422ea25abcce7179b6d01446ebce2f14824bfbdbbe7f402bb9
2024-09-30 15:32:22,62,18248f005b7493422ea25abcce7179b6d01446ebce2f14824bfbdbbe7f402bb9
2024-09-30 15:32:27,62,18248f005b7493422ea25abcce7179b6d01446ebce2f14824bfbdbbe7f402bb9
2024-09-30 15:32:27,62,18248f005b7493422ea25abcce7179b6d01446ebce2f14824bfbdbbe7f402bb9
2024-09-30 15:32:27,62,18248f005b7493422ea25abcce7179b6d01446ebce2f14824bfbdbbe7f402bb9
2024-09-30 15:32:27,62,18248f005b7493422ea25abcce7179b6d01446ebce2f14824bfbdbbe7f402bb9
2024-09-30 15:32:38,62,18248f005b7493422ea25abcce7179b6d01446ebce2f14824bfbdbbe7f402bb9
2024-09-30 15:32:38,62,18248f005b7493422ea25abcce7179b6d01446ebce2f14824bfbdbbe7f402bb9
2024-09-30 15:33:13,62,18248f005b7493422ea25abcce7179b6d01446ebce2f14824bfbdbbe7f402bb9
2024-09-30 15:33:31,62,18248f005b7493422ea25abcce7179b6d01446ebce2f14824bfbdbbe7f402bb9
2024-09-30 15:33:31,62,18248f005b7493422ea25abcce7179b6d01446ebce2f14824bfbdbbe7f402bb9
2024-09-30 15:33:31,62,18248f005b7493422ea25abcce7179b6d01446ebce2f14824bfbdbbe7f402bb9
2024-09-30 15:33:52,62,18248f005b7493422ea25abcce7179b6d01446ebce2f14824bfbdbbe7f402bb9
2024-09-30 15:33:54,62,18248f005b7493422ea25abcce7179b6d01446ebce2f14824bfbdbbe7f402bb9
2024-09-30 15:33:55,62,18248f005b7493422ea25abcce7179b6d01446ebce2f14824bfbdbbe7f402bb9
2024-09-30 15:33:58,62,18248f005b7493422ea25abcce7179b6d01446ebce2f14824bfbdbbe7f402bb9
2024-09-30 15:33:58,62,18248f005b7493422ea25abcce7179b6d01446ebce2f14824bfbdbbe7f402bb9
2024-09-30 15:33:59,62,18248f005b7493422ea25abcce7179b6d01446ebce2f14824bfbdbbe7f402bb9
2024-09-30 15:33:59,62,18248f005b7493422ea25abcce7179b6d01446ebce2f14824bfbdbbe7f402bb9
2024-09-30 15:33:59,62,18248f005b7493422ea25abcce7179b6d01446ebce2f14824bfbdbbe7f402bb9
2024-09-30 15:34:04,62,18248f005b7493422ea25abcce7179b6d01446ebce2f14824bfbdbbe7f402bb9
2024-09-30 15:34:10,62,18248f005b7493422ea25abcce7179b6d01446ebce2f14824bfbdbbe7f402bb9
2024-09-30 15:34:11,62,18248f005b7493422ea25abcce7179b6d01446ebce2f14824bfbdbbe7f402bb9
2024-09-30 15:34:12,62,18248f005b7493422ea25abcce7179b6d01446ebce2f14824bfbdbbe7f402bb9
2024-09-30 15:34:12,62,18248f005b7493422ea25abcce7179b6d01446ebce2f14824bfbdbbe7f402bb9
2024-09-30 15:34:12,62,18248f005b7493422ea25abcce7179b6d01446ebce2f14824bfbdbbe7f402bb9
2024-09-30 15:34:12,62,18248f005b7493422ea25abcce7179b6d01446ebce2f14824bfbdbbe7f402bb9
2024-09-30 15:34:12,62,18248f005b7493422ea25abcce7179b6d01446ebce2f14824bfbdbbe7f402bb9
2024-09-30 15:34:12,62,18248f005b7493422ea25abcce7179b6d01446ebce2f14824bfbdbbe7f402bb9
2024-09-30 15:34:12,62,18248f005b7493422ea25abcce7179b6d01446ebce2f14824bfbdbbe7f402bb9
2024-09-30 15:34:19,62,f214df8686dde5873f6737cdf93909d29f9b61e55a05fd900714072e85e7e2d9
2024-09-30 15:34:19,62,f214df8686dde5873f6737cdf93909d29f9b61e55a05fd900714072e85e7e2d9
2024-09-30 15:34:19,62,f214df8686dde5873f6737cdf93909d29f9b61e55a05fd900714072e85e7e2d9
2024-09-30 15:34:19,62,f214df8686dde5873f6737cdf93909d29f9b61e55a05fd900714072e85e7e2d9
2024-09-30 15:34:19,62,f214df8686dde5873f6737cdf93909d29f9b61e55a05fd900714072e85e7e2d9
2024-09-30 15:34:19,62,18248f005b7493422ea25abcce7179b6d01446ebce2f14824bfbdbbe7f402bb9
2024-09-30 15:34:19,62,18248f005b7493422ea25abcce7179b6d01446ebce2f14824bfbdbbe7f402bb9
2024-09-30 15:34:19,62,18248f005b7493422ea25abcce7179b6d01446ebce2f14824bfbdbbe7f402bb9
2024-09-30 15:34:19,62,18248f005b7493422ea25abcce7179b6d01446ebce2f14824bfbdbbe7f402bb9
2024-09-30 15:34:19,62,18248f005b7493422ea25abcce7179b6d01446ebce2f14824bfbdbbe7f402bb9
2024-09-30 15:34:21,62,01fbae127e8db09da74812bde292eb77d2a68a7897a5571bb7c33ad12264102a
2024-09-30 15:34:22,62,01fbae127e8db09da74812bde292eb77d2a68a7897a5571bb7c33ad12264102a
2024-09-30 15:34:22,62,01fbae127e8db09da74812bde292eb77d2a68a7897a5571bb7c33ad12264102a
2024-09-30 15:34:22,62,01fbae127e8db09da74812bde292eb77d2a68a7897a5571bb7c33ad12264102a
2024-09-30 15:34:23,62,18248f005b7493422ea25abcce7179b6d01446ebce2f14824bfbdbbe7f402bb9
2024-09-30 15:34:36,62,01fbae127e8db09da74812bde292eb77d2a68a7897a5571bb7c33ad12264102a
2024-09-30 15:34:36,62,01fbae127e8db09da74812bde292eb77d2a68a7897a5571bb7c33ad12264102a
2024-09-30 15:34:37,62,18248f005b7493422ea25abcce7179b6d01446ebce2f14824bfbdbbe7f402bb9
2024-09-30 15:34:37,62,18248f005b7493422ea25abcce7179b6d01446ebce2f14824bfbdbbe7f402bb9
2024-09-30 15:34:37,62,18248f005b7493422ea25abcce7179b6d01446ebce2f14824bfbdbbe7f402bb9
2024-09-30 15:34:39,62,18248f005b7493422ea25abcce7179b6d01446ebce2f14824bfbdbbe7f402bb9
2024-09-30 15:34:39,62,18248f005b7493422ea25abcce7179b6d01446ebce2f14824bfbdbbe7f402bb9
2024-09-30 15:34:41,62,18248f005b7493422ea25abcce7179b6d01446ebce2f14824bfbdbbe7f402bb9
2024-09-30 15:34:41,62,18248f005b7493422ea25abcce7179b6d01446ebce2f14824bfbdbbe7f402bb9
2024-09-30 15:34:41,62,18248f005b7493422ea25abcce7179b6d01446ebce2f14824bfbdbbe7f402bb9
2024-09-30 15:34:48,62,18248f005b7493422ea25abcce7179b6d01446ebce2f14824bfbdbbe7f402bb9
2024-09-30 15:35:04,62,18248f005b7493422ea25abcce7179b6d01446ebce2f14824bfbdbbe7f402bb9
2024-09-30 15:35:04,62,18248f005b7493422ea25abcce7179b6d01446ebce2f14824bfbdbbe7f402bb9
2024-09-30 15:35:04,62,18248f005b7493422ea25abcce7179b6d01446ebce2f14824bfbdbbe7f402bb9
2024-09-30 15:35:04,62,18248f005b7493422ea25abcce7179b6d01446ebce2f14824bfbdbbe7f402bb9
2024-09-30 15:35:18,62,18248f005b7493422ea25abcce7179b6d01446ebce2f14824bfbdbbe7f402bb9
2024-09-30 15:35:18,62,18248f005b7493422ea25abcce7179b6d01446ebce2f14824bfbdbbe7f402bb9
2024-09-30 15:35:25,62,01fbae127e8db09da74812bde292eb77d2a68a7897a5571bb7c33ad12264102a
2024-09-30 15:35:40,62,18248f005b7493422ea25abcce7179b6d01446ebce2f14824bfbdbbe7f402bb9
2024-09-30 15:35:43,62,18248f005b7493422ea25abcce7179b6d01446ebce2f14824bfbdbbe7f402bb9
2024-09-30 15:35:43,62,18248f005b7493422ea25abcce7179b6d01446ebce2f14824bfbdbbe7f402bb9
2024-09-30 15:35:43,62,18248f005b7493422ea25abcce7179b6d01446ebce2f14824bfbdbbe7f402bb9
2024-09-30 15:35:43,62,18248f005b7493422ea25abcce7179b6d01446ebce2f14824bfbdbbe7f402bb9
2024-09-30 15:35:44,62,18248f005b7493422ea25abcce7179b6d01446ebce2f14824bfbdbbe7f402bb9
2024-09-30 15:35:44,62,18248f005b7493422ea25abcce7179b6d01446ebce2f14824bfbdbbe7f402bb9
2024-09-30 15:35:44,62,18248f005b7493422ea25abcce7179b6d01446ebce2f14824bfbdbbe7f402bb9
2024-09-30 15:35:44,62,18248f005b7493422ea25abcce7179b6d01446ebce2f14824bfbdbbe7f402bb9
2024-09-30 15:35:44,62,18248f005b7493422ea25abcce7179b6d01446ebce2f14824bfbdbbe7f402bb9
2024-09-30 15:35:46,62,18248f005b7493422ea25abcce7179b6d01446ebce2f14824bfbdbbe7f402bb9
2024-09-30 15:35:46,62,18248f005b7493422ea25abcce7179b6d01446ebce2f14824bfbdbbe7f402bb9
2024-09-30 15:35:49,62,18248f005b7493422ea25abcce7179b6d01446ebce2f14824bfbdbbe7f402bb9
2024-09-30 15:36:05,62,18248f005b7493422ea25abcce7179b6d01446ebce2f14824bfbdbbe7f402bb9
2024-09-30 15:36:05,62,18248f005b7493422ea25abcce7179b6d01446ebce2f14824bfbdbbe7f402bb9
2024-09-30 15:36:12,62,18248f005b7493422ea25abcce7179b6d01446ebce2f14824bfbdbbe7f402bb9
2024-09-30 15:36:19,62,18248f005b7493422ea25abcce7179b6d01446ebce2f14824bfbdbbe7f402bb9
2024-09-30 15:36:33,62,18248f005b7493422ea25abcce7179b6d01446ebce2f14824bfbdbbe7f402bb9
2024-09-30 15:36:45,62,18248f005b7493422ea25abcce7179b6d01446ebce2f14824bfbdbbe7f402bb9
2024-09-30 15:36:45,62,b259ad7b374273c26bec3567023bb3cef7a54a76409fb3688a4ef5ae3e07d4ba
2024-09-30 15:36:45,62,b259ad7b374273c26bec3567023bb3cef7a54a76409fb3688a4ef5ae3e07d4ba
2024-09-30 15:36:45,62,b259ad7b374273c26bec3567023bb3cef7a54a76409fb3688a4ef5ae3e07d4ba
2024-09-30 15:36:45,62,b259ad7b374273c26bec3567023bb3cef7a54a76409fb3688a4ef5ae3e07d4ba
2024-09-30 15:36:45,62,b259ad7b374273c26bec3567023bb3cef7a54a76409fb3688a4ef5ae3e07d4ba
2024-09-30 15:36:59,62,f214df8686dde5873f6737cdf93909d29f9b61e55a05fd900714072e85e7e2d9
2024-09-30 15:36:59,62,8634275ed4e60ba4cea6adcdf2fb686707b14be17822e76ae11a70a0035ab5bf
2024-09-30 15:37:02,62,18248f005b7493422ea25abcce7179b6d01446ebce2f14824bfbdbbe7f402bb9
2024-09-30 15:37:02,62,18248f005b7493422ea25abcce7179b6d01446ebce2f14824bfbdbbe7f402bb9
2024-09-30 15:37:02,62,18248f005b7493422ea25abcce7179b6d01446ebce2f14824bfbdbbe7f402bb9
2024-09-30 15:37:02,62,18248f005b7493422ea25abcce7179b6d01446ebce2f14824bfbdbbe7f402bb9
2024-09-30 15:37:02,62,18248f005b7493422ea25abcce7179b6d01446ebce2f14824bfbdbbe7f402bb9
2024-09-30 15:37:04,62,18248f005b7493422ea25abcce7179b6d01446ebce2f14824bfbdbbe7f402bb9
2024-09-30 15:37:04,62,18248f005b7493422ea25abcce7179b6d01446ebce2f14824bfbdbbe7f402bb9
2024-09-30 15:37:04,62,18248f005b7493422ea25abcce7179b6d01446ebce2f14824bfbdbbe7f402bb9
2024-09-30 15:37:04,62,18248f005b7493422ea25abcce7179b6d01446ebce2f14824bfbdbbe7f402bb9
2024-09-30 15:37:04,62,18248f005b7493422ea25abcce7179b6d01446ebce2f14824bfbdbbe7f402bb9
2024-09-30 15:37:06,62,18248f005b7493422ea25abcce7179b6d01446ebce2f14824bfbdbbe7f402bb9
2024-09-30 15:37:15,62,8634275ed4e60ba4cea6adcdf2fb686707b14be17822e76ae11a70a0035ab5bf
2024-09-30 15:37:15,62,8634275ed4e60ba4cea6adcdf2fb686707b14be17822e76ae11a70a0035ab5bf
2024-09-30 15:37:15,62,8634275ed4e60ba4cea6adcdf2fb686707b14be17822e76ae11a70a0035ab5bf
2024-09-30 15:37:15,62,8634275ed4e60ba4cea6adcdf2fb686707b14be17822e76ae11a70a0035ab5bf
2024-09-30 15:37:30,62,b259ad7b374273c26bec3567023bb3cef7a54a76409fb3688a4ef5ae3e07d4ba
2024-09-30 15:37:41,62,18248f005b7493422ea25abcce7179b6d01446ebce2f14824bfbdbbe7f402bb9
2024-09-30 15:37:41,62,18248f005b7493422ea25abcce7179b6d01446ebce2f14824bfbdbbe7f402bb9
2024-09-30 15:37:41,62,18248f005b7493422ea25abcce7179b6d01446ebce2f14824bfbdbbe7f402bb9
2024-09-30 15:37:41,62,18248f005b7493422ea25abcce7179b6d01446ebce2f14824bfbdbbe7f402bb9
2024-09-30 15:37:53,62,01fbae127e8db09da74812bde292eb77d2a68a7897a5571bb7c33ad12264102a
2024-09-30 15:38:07,62,18248f005b7493422ea25abcce7179b6d01446ebce2f14824bfbdbbe7f402bb9
2024-09-30 15:38:19,62,bb77db1cfa0250872b2a983259ec0a263ff4d133554b75ed8c7b5ad48907b81e
2024-09-30 15:38:24,62,97fe248420114cd0e2a020fbd84efa3304f85f329233553895430a6dcdec00e4
2024-09-30 15:38:32,62,97fe248420114cd0e2a020fbd84efa3304f85f329233553895430a6dcdec00e4
2024-09-30 15:38:32,62,97fe248420114cd0e2a020fbd84efa3304f85f329233553895430a6dcdec00e4
2024-09-30 15:38:38,62,766888e132d22c9fe03011cecd2cfd06e53bcf30175e083dfde7cd3cdbe1d419
2024-09-30 15:38:38,62,766888e132d22c9fe03011cecd2cfd06e53bcf30175e083dfde7cd3cdbe1d419
2024-09-30 15:38:38,62,766888e132d22c9fe03011cecd2cfd06e53bcf30175e083dfde7cd3cdbe1d419
2024-09-30 15:38:38,62,766888e132d22c9fe03011cecd2cfd06e53bcf30175e083dfde7cd3cdbe1d419
2024-09-30 15:38:38,62,766888e132d22c9fe03011cecd2cfd06e53bcf30175e083dfde7cd3cdbe1d419
2024-09-30 15:38:38,62,766888e132d22c9fe03011cecd2cfd06e53bcf30175e083dfde7cd3cdbe1d419
2024-09-30 15:38:39,62,18248f005b7493422ea25abcce7179b6d01446ebce2f14824bfbdbbe7f402bb9
2024-09-30 15:38:39,62,18248f005b7493422ea25abcce7179b6d01446ebce2f14824bfbdbbe7f402bb9
2024-09-30 15:38:39,62,18248f005b7493422ea25abcce7179b6d01446ebce2f14824bfbdbbe7f402bb9
2024-09-30 15:38:39,62,18248f005b7493422ea25abcce7179b6d01446ebce2f14824bfbdbbe7f402bb9
2024-09-30 15:38:40,62,97fe248420114cd0e2a020fbd84efa3304f85f329233553895430a6dcdec00e4
2024-09-30 15:38:40,62,97fe248420114cd0e2a020fbd84efa3304f85f329233553895430a6dcdec00e4
2024-09-30 15:38:41,62,18248f005b7493422ea25abcce7179b6d01446ebce2f14824bfbdbbe7f402bb9
2024-09-30 15:38:42,62,b259ad7b374273c26bec3567023bb3cef7a54a76409fb3688a4ef5ae3e07d4ba
2024-09-30 15:38:43,62,b259ad7b374273c26bec3567023bb3cef7a54a76409fb3688a4ef5ae3e07d4ba
2024-09-30 15:38:43,62,b259ad7b374273c26bec3567023bb3cef7a54a76409fb3688a4ef5ae3e07d4ba
2024-09-30 15:38:48,62,01fbae127e8db09da74812bde292eb77d2a68a7897a5571bb7c33ad12264102a
2024-09-30 15:38:48,62,01fbae127e8db09da74812bde292eb77d2a68a7897a5571bb7c33ad12264102a
2024-09-30 15:38:48,62,97fe248420114cd0e2a020fbd84efa3304f85f329233553895430a6dcdec00e4
2024-09-30 15:39:00,62,ac6bdf2d5686dae420b8fa528fcc9b72514a3cbbdca201fadac306c2091d9b0c
2024-09-30 15:39:05,62,97fe248420114cd0e2a020fbd84efa3304f85f329233553895430a6dcdec00e4
2024-09-30 15:39:05,62,97fe248420114cd0e2a020fbd84efa3304f85f329233553895430a6dcdec00e4
2024-09-30 15:39:05,62,97fe248420114cd0e2a020fbd84efa3304f85f329233553895430a6dcdec00e4
2024-09-30 15:39:06,62,b259ad7b374273c26bec3567023bb3cef7a54a76409fb3688a4ef5ae3e07d4ba
2024-09-30 15:39:11,62,01fbae127e8db09da74812bde292eb77d2a68a7897a5571bb7c33ad12264102a
2024-09-30 15:39:11,62,01fbae127e8db09da74812bde292eb77d2a68a7897a5571bb7c33ad12264102a
2024-09-30 15:39:13,62,18248f005b7493422ea25abcce7179b6d01446ebce2f14824bfbdbbe7f402bb9
2024-09-30 15:39:13,62,18248f005b7493422ea25abcce7179b6d01446ebce2f14824bfbdbbe7f402bb9
2024-09-30 15:39:13,62,97fe248420114cd0e2a020fbd84efa3304f85f329233553895430a6dcdec00e4
2024-09-30 15:39:13,62,97fe248420114cd0e2a020fbd84efa3304f85f329233553895430a6dcdec00e4
2024-09-30 15:39:21,62,97fe248420114cd0e2a020fbd84efa3304f85f329233553895430a6dcdec00e4
2024-09-30 15:39:21,62,97fe248420114cd0e2a020fbd84efa3304f85f329233553895430a6dcdec00e4
2024-09-30 15:39:21,62,97fe248420114cd0e2a020fbd84efa3304f85f329233553895430a6dcdec00e4
2024-09-30 15:39:21,62,97fe248420114cd0e2a020fbd84efa3304f85f329233553895430a6dcdec00e4
2024-09-30 15:39:21,62,97fe248420114cd0e2a020fbd84efa3304f85f329233553895430a6dcdec00e4
2024-09-30 15:39:21,62,97fe248420114cd0e2a020fbd84efa3304f85f329233553895430a6dcdec00e4
2024-09-30 15:39:27,62,766888e132d22c9fe03011cecd2cfd06e53bcf30175e083dfde7cd3cdbe1d419
2024-09-30 15:39:27,62,766888e132d22c9fe03011cecd2cfd06e53bcf30175e083dfde7cd3cdbe1d419
2024-09-30 15:39:27,62,766888e132d22c9fe03011cecd2cfd06e53bcf30175e083dfde7cd3cdbe1d419
2024-09-30 15:39:27,62,766888e132d22c9fe03011cecd2cfd06e53bcf30175e083dfde7cd3cdbe1d419
2024-09-30 15:39:29,62,97fe248420114cd0e2a020fbd84efa3304f85f329233553895430a6dcdec00e4
2024-09-30 15:39:29,62,97fe248420114cd0e2a020fbd84efa3304f85f329233553895430a6dcdec00e4
2024-09-30 15:39:33,62,18248f005b7493422ea25abcce7179b6d01446ebce2f14824bfbdbbe7f402bb9
2024-09-30 15:39:33,62,18248f005b7493422ea25abcce7179b6d01446ebce2f14824bfbdbbe7f402bb9
2024-09-30 15:39:37,62,97fe248420114cd0e2a020fbd84efa3304f85f329233553895430a6dcdec00e4
2024-09-30 15:39:37,62,97fe248420114cd0e2a020fbd84efa3304f85f329233553895430a6dcdec00e4
2024-09-30 15:39:37,62,97fe248420114cd0e2a020fbd84efa3304f85f329233553895430a6dcdec00e4
2024-09-30 15:39:38,62,01fbae127e8db09da74812bde292eb77d2a68a7897a5571bb7c33ad12264102a
2024-09-30 15:39:40,62,766888e132d22c9fe03011cecd2cfd06e53bcf30175e083dfde7cd3cdbe1d419
2024-09-30 15:39:40,62,766888e132d22c9fe03011cecd2cfd06e53bcf30175e083dfde7cd3cdbe1d419
2024-09-30 15:39:42,62,18248f005b7493422ea25abcce7179b6d01446ebce2f14824bfbdbbe7f402bb9
2024-09-30 15:39:42,62,18248f005b7493422ea25abcce7179b6d01446ebce2f14824bfbdbbe7f402bb9
2024-09-30 15:39:45,62,97fe248420114cd0e2a020fbd84efa3304f85f329233553895430a6dcdec00e4
2024-09-30 15:39:45,62,97fe248420114cd0e2a020fbd84efa3304f85f329233553895430a6dcdec00e4
2024-09-30 15:39:45,62,97fe248420114cd0e2a020fbd84efa3304f85f329233553895430a6dcdec00e4
2024-09-30 15:39:47,62,18248f005b7493422ea25abcce7179b6d01446ebce2f14824bfbdbbe7f402bb9
2024-09-30 15:39:51,62,01fbae127e8db09da74812bde292eb77d2a68a7897a5571bb7c33ad12264102a
2024-09-30 15:39:51,62,01fbae127e8db09da74812bde292eb77d2a68a7897a5571bb7c33ad12264102a
2024-09-30 15:39:53,62,97fe248420114cd0e2a020fbd84efa3304f85f329233553895430a6dcdec00e4
2024-09-30 15:39:53,62,97fe248420114cd0e2a020fbd84efa3304f85f329233553895430a6dcdec00e4
2024-09-30 15:39:53,62,97fe248420114cd0e2a020fbd84efa3304f85f329233553895430a6dcdec00e4
2024-09-30 15:39:53,62,97fe248420114cd0e2a020fbd84efa3304f85f329233553895430a6dcdec00e4
2024-09-30 15:40:06,62,18248f005b7493422ea25abcce7179b6d01446ebce2f14824bfbdbbe7f402bb9
2024-09-30 15:40:06,62,18248f005b7493422ea25abcce7179b6d01446ebce2f14824bfbdbbe7f402bb9
2024-09-30 15:40:40,62,18248f005b7493422ea25abcce7179b6d01446ebce2f14824bfbdbbe7f402bb9
2024-09-30 15:40:40,62,18248f005b7493422ea25abcce7179b6d01446ebce2f14824bfbdbbe7f402bb9
2024-09-30 15:40:41,62,18248f005b7493422ea25abcce7179b6d01446ebce2f14824bfbdbbe7f402bb9
2024-09-30 15:40:41,62,18248f005b7493422ea25abcce7179b6d01446ebce2f14824bfbdbbe7f402bb9
2024-09-30 15:40:41,62,b259ad7b374273c26bec3567023bb3cef7a54a76409fb3688a4ef5ae3e07d4ba
2024-09-30 15:40:41,62,b259ad7b374273c26bec3567023bb3cef7a54a76409fb3688a4ef5ae3e07d4ba
2024-09-30 15:40:41,62,97fe248420114cd0e2a020fbd84efa3304f85f329233553895430a6dcdec00e4
2024-09-30 15:40:41,62,b259ad7b374273c26bec3567023bb3cef7a54a76409fb3688a4ef5ae3e07d4ba
2024-09-30 15:40:41,62,b259ad7b374273c26bec3567023bb3cef7a54a76409fb3688a4ef5ae3e07d4ba
2024-09-30 15:40:41,62,b259ad7b374273c26bec3567023bb3cef7a54a76409fb3688a4ef5ae3e07d4ba
2024-09-30 15:40:41,62,b259ad7b374273c26bec3567023bb3cef7a54a76409fb3688a4ef5ae3e07d4ba
2024-09-30 15:40:50,62,18248f005b7493422ea25abcce7179b6d01446ebce2f14824bfbdbbe7f402bb9
2024-09-30 15:41:05,62,01fbae127e8db09da74812bde292eb77d2a68a7897a5571bb7c33ad12264102a
2024-09-30 15:41:05,62,01fbae127e8db09da74812bde292eb77d2a68a7897a5571bb7c33ad12264102a
2024-09-30 15:41:05,62,97fe248420114cd0e2a020fbd84efa3304f85f329233553895430a6dcdec00e4
2024-09-30 15:41:05,62,18248f005b7493422ea25abcce7179b6d01446ebce2f14824bfbdbbe7f402bb9
2024-09-30 15:41:10,62,01fbae127e8db09da74812bde292eb77d2a68a7897a5571bb7c33ad12264102a
2024-09-30 15:41:10,62,01fbae127e8db09da74812bde292eb77d2a68a7897a5571bb7c33ad12264102a
2024-09-30 15:41:10,62,01fbae127e8db09da74812bde292eb77d2a68a7897a5571bb7c33ad12264102a
2024-09-30 15:41:10,62,01fbae127e8db09da74812bde292eb77d2a68a7897a5571bb7c33ad12264102a
2024-09-30 15:41:13,62,97fe248420114cd0e2a020fbd84efa3304f85f329233553895430a6dcdec00e4
2024-09-30 15:41:25,62,18248f005b7493422ea25abcce7179b6d01446ebce2f14824bfbdbbe7f402bb9
2024-09-30 15:41:25,62,18248f005b7493422ea25abcce7179b6d01446ebce2f14824bfbdbbe7f402bb9
2024-09-30 15:41:28,62,18248f005b7493422ea25abcce7179b6d01446ebce2f14824bfbdbbe7f402bb9
2024-09-30 15:41:28,62,18248f005b7493422ea25abcce7179b6d01446ebce2f14824bfbdbbe7f402bb9
2024-09-30 15:41:34,62,18248f005b7493422ea25abcce7179b6d01446ebce2f14824bfbdbbe7f402bb9
2024-09-30 15:41:35,62,18248f005b7493422ea25abcce7179b6d01446ebce2f14824bfbdbbe7f402bb9
2024-09-30 15:41:36,62,18248f005b7493422ea25abcce7179b6d01446ebce2f14824bfbdbbe7f402bb9
2024-09-30 15:41:36,62,18248f005b7493422ea25abcce7179b6d01446ebce2f14824bfbdbbe7f402bb9
2024-09-30 15:41:37,62,18248f005b7493422ea25abcce7179b6d01446ebce2f14824bfbdbbe7f402bb9
2024-09-30 15:41:37,62,18248f005b7493422ea25abcce7179b6d01446ebce2f14824bfbdbbe7f402bb9
2024-09-30 15:41:37,62,18248f005b7493422ea25abcce7179b6d01446ebce2f14824bfbdbbe7f402bb9
2024-09-30 15:41:37,62,97fe248420114cd0e2a020fbd84efa3304f85f329233553895430a6dcdec00e4
2024-09-30 15:42:04,62,01fbae127e8db09da74812bde292eb77d2a68a7897a5571bb7c33ad12264102a
2024-09-30 15:42:04,62,01fbae127e8db09da74812bde292eb77d2a68a7897a5571bb7c33ad12264102a
2024-09-30 15:42:05,62,01fbae127e8db09da74812bde292eb77d2a68a7897a5571bb7c33ad12264102a
2024-09-30 15:42:19,62,f214df8686dde5873f6737cdf93909d29f9b61e55a05fd900714072e85e7e2d9
2024-09-30 15:42:19,62,f214df8686dde5873f6737cdf93909d29f9b61e55a05fd900714072e85e7e2d9
2024-09-30 15:42:19,62,f214df8686dde5873f6737cdf93909d29f9b61e55a05fd900714072e85e7e2d9
2024-09-30 15:42:19,62,f214df8686dde5873f6737cdf93909d29f9b61e55a05fd900714072e85e7e2d9
2024-09-30 15:42:31,62,18248f005b7493422ea25abcce7179b6d01446ebce2f14824bfbdbbe7f402bb9
2024-09-30 15:42:31,62,18248f005b7493422ea25abcce7179b6d01446ebce2f14824bfbdbbe7f402bb9
2024-09-30 15:42:31,62,18248f005b7493422ea25abcce7179b6d01446ebce2f14824bfbdbbe7f402bb9
2024-09-30 15:42:36,62,01fbae127e8db09da74812bde292eb77d2a68a7897a5571bb7c33ad12264102a
2024-09-30 15:42:36,62,01fbae127e8db09da74812bde292eb77d2a68a7897a5571bb7c33ad12264102a
2024-09-30 15:43:09,62,18248f005b7493422ea25abcce7179b6d01446ebce2f14824bfbdbbe7f402bb9
2024-09-30 15:43:53,62,18248f005b7493422ea25abcce7179b6d01446ebce2f14824bfbdbbe7f402bb9
2024-09-30 15:44:10,62,db725fc0dfd8240750f1623c5098d1756ac825916a96bfde9bbb8b50de7ba807
2024-09-30 15:44:13,62,01fbae127e8db09da74812bde292eb77d2a68a7897a5571bb7c33ad12264102a
2024-09-30 15:44:14,62,18248f005b7493422ea25abcce7179b6d01446ebce2f14824bfbdbbe7f402bb9
2024-09-30 15:44:14,62,18248f005b7493422ea25abcce7179b6d01446ebce2f14824bfbdbbe7f402bb9
2024-09-30 15:44:18,62,01fbae127e8db09da74812bde292eb77d2a68a7897a5571bb7c33ad12264102a
2024-09-30 15:44:19,62,01fbae127e8db09da74812bde292eb77d2a68a7897a5571bb7c33ad12264102a
2024-09-30 15:44:19,62,01fbae127e8db09da74812bde292eb77d2a68a7897a5571bb7c33ad12264102a
2024-09-30 15:44:19,62,01fbae127e8db09da74812bde292eb77d2a68a7897a5571bb7c33ad12264102a
2024-09-30 15:44:43,62,18248f005b7493422ea25abcce7179b6d01446ebce2f14824bfbdbbe7f402bb9
2024-09-30 15:44:50,62,01fbae127e8db09da74812bde292eb77d2a68a7897a5571bb7c33ad12264102a
2024-09-30 15:44:50,62,01fbae127e8db09da74812bde292eb77d2a68a7897a5571bb7c33ad12264102a
2024-09-30 15:45:13,62,c81372ca9529ddeb87790ff76f6745ec6870bc09bcdd705d8da7bfde78aed086
2024-09-30 15:45:13,62,c81372ca9529ddeb87790ff76f6745ec6870bc09bcdd705d8da7bfde78aed086
2024-09-30 15:45:13,62,c81372ca9529ddeb87790ff76f6745ec6870bc09bcdd705d8da7bfde78aed086
2024-09-30 15:45:13,62,c81372ca9529ddeb87790ff76f6745ec6870bc09bcdd705d8da7bfde78aed086
2024-09-30 15:45:13,62,c81372ca9529ddeb87790ff76f6745ec6870bc09bcdd705d8da7bfde78aed086
2024-09-30 15:45:13,62,c81372ca9529ddeb87790ff76f6745ec6870bc09bcdd705d8da7bfde78aed086
2024-09-30 15:45:13,62,c81372ca9529ddeb87790ff76f6745ec6870bc09bcdd705d8da7bfde78aed086
2024-09-30 15:45:13,62,c81372ca9529ddeb87790ff76f6745ec6870bc09bcdd705d8da7bfde78aed086
2024-09-30 15:45:13,62,c81372ca9529ddeb87790ff76f6745ec6870bc09bcdd705d8da7bfde78aed086
2024-09-30 15:45:14,62,18248f005b7493422ea25abcce7179b6d01446ebce2f14824bfbdbbe7f402bb9
2024-09-30 15:45:14,62,18248f005b7493422ea25abcce7179b6d01446ebce2f14824bfbdbbe7f402bb9
2024-09-30 15:45:25,62,01fbae127e8db09da74812bde292eb77d2a68a7897a5571bb7c33ad12264102a
2024-09-30 15:45:25,62,01fbae127e8db09da74812bde292eb77d2a68a7897a5571bb7c33ad12264102a
2024-09-30 15:45:48,62,18248f005b7493422ea25abcce7179b6d01446ebce2f14824bfbdbbe7f402bb9
2024-09-30 15:45:53,62,c81372ca9529ddeb87790ff76f6745ec6870bc09bcdd705d8da7bfde78aed086
2024-09-30 15:45:53,62,c81372ca9529ddeb87790ff76f6745ec6870bc09bcdd705d8da7bfde78aed086
2024-09-30 15:45:53,62,c81372ca9529ddeb87790ff76f6745ec6870bc09bcdd705d8da7bfde78aed086
2024-09-30 15:46:06,62,18248f005b7493422ea25abcce7179b6d01446ebce2f14824bfbdbbe7f402bb9
2024-09-30 15:46:08,62,a68467b42cffcbb7fbae081a623443ef4bd3760bab34f23ab270b79384072bc6
2024-09-30 15:46:08,62,a68467b42cffcbb7fbae081a623443ef4bd3760bab34f23ab270b79384072bc6
2024-09-30 15:46:09,62,18248f005b7493422ea25abcce7179b6d01446ebce2f14824bfbdbbe7f402bb9
2024-09-30 15:46:13,62,c81372ca9529ddeb87790ff76f6745ec6870bc09bcdd705d8da7bfde78aed086
2024-09-30 15:46:13,62,c81372ca9529ddeb87790ff76f6745ec6870bc09bcdd705d8da7bfde78aed086
2024-09-30 15:46:13,62,c81372ca9529ddeb87790ff76f6745ec6870bc09bcdd705d8da7bfde78aed086
2024-09-30 15:46:13,62,c81372ca9529ddeb87790ff76f6745ec6870bc09bcdd705d8da7bfde78aed086
2024-09-30 15:46:20,62,18248f005b7493422ea25abcce7179b6d01446ebce2f14824bfbdbbe7f402bb9
2024-09-30 15:46:29,62,01fbae127e8db09da74812bde292eb77d2a68a7897a5571bb7c33ad12264102a
2024-09-30 15:46:29,62,01fbae127e8db09da74812bde292eb77d2a68a7897a5571bb7c33ad12264102a
2024-09-30 15:46:51,62,01fbae127e8db09da74812bde292eb77d2a68a7897a5571bb7c33ad12264102a
2024-09-30 15:46:51,62,01fbae127e8db09da74812bde292eb77d2a68a7897a5571bb7c33ad12264102a
2024-09-30 15:46:53,62,c81372ca9529ddeb87790ff76f6745ec6870bc09bcdd705d8da7bfde78aed086
2024-09-30 15:46:53,62,c81372ca9529ddeb87790ff76f6745ec6870bc09bcdd705d8da7bfde78aed086
2024-09-30 15:46:53,62,c81372ca9529ddeb87790ff76f6745ec6870bc09bcdd705d8da7bfde78aed086
2024-09-30 15:46:53,62,c81372ca9529ddeb87790ff76f6745ec6870bc09bcdd705d8da7bfde78aed086
2024-09-30 15:47:24,62,01fbae127e8db09da74812bde292eb77d2a68a7897a5571bb7c33ad12264102a
2024-09-30 15:47:24,62,01fbae127e8db09da74812bde292eb77d2a68a7897a5571bb7c33ad12264102a
2024-09-30 15:47:24,62,01fbae127e8db09da74812bde292eb77d2a68a7897a5571bb7c33ad12264102a
2024-09-30 15:47:24,62,01fbae127e8db09da74812bde292eb77d2a68a7897a5571bb7c33ad12264102a
2024-09-30 15:47:38,62,01fbae127e8db09da74812bde292eb77d2a68a7897a5571bb7c33ad12264102a
2024-09-30 15:47:38,62,01fbae127e8db09da74812bde292eb77d2a68a7897a5571bb7c33ad12264102a
2024-09-30 15:48:00,62,ac6bdf2d5686dae420b8fa528fcc9b72514a3cbbdca201fadac306c2091d9b0c
2024-09-30 15:48:13,62,c81372ca9529ddeb87790ff76f6745ec6870bc09bcdd705d8da7bfde78aed086
2024-09-30 15:48:13,62,c81372ca9529ddeb87790ff76f6745ec6870bc09bcdd705d8da7bfde78aed086
2024-09-30 15:48:13,62,c81372ca9529ddeb87790ff76f6745ec6870bc09bcdd705d8da7bfde78aed086
2024-09-30 15:48:13,62,c81372ca9529ddeb87790ff76f6745ec6870bc09bcdd705d8da7bfde78aed086
2024-09-30 15:48:13,62,c81372ca9529ddeb87790ff76f6745ec6870bc09bcdd705d8da7bfde78aed086
2024-09-30 15:48:33,62,c81372ca9529ddeb87790ff76f6745ec6870bc09bcdd705d8da7bfde78aed086
2024-09-30 15:48:33,62,c81372ca9529ddeb87790ff76f6745ec6870bc09bcdd705d8da7bfde78aed086
2024-09-30 15:48:33,62,c81372ca9529ddeb87790ff76f6745ec6870bc09bcdd705d8da7bfde78aed086
2024-09-30 15:49:10,62,0da0408cf172cf652980c296e04f6da88b4cd082b95640e05b763cd9c6b21fa6
2024-09-30 15:49:10,62,0da0408cf172cf652980c296e04f6da88b4cd082b95640e05b763cd9c6b21fa6
2024-09-30 15:49:36,62,18248f005b7493422ea25abcce7179b6d01446ebce2f14824bfbdbbe7f402bb9
2024-09-30 15:49:53,62,18248f005b7493422ea25abcce7179b6d01446ebce2f14824bfbdbbe7f402bb9
2024-09-30 15:49:54,62,01fbae127e8db09da74812bde292eb77d2a68a7897a5571bb7c33ad12264102a
2024-09-30 15:49:54,62,01fbae127e8db09da74812bde292eb77d2a68a7897a5571bb7c33ad12264102a
2024-09-30 15:49:54,62,01fbae127e8db09da74812bde292eb77d2a68a7897a5571bb7c33ad12264102a
2024-09-30 15:49:54,62,01fbae127e8db09da74812bde292eb77d2a68a7897a5571bb7c33ad12264102a
2024-09-30 15:49:54,62,01fbae127e8db09da74812bde292eb77d2a68a7897a5571bb7c33ad12264102a
2024-09-30 15:50:13,62,c81372ca9529ddeb87790ff76f6745ec6870bc09bcdd705d8da7bfde78aed086
2024-09-30 15:50:13,62,c81372ca9529ddeb87790ff76f6745ec6870bc09bcdd705d8da7bfde78aed086
2024-09-30 15:50:13,62,c81372ca9529ddeb87790ff76f6745ec6870bc09bcdd705d8da7bfde78aed086
2024-09-30 15:50:13,62,c81372ca9529ddeb87790ff76f6745ec6870bc09bcdd705d8da7bfde78aed086
2024-09-30 15:50:13,62,c81372ca9529ddeb87790ff76f6745ec6870bc09bcdd705d8da7bfde78aed086
2024-09-30 15:50:13,62,c81372ca9529ddeb87790ff76f6745ec6870bc09bcdd705d8da7bfde78aed086
2024-09-30 15:50:13,62,c81372ca9529ddeb87790ff76f6745ec6870bc09bcdd705d8da7bfde78aed086
2024-09-30 15:50:13,62,c81372ca9529ddeb87790ff76f6745ec6870bc09bcdd705d8da7bfde78aed086
2024-09-30 15:50:13,62,c81372ca9529ddeb87790ff76f6745ec6870bc09bcdd705d8da7bfde78aed086
2024-09-30 15:50:13,62,c81372ca9529ddeb87790ff76f6745ec6870bc09bcdd705d8da7bfde78aed086
2024-09-30 15:50:17,62,b259ad7b374273c26bec3567023bb3cef7a54a76409fb3688a4ef5ae3e07d4ba
2024-09-30 15:50:17,62,b259ad7b374273c26bec3567023bb3cef7a54a76409fb3688a4ef5ae3e07d4ba
2024-09-30 15:50:17,62,b259ad7b374273c26bec3567023bb3cef7a54a76409fb3688a4ef5ae3e07d4ba
2024-09-30 15:50:17,62,b259ad7b374273c26bec3567023bb3cef7a54a76409fb3688a4ef5ae3e07d4ba
2024-09-30 15:50:17,62,b259ad7b374273c26bec3567023bb3cef7a54a76409fb3688a4ef5ae3e07d4ba
2024-09-30 15:50:29,62,01fbae127e8db09da74812bde292eb77d2a68a7897a5571bb7c33ad12264102a
2024-09-30 15:50:29,62,01fbae127e8db09da74812bde292eb77d2a68a7897a5571bb7c33ad12264102a
2024-09-30 15:50:29,62,01fbae127e8db09da74812bde292eb77d2a68a7897a5571bb7c33ad12264102a
2024-09-30 15:50:29,62,01fbae127e8db09da74812bde292eb77d2a68a7897a5571bb7c33ad12264102a
2024-09-30 15:50:33,62,c81372ca9529ddeb87790ff76f6745ec6870bc09bcdd705d8da7bfde78aed086
2024-09-30 15:50:40,62,18248f005b7493422ea25abcce7179b6d01446ebce2f14824bfbdbbe7f402bb9
2024-09-30 15:50:45,62,92dec0a03d236b1673c65fd213be5f229f5bd4074d40b53ff471c1af5b5a99bb
2024-09-30 15:50:56,62,18248f005b7493422ea25abcce7179b6d01446ebce2f14824bfbdbbe7f402bb9
2024-09-30 15:51:01,62,01fbae127e8db09da74812bde292eb77d2a68a7897a5571bb7c33ad12264102a
2024-09-30 15:51:19,62,18248f005b7493422ea25abcce7179b6d01446ebce2f14824bfbdbbe7f402bb9
2024-09-30 15:51:19,62,18248f005b7493422ea25abcce7179b6d01446ebce2f14824bfbdbbe7f402bb9
2024-09-30 15:51:38,62,18248f005b7493422ea25abcce7179b6d01446ebce2f14824bfbdbbe7f402bb9
2024-09-30 15:51:38,62,18248f005b7493422ea25abcce7179b6d01446ebce2f14824bfbdbbe7f402bb9
2024-09-30 15:51:39,62,18248f005b7493422ea25abcce7179b6d01446ebce2f14824bfbdbbe7f402bb9
2024-09-30 15:51:40,62,18248f005b7493422ea25abcce7179b6d01446ebce2f14824bfbdbbe7f402bb9
2024-09-30 15:51:40,62,18248f005b7493422ea25abcce7179b6d01446ebce2f14824bfbdbbe7f402bb9
2024-09-30 15:51:40,62,18248f005b7493422ea25abcce7179b6d01446ebce2f14824bfbdbbe7f402bb9
2024-09-30 15:51:46,62,18248f005b7493422ea25abcce7179b6d01446ebce2f14824bfbdbbe7f402bb9
2024-09-30 15:52:17,62,18248f005b7493422ea25abcce7179b6d01446ebce2f14824bfbdbbe7f402bb9
2024-09-30 15:52:53,62,c81372ca9529ddeb87790ff76f6745ec6870bc09bcdd705d8da7bfde78aed086
2024-09-30 15:52:53,62,c81372ca9529ddeb87790ff76f6745ec6870bc09bcdd705d8da7bfde78aed086
2024-09-30 15:52:53,62,c81372ca9529ddeb87790ff76f6745ec6870bc09bcdd705d8da7bfde78aed086
2024-09-30 15:52:53,62,c81372ca9529ddeb87790ff76f6745ec6870bc09bcdd705d8da7bfde78aed086
2024-09-30 15:52:53,62,c81372ca9529ddeb87790ff76f6745ec6870bc09bcdd705d8da7bfde78aed086
2024-09-30 15:52:53,62,c81372ca9529ddeb87790ff76f6745ec6870bc09bcdd705d8da7bfde78aed086
2024-09-30 15:53:09,62,f214df8686dde5873f6737cdf93909d29f9b61e55a05fd900714072e85e7e2d9
2024-09-30 15:53:09,62,f214df8686dde5873f6737cdf93909d29f9b61e55a05fd900714072e85e7e2d9
2024-09-30 15:53:10,62,18248f005b7493422ea25abcce7179b6d01446ebce2f14824bfbdbbe7f402bb9
2024-09-30 15:53:10,62,18248f005b7493422ea25abcce7179b6d01446ebce2f14824bfbdbbe7f402bb9
2024-09-30 15:53:11,62,01fbae127e8db09da74812bde292eb77d2a68a7897a5571bb7c33ad12264102a
2024-09-30 15:53:11,62,01fbae127e8db09da74812bde292eb77d2a68a7897a5571bb7c33ad12264102a
2024-09-30 15:53:11,62,01fbae127e8db09da74812bde292eb77d2a68a7897a5571bb7c33ad12264102a
2024-09-30 15:53:14,62,18248f005b7493422ea25abcce7179b6d01446ebce2f14824bfbdbbe7f402bb9
2024-09-30 15:53:20,62,c81372ca9529ddeb87790ff76f6745ec6870bc09bcdd705d8da7bfde78aed086
2024-09-30 15:53:20,62,c81372ca9529ddeb87790ff76f6745ec6870bc09bcdd705d8da7bfde78aed086
2024-09-30 15:53:20,62,c81372ca9529ddeb87790ff76f6745ec6870bc09bcdd705d8da7bfde78aed086
2024-09-30 15:53:20,62,c81372ca9529ddeb87790ff76f6745ec6870bc09bcdd705d8da7bfde78aed086
2024-09-30 15:53:20,62,c81372ca9529ddeb87790ff76f6745ec6870bc09bcdd705d8da7bfde78aed086
2024-09-30 15:53:20,62,c81372ca9529ddeb87790ff76f6745ec6870bc09bcdd705d8da7bfde78aed086
2024-09-30 15:53:20,62,c81372ca9529ddeb87790ff76f6745ec6870bc09bcdd705d8da7bfde78aed086
2024-09-30 15:53:20,62,c81372ca9529ddeb87790ff76f6745ec6870bc09bcdd705d8da7bfde78aed086
2024-09-30 15:53:20,62,c81372ca9529ddeb87790ff76f6745ec6870bc09bcdd705d8da7bfde78aed086
2024-09-30 15:53:20,62,c81372ca9529ddeb87790ff76f6745ec6870bc09bcdd705d8da7bfde78aed086
2024-09-30 15:53:36,62,01fbae127e8db09da74812bde292eb77d2a68a7897a5571bb7c33ad12264102a
2024-09-30 15:53:49,62,01fbae127e8db09da74812bde292eb77d2a68a7897a5571bb7c33ad12264102a
2024-09-30 15:53:49,62,01fbae127e8db09da74812bde292eb77d2a68a7897a5571bb7c33ad12264102a
2024-09-30 15:53:56,62,01fbae127e8db09da74812bde292eb77d2a68a7897a5571bb7c33ad12264102a
2024-09-30 15:53:56,62,01fbae127e8db09da74812bde292eb77d2a68a7897a5571bb7c33ad12264102a
2024-09-30 15:53:56,62,01fbae127e8db09da74812bde292eb77d2a68a7897a5571bb7c33ad12264102a
2024-09-30 15:54:07,62,18248f005b7493422ea25abcce7179b6d01446ebce2f14824bfbdbbe7f402bb9
2024-09-30 15:54:35,62,18248f005b7493422ea25abcce7179b6d01446ebce2f14824bfbdbbe7f402bb9
2024-09-30 15:54:36,62,01fbae127e8db09da74812bde292eb77d2a68a7897a5571bb7c33ad12264102a
2024-09-30 15:54:36,62,01fbae127e8db09da74812bde292eb77d2a68a7897a5571bb7c33ad12264102a
2024-09-30 15:54:36,62,01fbae127e8db09da74812bde292eb77d2a68a7897a5571bb7c33ad12264102a
2024-09-30 15:54:36,62,01fbae127e8db09da74812bde292eb77d2a68a7897a5571bb7c33ad12264102a
2024-09-30 15:54:36,62,01fbae127e8db09da74812bde292eb77d2a68a7897a5571bb7c33ad12264102a
2024-09-30 15:54:51,62,01fbae127e8db09da74812bde292eb77d2a68a7897a5571bb7c33ad12264102a
2024-09-30 15:54:52,62,d787358040843e660eb94b464371ac26c3ccc54906bd94fcbf398471ccb0e763
2024-09-30 15:55:02,62,18248f005b7493422ea25abcce7179b6d01446ebce2f14824bfbdbbe7f402bb9
2024-09-30 15:55:08,62,18248f005b7493422ea25abcce7179b6d01446ebce2f14824bfbdbbe7f402bb9
2024-09-30 15:55:08,62,18248f005b7493422ea25abcce7179b6d01446ebce2f14824bfbdbbe7f402bb9
2024-09-30 15:55:08,62,18248f005b7493422ea25abcce7179b6d01446ebce2f14824bfbdbbe7f402bb9
2024-09-30 15:55:13,62,c81372ca9529ddeb87790ff76f6745ec6870bc09bcdd705d8da7bfde78aed086
2024-09-30 15:55:13,62,c81372ca9529ddeb87790ff76f6745ec6870bc09bcdd705d8da7bfde78aed086
2024-09-30 15:55:20,62,18248f005b7493422ea25abcce7179b6d01446ebce2f14824bfbdbbe7f402bb9
2024-09-30 15:55:23,62,18248f005b7493422ea25abcce7179b6d01446ebce2f14824bfbdbbe7f402bb9
2024-09-30 15:55:42,62,ac6bdf2d5686dae420b8fa528fcc9b72514a3cbbdca201fadac306c2091d9b0c
2024-09-30 15:55:42,62,ac6bdf2d5686dae420b8fa528fcc9b72514a3cbbdca201fadac306c2091d9b0c
2024-09-30 15:55:42,62,ac6bdf2d5686dae420b8fa528fcc9b72514a3cbbdca201fadac306c2091d9b0c
2024-09-30 15:55:49,62,f214df8686dde5873f6737cdf93909d29f9b61e55a05fd900714072e85e7e2d9
2024-09-30 15:55:50,62,18248f005b7493422ea25abcce7179b6d01446ebce2f14824bfbdbbe7f402bb9
2024-09-30 15:55:50,62,18248f005b7493422ea25abcce7179b6d01446ebce2f14824bfbdbbe7f402bb9
2024-09-30 15:56:23,62,18248f005b7493422ea25abcce7179b6d01446ebce2f14824bfbdbbe7f402bb9
2024-09-30 15:56:23,62,18248f005b7493422ea25abcce7179b6d01446ebce2f14824bfbdbbe7f402bb9
2024-09-30 15:56:25,62,18248f005b7493422ea25abcce7179b6d01446ebce2f14824bfbdbbe7f402bb9
2024-09-30 15:56:35,62,92dec0a03d236b1673c65fd213be5f229f5bd4074d40b53ff471c1af5b5a99bb
2024-09-30 15:56:35,62,92dec0a03d236b1673c65fd213be5f229f5bd4074d40b53ff471c1af5b5a99bb
2024-09-30 15:56:51,62,18248f005b7493422ea25abcce7179b6d01446ebce2f14824bfbdbbe7f402bb9
2024-09-30 15:56:53,62,c81372ca9529ddeb87790ff76f6745ec6870bc09bcdd705d8da7bfde78aed086
2024-09-30 15:56:53,62,c81372ca9529ddeb87790ff76f6745ec6870bc09bcdd705d8da7bfde78aed086
2024-09-30 15:56:53,62,c81372ca9529ddeb87790ff76f6745ec6870bc09bcdd705d8da7bfde78aed086
2024-09-30 15:56:53,62,c81372ca9529ddeb87790ff76f6745ec6870bc09bcdd705d8da7bfde78aed086
2024-09-30 15:56:53,62,c81372ca9529ddeb87790ff76f6745ec6870bc09bcdd705d8da7bfde78aed086
2024-09-30 15:56:53,62,c81372ca9529ddeb87790ff76f6745ec6870bc09bcdd705d8da7bfde78aed086
2024-09-30 15:56:58,62,18248f005b7493422ea25abcce7179b6d01446ebce2f14824bfbdbbe7f402bb9
2024-09-30 15:56:58,62,18248f005b7493422ea25abcce7179b6d01446ebce2f14824bfbdbbe7f402bb9
2024-09-30 15:56:59,62,18248f005b7493422ea25abcce7179b6d01446ebce2f14824bfbdbbe7f402bb9
2024-09-30 15:56:59,62,18248f005b7493422ea25abcce7179b6d01446ebce2f14824bfbdbbe7f402bb9
2024-09-30 15:56:59,62,18248f005b7493422ea25abcce7179b6d01446ebce2f14824bfbdbbe7f402bb9
2024-09-30 15:57:00,62,18248f005b7493422ea25abcce7179b6d01446ebce2f14824bfbdbbe7f402bb9
2024-09-30 15:57:09,62,18248f005b7493422ea25abcce7179b6d01446ebce2f14824bfbdbbe7f402bb9
2024-09-30 15:57:09,62,18248f005b7493422ea25abcce7179b6d01446ebce2f14824bfbdbbe7f402bb9
2024-09-30 15:57:10,62,18248f005b7493422ea25abcce7179b6d01446ebce2f14824bfbdbbe7f402bb9
2024-09-30 15:57:10,62,92dec0a03d236b1673c65fd213be5f229f5bd4074d40b53ff471c1af5b5a99bb
2024-09-30 15:57:14,62,18248f005b7493422ea25abcce7179b6d01446ebce2f14824bfbdbbe7f402bb9
2024-09-30 15:57:14,62,18248f005b7493422ea25abcce7179b6d01446ebce2f14824bfbdbbe7f402bb9
2024-09-30 15:57:17,62,18248f005b7493422ea25abcce7179b6d01446ebce2f14824bfbdbbe7f402bb9
2024-09-30 15:57:17,62,18248f005b7493422ea25abcce7179b6d01446ebce2f14824bfbdbbe7f402bb9
2024-09-30 15:57:24,62,18248f005b7493422ea25abcce7179b6d01446ebce2f14824bfbdbbe7f402bb9
2024-09-30 15:57:24,62,18248f005b7493422ea25abcce7179b6d01446ebce2f14824bfbdbbe7f402bb9
2024-09-30 15:57:33,62,c81372ca9529ddeb87790ff76f6745ec6870bc09bcdd705d8da7bfde78aed086
2024-09-30 15:57:33,62,c81372ca9529ddeb87790ff76f6745ec6870bc09bcdd705d8da7bfde78aed086
2024-09-30 15:57:36,62,18248f005b7493422ea25abcce7179b6d01446ebce2f14824bfbdbbe7f402bb9
2024-09-30 15:57:36,62,18248f005b7493422ea25abcce7179b6d01446ebce2f14824bfbdbbe7f402bb9
2024-09-30 15:57:40,62,92dec0a03d236b1673c65fd213be5f229f5bd4074d40b53ff471c1af5b5a99bb
2024-09-30 15:57:42,62,18248f005b7493422ea25abcce7179b6d01446ebce2f14824bfbdbbe7f402bb9
2024-09-30 15:57:43,62,18248f005b7493422ea25abcce7179b6d01446ebce2f14824bfbdbbe7f402bb9
2024-09-30 15:57:59,62,18248f005b7493422ea25abcce7179b6d01446ebce2f14824bfbdbbe7f402bb9
2024-09-30 15:58:24,62,18248f005b7493422ea25abcce7179b6d01446ebce2f14824bfbdbbe7f402bb9
2024-09-30 15:58:29,62,18248f005b7493422ea25abcce7179b6d01446ebce2f14824bfbdbbe7f402bb9
2024-09-30 15:58:50,62,18248f005b7493422ea25abcce7179b6d01446ebce2f14824bfbdbbe7f402bb9
2024-09-30 15:58:50,62,18248f005b7493422ea25abcce7179b6d01446ebce2f14824bfbdbbe7f402bb9
2024-09-30 15:58:51,62,18248f005b7493422ea25abcce7179b6d01446ebce2f14824bfbdbbe7f402bb9
2024-09-30 15:58:58,62,f214df8686dde5873f6737cdf93909d29f9b61e55a05fd900714072e85e7e2d9
2024-09-30 15:58:58,62,f214df8686dde5873f6737cdf93909d29f9b61e55a05fd900714072e85e7e2d9
2024-09-30 15:58:58,62,f214df8686dde5873f6737cdf93909d29f9b61e55a05fd900714072e85e7e2d9
2024-09-30 15:59:37,62,18248f005b7493422ea25abcce7179b6d01446ebce2f14824bfbdbbe7f402bb9
2024-09-30 15:59:37,62,18248f005b7493422ea25abcce7179b6d01446ebce2f14824bfbdbbe7f402bb9
2024-09-30 15:59:37,62,18248f005b7493422ea25abcce7179b6d01446ebce2f14824bfbdbbe7f402bb9
2024-09-30 15:59:37,62,18248f005b7493422ea25abcce7179b6d01446ebce2f14824bfbdbbe7f402bb9
2024-09-30 15:59:39,62,92dec0a03d236b1673c65fd213be5f229f5bd4074d40b53ff471c1af5b5a99bb
2024-09-30 15:59:53,62,c81372ca9529ddeb87790ff76f6745ec6870bc09bcdd705d8da7bfde78aed086
2024-09-30 15:59:53,62,c81372ca9529ddeb87790ff76f6745ec6870bc09bcdd705d8da7bfde78aed086
2024-09-30 15:59:53,62,c81372ca9529ddeb87790ff76f6745ec6870bc09bcdd705d8da7bfde78aed086
2024-09-30 16:00:00,62,ac6bdf2d5686dae420b8fa528fcc9b72514a3cbbdca201fadac306c2091d9b0c
2024-09-30 16:00:00,62,ac6bdf2d5686dae420b8fa528fcc9b72514a3cbbdca201fadac306c2091d9b0c
2024-09-30 16:00:03,62,18248f005b7493422ea25abcce7179b6d01446ebce2f14824bfbdbbe7f402bb9
2024-09-30 16:00:38,62,18248f005b7493422ea25abcce7179b6d01446ebce2f14824bfbdbbe7f402bb9
2024-09-30 16:00:38,62,18248f005b7493422ea25abcce7179b6d01446ebce2f14824bfbdbbe7f402bb9
2024-09-30 16:00:39,62,18248f005b7493422ea25abcce7179b6d01446ebce2f14824bfbdbbe7f402bb9
2024-09-30 16:00:39,62,18248f005b7493422ea25abcce7179b6d01446ebce2f14824bfbdbbe7f402bb9
2024-09-30 16:00:39,62,18248f005b7493422ea25abcce7179b6d01446ebce2f14824bfbdbbe7f402bb9
2024-09-30 16:00:51,62,18248f005b7493422ea25abcce7179b6d01446ebce2f14824bfbdbbe7f402bb9
2024-09-30 16:00:52,62,18248f005b7493422ea25abcce7179b6d01446ebce2f14824bfbdbbe7f402bb9
2024-09-30 16:00:52,62,18248f005b7493422ea25abcce7179b6d01446ebce2f14824bfbdbbe7f402bb9
2024-09-30 16:00:52,62,18248f005b7493422ea25abcce7179b6d01446ebce2f14824bfbdbbe7f402bb9
2024-09-30 16:00:52,62,18248f005b7493422ea25abcce7179b6d01446ebce2f14824bfbdbbe7f402bb9
2024-09-30 16:00:52,62,18248f005b7493422ea25abcce7179b6d01446ebce2f14824bfbdbbe7f402bb9
2024-09-30 16:00:52,62,18248f005b7493422ea25abcce7179b6d01446ebce2f14824bfbdbbe7f402bb9
2024-09-30 16:01:08,62,18248f005b7493422ea25abcce7179b6d01446ebce2f14824bfbdbbe7f402bb9
2024-09-30 16:01:08,62,18248f005b7493422ea25abcce7179b6d01446ebce2f14824bfbdbbe7f402bb9
2024-09-30 16:01:38,62,f214df8686dde5873f6737cdf93909d29f9b61e55a05fd900714072e85e7e2d9
2024-09-30 16:02:09,62,18248f005b7493422ea25abcce7179b6d01446ebce2f14824bfbdbbe7f402bb9
2024-09-30 16:02:09,62,18248f005b7493422ea25abcce7179b6d01446ebce2f14824bfbdbbe7f402bb9
2024-09-30 16:02:13,62,c81372ca9529ddeb87790ff76f6745ec6870bc09bcdd705d8da7bfde78aed086
2024-09-30 16:02:13,62,c81372ca9529ddeb87790ff76f6745ec6870bc09bcdd705d8da7bfde78aed086
2024-09-30 16:02:13,62,c81372ca9529ddeb87790ff76f6745ec6870bc09bcdd705d8da7bfde78aed086
2024-09-30 16:02:13,62,18248f005b7493422ea25abcce7179b6d01446ebce2f14824bfbdbbe7f402bb9
2024-09-30 16:02:14,62,18248f005b7493422ea25abcce7179b6d01446ebce2f14824bfbdbbe7f402bb9
2024-09-30 16:02:14,62,18248f005b7493422ea25abcce7179b6d01446ebce2f14824bfbdbbe7f402bb9
2024-09-30 16:02:15,62,18248f005b7493422ea25abcce7179b6d01446ebce2f14824bfbdbbe7f402bb9
2024-09-30 16:02:15,62,18248f005b7493422ea25abcce7179b6d01446ebce2f14824bfbdbbe7f402bb9
2024-09-30 16:02:15,62,18248f005b7493422ea25abcce7179b6d01446ebce2f14824bfbdbbe7f402bb9
2024-09-30 16:02:15,62,18248f005b7493422ea25abcce7179b6d01446ebce2f14824bfbdbbe7f402bb9
2024-09-30 16:02:16,62,18248f005b7493422ea25abcce7179b6d01446ebce2f14824bfbdbbe7f402bb9
2024-09-30 16:02:16,62,18248f005b7493422ea25abcce7179b6d01446ebce2f14824bfbdbbe7f402bb9
2024-09-30 16:02:16,62,18248f005b7493422ea25abcce7179b6d01446ebce2f14824bfbdbbe7f402bb9
2024-09-30 16:02:53,62,c81372ca9529ddeb87790ff76f6745ec6870bc09bcdd705d8da7bfde78aed086
2024-09-30 16:02:53,62,c81372ca9529ddeb87790ff76f6745ec6870bc09bcdd705d8da7bfde78aed086
2024-09-30 16:02:53,62,c81372ca9529ddeb87790ff76f6745ec6870bc09bcdd705d8da7bfde78aed086
2024-09-30 16:02:58,62,01fbae127e8db09da74812bde292eb77d2a68a7897a5571bb7c33ad12264102a
2024-09-30 16:02:58,62,01fbae127e8db09da74812bde292eb77d2a68a7897a5571bb7c33ad12264102a
2024-09-30 16:02:59,62,01fbae127e8db09da74812bde292eb77d2a68a7897a5571bb7c33ad12264102a
2024-09-30 16:03:00,62,18248f005b7493422ea25abcce7179b6d01446ebce2f14824bfbdbbe7f402bb9
2024-09-30 16:03:00,62,18248f005b7493422ea25abcce7179b6d01446ebce2f14824bfbdbbe7f402bb9
2024-09-30 16:03:00,62,18248f005b7493422ea25abcce7179b6d01446ebce2f14824bfbdbbe7f402bb9
2024-09-30 16:03:00,62,18248f005b7493422ea25abcce7179b6d01446ebce2f14824bfbdbbe7f402bb9
2024-09-30 16:03:00,62,18248f005b7493422ea25abcce7179b6d01446ebce2f14824bfbdbbe7f402bb9
2024-09-30 16:03:03,62,18248f005b7493422ea25abcce7179b6d01446ebce2f14824bfbdbbe7f402bb9
2024-09-30 16:03:27,62,01fbae127e8db09da74812bde292eb77d2a68a7897a5571bb7c33ad12264102a
2024-09-30 16:03:27,62,01fbae127e8db09da74812bde292eb77d2a68a7897a5571bb7c33ad12264102a
2024-09-30 16:03:28,62,01fbae127e8db09da74812bde292eb77d2a68a7897a5571bb7c33ad12264102a
2024-09-30 16:03:30,62,18248f005b7493422ea25abcce7179b6d01446ebce2f14824bfbdbbe7f402bb9
2024-09-30 16:03:30,62,18248f005b7493422ea25abcce7179b6d01446ebce2f14824bfbdbbe7f402bb9
2024-09-30 16:03:30,62,18248f005b7493422ea25abcce7179b6d01446ebce2f14824bfbdbbe7f402bb9
2024-09-30 16:03:30,62,18248f005b7493422ea25abcce7179b6d01446ebce2f14824bfbdbbe7f402bb9
2024-09-30 16:03:35,62,01fbae127e8db09da74812bde292eb77d2a68a7897a5571bb7c33ad12264102a
2024-09-30 16:03:35,62,01fbae127e8db09da74812bde292eb77d2a68a7897a5571bb7c33ad12264102a
2024-09-30 16:03:35,62,01fbae127e8db09da74812bde292eb77d2a68a7897a5571bb7c33ad12264102a
2024-09-30 16:03:35,62,01fbae127e8db09da74812bde292eb77d2a68a7897a5571bb7c33ad12264102a
2024-09-30 16:03:35,62,01fbae127e8db09da74812bde292eb77d2a68a7897a5571bb7c33ad12264102a
2024-09-30 16:03:57,62,18248f005b7493422ea25abcce7179b6d01446ebce2f14824bfbdbbe7f402bb9
2024-09-30 16:03:58,62,18248f005b7493422ea25abcce7179b6d01446ebce2f14824bfbdbbe7f402bb9
2024-09-30 16:03:58,62,18248f005b7493422ea25abcce7179b6d01446ebce2f14824bfbdbbe7f402bb9
2024-09-30 16:04:03,62,ac6bdf2d5686dae420b8fa528fcc9b72514a3cbbdca201fadac306c2091d9b0c
2024-09-30 16:04:13,62,c81372ca9529ddeb87790ff76f6745ec6870bc09bcdd705d8da7bfde78aed086
2024-09-30 16:04:13,62,c81372ca9529ddeb87790ff76f6745ec6870bc09bcdd705d8da7bfde78aed086
2024-09-30 16:04:24,62,18248f005b7493422ea25abcce7179b6d01446ebce2f14824bfbdbbe7f402bb9
2024-09-30 16:04:24,62,18248f005b7493422ea25abcce7179b6d01446ebce2f14824bfbdbbe7f402bb9
2024-09-30 16:04:28,62,18248f005b7493422ea25abcce7179b6d01446ebce2f14824bfbdbbe7f402bb9
2024-09-30 16:04:29,62,18248f005b7493422ea25abcce7179b6d01446ebce2f14824bfbdbbe7f402bb9
2024-09-30 16:04:31,62,18248f005b7493422ea25abcce7179b6d01446ebce2f14824bfbdbbe7f402bb9
2024-09-30 16:04:40,62,92dec0a03d236b1673c65fd213be5f229f5bd4074d40b53ff471c1af5b5a99bb
2024-09-30 16:04:43,62,18248f005b7493422ea25abcce7179b6d01446ebce2f14824bfbdbbe7f402bb9
2024-09-30 16:04:47,62,18248f005b7493422ea25abcce7179b6d01446ebce2f14824bfbdbbe7f402bb9
2024-09-30 16:04:47,62,18248f005b7493422ea25abcce7179b6d01446ebce2f14824bfbdbbe7f402bb9
2024-09-30 16:04:51,62,18248f005b7493422ea25abcce7179b6d01446ebce2f14824bfbdbbe7f402bb9
2024-09-30 16:05:04,62,01fbae127e8db09da74812bde292eb77d2a68a7897a5571bb7c33ad12264102a
2024-09-30 16:05:04,62,01fbae127e8db09da74812bde292eb77d2a68a7897a5571bb7c33ad12264102a
2024-09-30 16:05:04,62,01fbae127e8db09da74812bde292eb77d2a68a7897a5571bb7c33ad12264102a
2024-09-30 16:05:04,62,01fbae127e8db09da74812bde292eb77d2a68a7897a5571bb7c33ad12264102a
2024-09-30 16:05:04,62,01fbae127e8db09da74812bde292eb77d2a68a7897a5571bb7c33ad12264102a
2024-09-30 16:05:10,62,18248f005b7493422ea25abcce7179b6d01446ebce2f14824bfbdbbe7f402bb9
2024-09-30 16:05:10,62,18248f005b7493422ea25abcce7179b6d01446ebce2f14824bfbdbbe7f402bb9
2024-09-30 16:05:10,62,18248f005b7493422ea25abcce7179b6d01446ebce2f14824bfbdbbe7f402bb9
2024-09-30 16:05:20,62,18248f005b7493422ea25abcce7179b6d01446ebce2f14824bfbdbbe7f402bb9
2024-09-30 16:05:29,62,92dec0a03d236b1673c65fd213be5f229f5bd4074d40b53ff471c1af5b5a99bb
2024-09-30 16:05:30,62,92dec0a03d236b1673c65fd213be5f229f5bd4074d40b53ff471c1af5b5a99bb
2024-09-30 16:05:35,62,18248f005b7493422ea25abcce7179b6d01446ebce2f14824bfbdbbe7f402bb9
2024-09-30 16:05:35,62,18248f005b7493422ea25abcce7179b6d01446ebce2f14824bfbdbbe7f402bb9
2024-09-30 16:05:35,62,92dec0a03d236b1673c65fd213be5f229f5bd4074d40b53ff471c1af5b5a99bb
2024-09-30 16:05:35,62,92dec0a03d236b1673c65fd213be5f229f5bd4074d40b53ff471c1af5b5a99bb
2024-09-30 16:05:44,62,18248f005b7493422ea25abcce7179b6d01446ebce2f14824bfbdbbe7f402bb9
2024-09-30 16:05:44,62,18248f005b7493422ea25abcce7179b6d01446ebce2f14824bfbdbbe7f402bb9
2024-09-30 16:05:47,62,18248f005b7493422ea25abcce7179b6d01446ebce2f14824bfbdbbe7f402bb9
2024-09-30 16:05:47,62,18248f005b7493422ea25abcce7179b6d01446ebce2f14824bfbdbbe7f402bb9
2024-09-30 16:05:47,62,18248f005b7493422ea25abcce7179b6d01446ebce2f14824bfbdbbe7f402bb9
2024-09-30 16:05:48,62,18248f005b7493422ea25abcce7179b6d01446ebce2f14824bfbdbbe7f402bb9
2024-09-30 16:05:48,62,18248f005b7493422ea25abcce7179b6d01446ebce2f14824bfbdbbe7f402bb9
2024-09-30 16:05:59,62,18248f005b7493422ea25abcce7179b6d01446ebce2f14824bfbdbbe7f402bb9
2024-09-30 16:05:59,62,18248f005b7493422ea25abcce7179b6d01446ebce2f14824bfbdbbe7f402bb9
2024-09-30 16:06:00,62,18248f005b7493422ea25abcce7179b6d01446ebce2f14824bfbdbbe7f402bb9
2024-09-30 16:06:00,62,ac6bdf2d5686dae420b8fa528fcc9b72514a3cbbdca201fadac306c2091d9b0c
2024-09-30 16:06:00,62,ac6bdf2d5686dae420b8fa528fcc9b72514a3cbbdca201fadac306c2091d9b0c
2024-09-30 16:06:06,62,18248f005b7493422ea25abcce7179b6d01446ebce2f14824bfbdbbe7f402bb9
2024-09-30 16:06:06,62,18248f005b7493422ea25abcce7179b6d01446ebce2f14824bfbdbbe7f402bb9
2024-09-30 16:06:06,62,18248f005b7493422ea25abcce7179b6d01446ebce2f14824bfbdbbe7f402bb9
2024-09-30 16:06:06,62,18248f005b7493422ea25abcce7179b6d01446ebce2f14824bfbdbbe7f402bb9
2024-09-30 16:06:06,62,18248f005b7493422ea25abcce7179b6d01446ebce2f14824bfbdbbe7f402bb9
2024-09-30 16:06:09,62,18248f005b7493422ea25abcce7179b6d01446ebce2f14824bfbdbbe7f402bb9
2024-09-30 16:06:14,62,18248f005b7493422ea25abcce7179b6d01446ebce2f14824bfbdbbe7f402bb9
2024-09-30 16:06:14,62,18248f005b7493422ea25abcce7179b6d01446ebce2f14824bfbdbbe7f402bb9
2024-09-30 16:06:27,62,18248f005b7493422ea25abcce7179b6d01446ebce2f14824bfbdbbe7f402bb9
2024-09-30 16:06:27,62,18248f005b7493422ea25abcce7179b6d01446ebce2f14824bfbdbbe7f402bb9
2024-09-30 16:06:28,62,18248f005b7493422ea25abcce7179b6d01446ebce2f14824bfbdbbe7f402bb9
2024-09-30 16:06:28,62,18248f005b7493422ea25abcce7179b6d01446ebce2f14824bfbdbbe7f402bb9
2024-09-30 16:06:29,62,18248f005b7493422ea25abcce7179b6d01446ebce2f14824bfbdbbe7f402bb9
2024-09-30 16:06:29,62,18248f005b7493422ea25abcce7179b6d01446ebce2f14824bfbdbbe7f402bb9
2024-09-30 16:06:29,62,18248f005b7493422ea25abcce7179b6d01446ebce2f14824bfbdbbe7f402bb9
2024-09-30 16:06:31,62,ac6bdf2d5686dae420b8fa528fcc9b72514a3cbbdca201fadac306c2091d9b0c
2024-09-30 16:06:33,62,c81372ca9529ddeb87790ff76f6745ec6870bc09bcdd705d8da7bfde78aed086
2024-09-30 16:06:33,62,c81372ca9529ddeb87790ff76f6745ec6870bc09bcdd705d8da7bfde78aed086
2024-09-30 16:06:33,62,c81372ca9529ddeb87790ff76f6745ec6870bc09bcdd705d8da7bfde78aed086
2024-09-30 16:06:47,62,92dec0a03d236b1673c65fd213be5f229f5bd4074d40b53ff471c1af5b5a99bb
2024-09-30 16:06:52,62,18248f005b7493422ea25abcce7179b6d01446ebce2f14824bfbdbbe7f402bb9
2024-09-30 16:06:52,62,18248f005b7493422ea25abcce7179b6d01446ebce2f14824bfbdbbe7f402bb9
2024-09-30 16:06:57,62,01fbae127e8db09da74812bde292eb77d2a68a7897a5571bb7c33ad12264102a
2024-09-30 16:06:57,62,01fbae127e8db09da74812bde292eb77d2a68a7897a5571bb7c33ad12264102a
2024-09-30 16:06:57,62,01fbae127e8db09da74812bde292eb77d2a68a7897a5571bb7c33ad12264102a
2024-09-30 16:07:02,62,01fbae127e8db09da74812bde292eb77d2a68a7897a5571bb7c33ad12264102a
2024-09-30 16:07:02,62,01fbae127e8db09da74812bde292eb77d2a68a7897a5571bb7c33ad12264102a
2024-09-30 16:07:02,62,01fbae127e8db09da74812bde292eb77d2a68a7897a5571bb7c33ad12264102a
2024-09-30 16:07:15,62,01fbae127e8db09da74812bde292eb77d2a68a7897a5571bb7c33ad12264102a
2024-09-30 16:07:15,62,01fbae127e8db09da74812bde292eb77d2a68a7897a5571bb7c33ad12264102a
2024-09-30 16:07:15,62,18248f005b7493422ea25abcce7179b6d01446ebce2f14824bfbdbbe7f402bb9
2024-09-30 16:07:19,62,18248f005b7493422ea25abcce7179b6d01446ebce2f14824bfbdbbe7f402bb9
2024-09-30 16:07:22,62,18248f005b7493422ea25abcce7179b6d01446ebce2f14824bfbdbbe7f402bb9
2024-09-30 16:07:22,62,18248f005b7493422ea25abcce7179b6d01446ebce2f14824bfbdbbe7f402bb9
2024-09-30 16:07:22,62,18248f005b7493422ea25abcce7179b6d01446ebce2f14824bfbdbbe7f402bb9
2024-09-30 16:07:23,62,18248f005b7493422ea25abcce7179b6d01446ebce2f14824bfbdbbe7f402bb9
2024-09-30 16:07:23,62,18248f005b7493422ea25abcce7179b6d01446ebce2f14824bfbdbbe7f402bb9
2024-09-30 16:07:27,62,01fbae127e8db09da74812bde292eb77d2a68a7897a5571bb7c33ad12264102a
2024-09-30 16:07:29,62,18248f005b7493422ea25abcce7179b6d01446ebce2f14824bfbdbbe7f402bb9
2024-09-30 16:07:29,62,18248f005b7493422ea25abcce7179b6d01446ebce2f14824bfbdbbe7f402bb9
2024-09-30 16:07:35,62,18248f005b7493422ea25abcce7179b6d01446ebce2f14824bfbdbbe7f402bb9
2024-09-30 16:07:35,62,18248f005b7493422ea25abcce7179b6d01446ebce2f14824bfbdbbe7f402bb9
2024-09-30 16:07:38,62,01fbae127e8db09da74812bde292eb77d2a68a7897a5571bb7c33ad12264102a
2024-09-30 16:07:39,62,01fbae127e8db09da74812bde292eb77d2a68a7897a5571bb7c33ad12264102a
2024-09-30 16:07:55,62,18248f005b7493422ea25abcce7179b6d01446ebce2f14824bfbdbbe7f402bb9
2024-09-30 16:07:55,62,18248f005b7493422ea25abcce7179b6d01446ebce2f14824bfbdbbe7f402bb9
2024-09-30 16:07:59,62,92dec0a03d236b1673c65fd213be5f229f5bd4074d40b53ff471c1af5b5a99bb
2024-09-30 16:08:08,62,01fbae127e8db09da74812bde292eb77d2a68a7897a5571bb7c33ad12264102a
2024-09-30 16:08:08,62,01fbae127e8db09da74812bde292eb77d2a68a7897a5571bb7c33ad12264102a
2024-09-30 16:08:14,62,01fbae127e8db09da74812bde292eb77d2a68a7897a5571bb7c33ad12264102a
2024-09-30 16:08:14,62,01fbae127e8db09da74812bde292eb77d2a68a7897a5571bb7c33ad12264102a
2024-09-30 16:08:14,62,01fbae127e8db09da74812bde292eb77d2a68a7897a5571bb7c33ad12264102a
2024-09-30 16:08:14,62,01fbae127e8db09da74812bde292eb77d2a68a7897a5571bb7c33ad12264102a
2024-09-30 16:08:15,62,18248f005b7493422ea25abcce7179b6d01446ebce2f14824bfbdbbe7f402bb9
2024-09-30 16:08:15,62,18248f005b7493422ea25abcce7179b6d01446ebce2f14824bfbdbbe7f402bb9
2024-09-30 16:08:29,62,18248f005b7493422ea25abcce7179b6d01446ebce2f14824bfbdbbe7f402bb9
2024-09-30 16:08:29,62,18248f005b7493422ea25abcce7179b6d01446ebce2f14824bfbdbbe7f402bb9
2024-09-30 16:08:38,62,01fbae127e8db09da74812bde292eb77d2a68a7897a5571bb7c33ad12264102a
2024-09-30 16:08:38,62,01fbae127e8db09da74812bde292eb77d2a68a7897a5571bb7c33ad12264102a
2024-09-30 16:08:38,62,01fbae127e8db09da74812bde292eb77d2a68a7897a5571bb7c33ad12264102a
2024-09-30 16:08:42,62,01fbae127e8db09da74812bde292eb77d2a68a7897a5571bb7c33ad12264102a
2024-09-30 16:08:42,62,01fbae127e8db09da74812bde292eb77d2a68a7897a5571bb7c33ad12264102a
2024-09-30 16:08:42,62,01fbae127e8db09da74812bde292eb77d2a68a7897a5571bb7c33ad12264102a
2024-09-30 16:08:43,62,01fbae127e8db09da74812bde292eb77d2a68a7897a5571bb7c33ad12264102a
2024-09-30 16:08:43,62,01fbae127e8db09da74812bde292eb77d2a68a7897a5571bb7c33ad12264102a
2024-09-30 16:08:43,62,01fbae127e8db09da74812bde292eb77d2a68a7897a5571bb7c33ad12264102a
2024-09-30 16:08:44,62,01fbae127e8db09da74812bde292eb77d2a68a7897a5571bb7c33ad12264102a
2024-09-30 16:08:44,62,01fbae127e8db09da74812bde292eb77d2a68a7897a5571bb7c33ad12264102a
2024-09-30 16:08:44,62,01fbae127e8db09da74812bde292eb77d2a68a7897a5571bb7c33ad12264102a
2024-09-30 16:08:53,62,c81372ca9529ddeb87790ff76f6745ec6870bc09bcdd705d8da7bfde78aed086
2024-09-30 16:08:53,62,c81372ca9529ddeb87790ff76f6745ec6870bc09bcdd705d8da7bfde78aed086
2024-09-30 16:08:53,62,c81372ca9529ddeb87790ff76f6745ec6870bc09bcdd705d8da7bfde78aed086
2024-09-30 16:08:53,62,c81372ca9529ddeb87790ff76f6745ec6870bc09bcdd705d8da7bfde78aed086
2024-09-30 16:08:53,62,c81372ca9529ddeb87790ff76f6745ec6870bc09bcdd705d8da7bfde78aed086
2024-09-30 16:08:53,62,c81372ca9529ddeb87790ff76f6745ec6870bc09bcdd705d8da7bfde78aed086
2024-09-30 16:08:53,62,c81372ca9529ddeb87790ff76f6745ec6870bc09bcdd705d8da7bfde78aed086
2024-09-30 16:08:53,62,c81372ca9529ddeb87790ff76f6745ec6870bc09bcdd705d8da7bfde78aed086
2024-09-30 16:08:54,62,01fbae127e8db09da74812bde292eb77d2a68a7897a5571bb7c33ad12264102a
2024-09-30 16:08:54,62,01fbae127e8db09da74812bde292eb77d2a68a7897a5571bb7c33ad12264102a
2024-09-30 16:09:00,62,ac6bdf2d5686dae420b8fa528fcc9b72514a3cbbdca201fadac306c2091d9b0c
2024-09-30 16:09:23,62,f214df8686dde5873f6737cdf93909d29f9b61e55a05fd900714072e85e7e2d9
2024-09-30 16:09:23,62,f214df8686dde5873f6737cdf93909d29f9b61e55a05fd900714072e85e7e2d9
2024-09-30 16:09:23,62,f214df8686dde5873f6737cdf93909d29f9b61e55a05fd900714072e85e7e2d9
2024-09-30 16:09:23,62,f214df8686dde5873f6737cdf93909d29f9b61e55a05fd900714072e85e7e2d9
2024-09-30 16:09:23,62,f214df8686dde5873f6737cdf93909d29f9b61e55a05fd900714072e85e7e2d9
2024-09-30 16:09:39,62,18248f005b7493422ea25abcce7179b6d01446ebce2f14824bfbdbbe7f402bb9
2024-09-30 16:09:47,62,18248f005b7493422ea25abcce7179b6d01446ebce2f14824bfbdbbe7f402bb9
2024-09-30 16:09:47,62,18248f005b7493422ea25abcce7179b6d01446ebce2f14824bfbdbbe7f402bb9
2024-09-30 16:09:54,62,18248f005b7493422ea25abcce7179b6d01446ebce2f14824bfbdbbe7f402bb9
2024-09-30 16:10:01,62,01fbae127e8db09da74812bde292eb77d2a68a7897a5571bb7c33ad12264102a
2024-09-30 16:10:01,62,01fbae127e8db09da74812bde292eb77d2a68a7897a5571bb7c33ad12264102a
2024-09-30 16:10:01,62,01fbae127e8db09da74812bde292eb77d2a68a7897a5571bb7c33ad12264102a
2024-09-30 16:10:01,62,01fbae127e8db09da74812bde292eb77d2a68a7897a5571bb7c33ad12264102a
2024-09-30 16:10:11,62,01fbae127e8db09da74812bde292eb77d2a68a7897a5571bb7c33ad12264102a
2024-09-30 16:10:11,62,01fbae127e8db09da74812bde292eb77d2a68a7897a5571bb7c33ad12264102a
2024-09-30 16:10:14,62,01fbae127e8db09da74812bde292eb77d2a68a7897a5571bb7c33ad12264102a
2024-09-30 16:10:15,62,01fbae127e8db09da74812bde292eb77d2a68a7897a5571bb7c33ad12264102a
2024-09-30 16:10:32,62,18248f005b7493422ea25abcce7179b6d01446ebce2f14824bfbdbbe7f402bb9
2024-09-30 16:10:32,62,18248f005b7493422ea25abcce7179b6d01446ebce2f14824bfbdbbe7f402bb9
2024-09-30 16:11:09,62,01fbae127e8db09da74812bde292eb77d2a68a7897a5571bb7c33ad12264102a
2024-09-30 16:11:09,62,01fbae127e8db09da74812bde292eb77d2a68a7897a5571bb7c33ad12264102a
2024-09-30 16:11:09,62,01fbae127e8db09da74812bde292eb77d2a68a7897a5571bb7c33ad12264102a
2024-09-30 16:11:13,62,c81372ca9529ddeb87790ff76f6745ec6870bc09bcdd705d8da7bfde78aed086
2024-09-30 16:11:13,62,c81372ca9529ddeb87790ff76f6745ec6870bc09bcdd705d8da7bfde78aed086
2024-09-30 16:11:13,62,c81372ca9529ddeb87790ff76f6745ec6870bc09bcdd705d8da7bfde78aed086
2024-09-30 16:11:36,62,92dec0a03d236b1673c65fd213be5f229f5bd4074d40b53ff471c1af5b5a99bb
2024-09-30 16:12:33,62,18248f005b7493422ea25abcce7179b6d01446ebce2f14824bfbdbbe7f402bb9
2024-09-30 16:12:34,62,ac6bdf2d5686dae420b8fa528fcc9b72514a3cbbdca201fadac306c2091d9b0c
2024-09-30 16:12:34,62,ac6bdf2d5686dae420b8fa528fcc9b72514a3cbbdca201fadac306c2091d9b0c
2024-09-30 16:12:34,62,ac6bdf2d5686dae420b8fa528fcc9b72514a3cbbdca201fadac306c2091d9b0c
2024-09-30 16:12:58,62,ac6bdf2d5686dae420b8fa528fcc9b72514a3cbbdca201fadac306c2091d9b0c
2024-09-30 16:13:00,62,18248f005b7493422ea25abcce7179b6d01446ebce2f14824bfbdbbe7f402bb9
2024-09-30 16:13:08,62,01fbae127e8db09da74812bde292eb77d2a68a7897a5571bb7c33ad12264102a
2024-09-30 16:13:08,62,01fbae127e8db09da74812bde292eb77d2a68a7897a5571bb7c33ad12264102a
2024-09-30 16:13:08,62,01fbae127e8db09da74812bde292eb77d2a68a7897a5571bb7c33ad12264102a
2024-09-30 16:13:26,62,18248f005b7493422ea25abcce7179b6d01446ebce2f14824bfbdbbe7f402bb9
2024-09-30 16:13:26,62,18248f005b7493422ea25abcce7179b6d01446ebce2f14824bfbdbbe7f402bb9
2024-09-30 16:13:33,62,c81372ca9529ddeb87790ff76f6745ec6870bc09bcdd705d8da7bfde78aed086
2024-09-30 16:13:33,62,c81372ca9529ddeb87790ff76f6745ec6870bc09bcdd705d8da7bfde78aed086
2024-09-30 16:13:33,62,c81372ca9529ddeb87790ff76f6745ec6870bc09bcdd705d8da7bfde78aed086
2024-09-30 16:13:33,62,c81372ca9529ddeb87790ff76f6745ec6870bc09bcdd705d8da7bfde78aed086
2024-09-30 16:13:58,62,18248f005b7493422ea25abcce7179b6d01446ebce2f14824bfbdbbe7f402bb9
2024-09-30 16:13:58,62,18248f005b7493422ea25abcce7179b6d01446ebce2f14824bfbdbbe7f402bb9
2024-09-30 16:13:58,62,18248f005b7493422ea25abcce7179b6d01446ebce2f14824bfbdbbe7f402bb9
2024-09-30 16:14:01,62,18248f005b7493422ea25abcce7179b6d01446ebce2f14824bfbdbbe7f402bb9
2024-09-30 16:14:01,62,18248f005b7493422ea25abcce7179b6d01446ebce2f14824bfbdbbe7f402bb9
2024-09-30 16:14:05,62,18248f005b7493422ea25abcce7179b6d01446ebce2f14824bfbdbbe7f402bb9
2024-09-30 16:14:22,62,18248f005b7493422ea25abcce7179b6d01446ebce2f14824bfbdbbe7f402bb9
2024-09-30 16:14:22,62,18248f005b7493422ea25abcce7179b6d01446ebce2f14824bfbdbbe7f402bb9
2024-09-30 16:14:22,62,18248f005b7493422ea25abcce7179b6d01446ebce2f14824bfbdbbe7f402bb9
2024-09-30 16:14:22,62,18248f005b7493422ea25abcce7179b6d01446ebce2f14824bfbdbbe7f402bb9
2024-09-30 16:14:23,62,18248f005b7493422ea25abcce7179b6d01446ebce2f14824bfbdbbe7f402bb9
2024-09-30 16:14:23,62,18248f005b7493422ea25abcce7179b6d01446ebce2f14824bfbdbbe7f402bb9
2024-09-30 16:14:23,62,18248f005b7493422ea25abcce7179b6d01446ebce2f14824bfbdbbe7f402bb9
2024-09-30 16:14:23,62,18248f005b7493422ea25abcce7179b6d01446ebce2f14824bfbdbbe7f402bb9
2024-09-30 16:14:23,62,18248f005b7493422ea25abcce7179b6d01446ebce2f14824bfbdbbe7f402bb9
2024-09-30 16:14:53,62,c81372ca9529ddeb87790ff76f6745ec6870bc09bcdd705d8da7bfde78aed086
2024-09-30 16:14:53,62,c81372ca9529ddeb87790ff76f6745ec6870bc09bcdd705d8da7bfde78aed086
2024-09-30 16:14:53,62,c81372ca9529ddeb87790ff76f6745ec6870bc09bcdd705d8da7bfde78aed086
2024-09-30 16:14:53,62,c81372ca9529ddeb87790ff76f6745ec6870bc09bcdd705d8da7bfde78aed086
2024-09-30 16:14:53,62,c81372ca9529ddeb87790ff76f6745ec6870bc09bcdd705d8da7bfde78aed086
2024-09-30 16:14:53,62,c81372ca9529ddeb87790ff76f6745ec6870bc09bcdd705d8da7bfde78aed086
2024-09-30 16:14:53,62,c81372ca9529ddeb87790ff76f6745ec6870bc09bcdd705d8da7bfde78aed086
2024-09-30 16:14:53,62,c81372ca9529ddeb87790ff76f6745ec6870bc09bcdd705d8da7bfde78aed086
2024-09-30 16:14:53,62,c81372ca9529ddeb87790ff76f6745ec6870bc09bcdd705d8da7bfde78aed086
2024-09-30 16:14:53,62,c81372ca9529ddeb87790ff76f6745ec6870bc09bcdd705d8da7bfde78aed086
2024-09-30 16:14:53,62,c81372ca9529ddeb87790ff76f6745ec6870bc09bcdd705d8da7bfde78aed086
2024-09-30 16:15:36,62,18248f005b7493422ea25abcce7179b6d01446ebce2f14824bfbdbbe7f402bb9
2024-09-30 16:15:36,62,18248f005b7493422ea25abcce7179b6d01446ebce2f14824bfbdbbe7f402bb9
2024-09-30 16:15:36,62,18248f005b7493422ea25abcce7179b6d01446ebce2f14824bfbdbbe7f402bb9
2024-09-30 16:15:37,62,18248f005b7493422ea25abcce7179b6d01446ebce2f14824bfbdbbe7f402bb9
2024-09-30 16:15:37,62,18248f005b7493422ea25abcce7179b6d01446ebce2f14824bfbdbbe7f402bb9
2024-09-30 16:15:37,62,18248f005b7493422ea25abcce7179b6d01446ebce2f14824bfbdbbe7f402bb9
2024-09-30 16:15:37,62,18248f005b7493422ea25abcce7179b6d01446ebce2f14824bfbdbbe7f402bb9
2024-09-30 16:15:50,62,18248f005b7493422ea25abcce7179b6d01446ebce2f14824bfbdbbe7f402bb9
2024-09-30 16:15:50,62,18248f005b7493422ea25abcce7179b6d01446ebce2f14824bfbdbbe7f402bb9
2024-09-30 16:15:50,62,18248f005b7493422ea25abcce7179b6d01446ebce2f14824bfbdbbe7f402bb9
2024-09-30 16:15:51,62,18248f005b7493422ea25abcce7179b6d01446ebce2f14824bfbdbbe7f402bb9
2024-09-30 16:15:51,62,18248f005b7493422ea25abcce7179b6d01446ebce2f14824bfbdbbe7f402bb9
2024-09-30 16:15:53,62,c81372ca9529ddeb87790ff76f6745ec6870bc09bcdd705d8da7bfde78aed086
2024-09-30 16:15:53,62,c81372ca9529ddeb87790ff76f6745ec6870bc09bcdd705d8da7bfde78aed086
2024-09-30 16:15:53,62,c81372ca9529ddeb87790ff76f6745ec6870bc09bcdd705d8da7bfde78aed086
2024-09-30 16:16:17,62,92dec0a03d236b1673c65fd213be5f229f5bd4074d40b53ff471c1af5b5a99bb
2024-09-30 16:16:21,62,18248f005b7493422ea25abcce7179b6d01446ebce2f14824bfbdbbe7f402bb9
2024-09-30 16:16:21,62,18248f005b7493422ea25abcce7179b6d01446ebce2f14824bfbdbbe7f402bb9
2024-09-30 16:16:21,62,18248f005b7493422ea25abcce7179b6d01446ebce2f14824bfbdbbe7f402bb9
2024-09-30 16:16:22,62,18248f005b7493422ea25abcce7179b6d01446ebce2f14824bfbdbbe7f402bb9
2024-09-30 16:16:22,62,18248f005b7493422ea25abcce7179b6d01446ebce2f14824bfbdbbe7f402bb9
2024-09-30 16:16:27,62,18248f005b7493422ea25abcce7179b6d01446ebce2f14824bfbdbbe7f402bb9
2024-09-30 16:16:44,62,18248f005b7493422ea25abcce7179b6d01446ebce2f14824bfbdbbe7f402bb9
2024-09-30 16:16:44,62,18248f005b7493422ea25abcce7179b6d01446ebce2f14824bfbdbbe7f402bb9
2024-09-30 16:16:44,62,18248f005b7493422ea25abcce7179b6d01446ebce2f14824bfbdbbe7f402bb9
2024-09-30 16:16:44,62,18248f005b7493422ea25abcce7179b6d01446ebce2f14824bfbdbbe7f402bb9
2024-09-30 16:16:45,62,18248f005b7493422ea25abcce7179b6d01446ebce2f14824bfbdbbe7f402bb9
2024-09-30 16:16:45,62,18248f005b7493422ea25abcce7179b6d01446ebce2f14824bfbdbbe7f402bb9
2024-09-30 16:17:36,62,18248f005b7493422ea25abcce7179b6d01446ebce2f14824bfbdbbe7f402bb9
2024-09-30 16:17:36,62,18248f005b7493422ea25abcce7179b6d01446ebce2f14824bfbdbbe7f402bb9
2024-09-30 16:17:39,62,c6ffb1e5f828f4df8e99097f27d25253f28fd48e08006ae8770339d55290d121
2024-09-30 16:17:47,62,c6ffb1e5f828f4df8e99097f27d25253f28fd48e08006ae8770339d55290d121
2024-09-30 16:18:00,62,ac6bdf2d5686dae420b8fa528fcc9b72514a3cbbdca201fadac306c2091d9b0c
2024-09-30 16:18:00,62,ac6bdf2d5686dae420b8fa528fcc9b72514a3cbbdca201fadac306c2091d9b0c
2024-09-30 16:18:13,62,c81372ca9529ddeb87790ff76f6745ec6870bc09bcdd705d8da7bfde78aed086
2024-09-30 16:18:13,62,c81372ca9529ddeb87790ff76f6745ec6870bc09bcdd705d8da7bfde78aed086
2024-09-30 16:18:13,62,c81372ca9529ddeb87790ff76f6745ec6870bc09bcdd705d8da7bfde78aed086
2024-09-30 16:18:34,62,18248f005b7493422ea25abcce7179b6d01446ebce2f14824bfbdbbe7f402bb9
2024-09-30 16:18:34,62,18248f005b7493422ea25abcce7179b6d01446ebce2f14824bfbdbbe7f402bb9
2024-09-30 16:18:37,62,18248f005b7493422ea25abcce7179b6d01446ebce2f14824bfbdbbe7f402bb9
2024-09-30 16:19:42,62,f214df8686dde5873f6737cdf93909d29f9b61e55a05fd900714072e85e7e2d9
2024-09-30 16:19:42,62,f214df8686dde5873f6737cdf93909d29f9b61e55a05fd900714072e85e7e2d9
2024-09-30 16:20:33,62,c81372ca9529ddeb87790ff76f6745ec6870bc09bcdd705d8da7bfde78aed086
2024-09-30 16:20:33,62,c81372ca9529ddeb87790ff76f6745ec6870bc09bcdd705d8da7bfde78aed086
2024-09-30 16:20:33,62,c81372ca9529ddeb87790ff76f6745ec6870bc09bcdd705d8da7bfde78aed086
2024-09-30 16:20:33,62,c81372ca9529ddeb87790ff76f6745ec6870bc09bcdd705d8da7bfde78aed086
2024-09-30 16:20:54,62,c81372ca9529ddeb87790ff76f6745ec6870bc09bcdd705d8da7bfde78aed086
2024-09-30 16:20:54,62,c81372ca9529ddeb87790ff76f6745ec6870bc09bcdd705d8da7bfde78aed086
2024-09-30 16:20:54,62,c81372ca9529ddeb87790ff76f6745ec6870bc09bcdd705d8da7bfde78aed086
2024-09-30 16:20:54,62,c81372ca9529ddeb87790ff76f6745ec6870bc09bcdd705d8da7bfde78aed086
2024-09-30 16:20:55,62,92dec0a03d236b1673c65fd213be5f229f5bd4074d40b53ff471c1af5b5a99bb
2024-09-30 16:21:51,62,92dec0a03d236b1673c65fd213be5f229f5bd4074d40b53ff471c1af5b5a99bb
2024-09-30 16:22:22,62,f214df8686dde5873f6737cdf93909d29f9b61e55a05fd900714072e85e7e2d9
2024-09-30 16:22:22,62,f214df8686dde5873f6737cdf93909d29f9b61e55a05fd900714072e85e7e2d9
2024-09-30 16:22:22,62,f214df8686dde5873f6737cdf93909d29f9b61e55a05fd900714072e85e7e2d9
2024-09-30 16:22:33,62,c81372ca9529ddeb87790ff76f6745ec6870bc09bcdd705d8da7bfde78aed086
2024-09-30 16:22:33,62,c81372ca9529ddeb87790ff76f6745ec6870bc09bcdd705d8da7bfde78aed086
2024-09-30 16:23:02,62,01fbae127e8db09da74812bde292eb77d2a68a7897a5571bb7c33ad12264102a
2024-09-30 16:23:02,62,01fbae127e8db09da74812bde292eb77d2a68a7897a5571bb7c33ad12264102a
2024-09-30 16:23:02,62,01fbae127e8db09da74812bde292eb77d2a68a7897a5571bb7c33ad12264102a
2024-09-30 16:23:02,62,01fbae127e8db09da74812bde292eb77d2a68a7897a5571bb7c33ad12264102a
2024-09-30 16:23:20,62,c81372ca9529ddeb87790ff76f6745ec6870bc09bcdd705d8da7bfde78aed086
2024-09-30 16:23:20,62,c81372ca9529ddeb87790ff76f6745ec6870bc09bcdd705d8da7bfde78aed086
2024-09-30 16:23:20,62,c81372ca9529ddeb87790ff76f6745ec6870bc09bcdd705d8da7bfde78aed086
2024-09-30 16:23:20,62,c81372ca9529ddeb87790ff76f6745ec6870bc09bcdd705d8da7bfde78aed086
2024-09-30 16:23:20,62,c81372ca9529ddeb87790ff76f6745ec6870bc09bcdd705d8da7bfde78aed086
2024-09-30 16:23:20,62,c81372ca9529ddeb87790ff76f6745ec6870bc09bcdd705d8da7bfde78aed086
2024-09-30 16:23:20,62,c81372ca9529ddeb87790ff76f6745ec6870bc09bcdd705d8da7bfde78aed086
2024-09-30 16:23:20,62,c81372ca9529ddeb87790ff76f6745ec6870bc09bcdd705d8da7bfde78aed086
2024-09-30 16:23:20,62,c81372ca9529ddeb87790ff76f6745ec6870bc09bcdd705d8da7bfde78aed086
2024-09-30 16:23:45,62,18248f005b7493422ea25abcce7179b6d01446ebce2f14824bfbdbbe7f402bb9
2024-09-30 16:23:51,62,01fbae127e8db09da74812bde292eb77d2a68a7897a5571bb7c33ad12264102a
2024-09-30 16:23:51,62,01fbae127e8db09da74812bde292eb77d2a68a7897a5571bb7c33ad12264102a
2024-09-30 16:23:51,62,01fbae127e8db09da74812bde292eb77d2a68a7897a5571bb7c33ad12264102a
2024-09-30 16:24:00,62,ac6bdf2d5686dae420b8fa528fcc9b72514a3cbbdca201fadac306c2091d9b0c
2024-09-30 16:24:11,62,01fbae127e8db09da74812bde292eb77d2a68a7897a5571bb7c33ad12264102a
2024-09-30 16:24:39,62,18248f005b7493422ea25abcce7179b6d01446ebce2f14824bfbdbbe7f402bb9
2024-09-30 16:24:39,62,18248f005b7493422ea25abcce7179b6d01446ebce2f14824bfbdbbe7f402bb9
2024-09-30 16:24:40,62,01fbae127e8db09da74812bde292eb77d2a68a7897a5571bb7c33ad12264102a
2024-09-30 16:24:42,62,18248f005b7493422ea25abcce7179b6d01446ebce2f14824bfbdbbe7f402bb9
2024-09-30 16:24:42,62,18248f005b7493422ea25abcce7179b6d01446ebce2f14824bfbdbbe7f402bb9
2024-09-30 16:24:47,62,18248f005b7493422ea25abcce7179b6d01446ebce2f14824bfbdbbe7f402bb9
2024-09-30 16:25:02,62,f214df8686dde5873f6737cdf93909d29f9b61e55a05fd900714072e85e7e2d9
2024-09-30 16:25:02,62,f214df8686dde5873f6737cdf93909d29f9b61e55a05fd900714072e85e7e2d9
2024-09-30 16:25:02,62,f214df8686dde5873f6737cdf93909d29f9b61e55a05fd900714072e85e7e2d9
2024-09-30 16:25:09,62,01fbae127e8db09da74812bde292eb77d2a68a7897a5571bb7c33ad12264102a
2024-09-30 16:25:09,62,01fbae127e8db09da74812bde292eb77d2a68a7897a5571bb7c33ad12264102a
2024-09-30 16:25:10,62,18248f005b7493422ea25abcce7179b6d01446ebce2f14824bfbdbbe7f402bb9
2024-09-30 16:25:10,62,18248f005b7493422ea25abcce7179b6d01446ebce2f14824bfbdbbe7f402bb9
2024-09-30 16:25:10,62,18248f005b7493422ea25abcce7179b6d01446ebce2f14824bfbdbbe7f402bb9
2024-09-30 16:25:10,62,18248f005b7493422ea25abcce7179b6d01446ebce2f14824bfbdbbe7f402bb9
2024-09-30 16:25:34,62,18248f005b7493422ea25abcce7179b6d01446ebce2f14824bfbdbbe7f402bb9
2024-09-30 16:25:43,62,18248f005b7493422ea25abcce7179b6d01446ebce2f14824bfbdbbe7f402bb9
2024-09-30 16:25:54,62,18248f005b7493422ea25abcce7179b6d01446ebce2f14824bfbdbbe7f402bb9
2024-09-30 16:25:54,62,18248f005b7493422ea25abcce7179b6d01446ebce2f14824bfbdbbe7f402bb9
2024-09-30 16:25:57,62,c81372ca9529ddeb87790ff76f6745ec6870bc09bcdd705d8da7bfde78aed086
2024-09-30 16:25:57,62,c81372ca9529ddeb87790ff76f6745ec6870bc09bcdd705d8da7bfde78aed086
2024-09-30 16:25:57,62,c81372ca9529ddeb87790ff76f6745ec6870bc09bcdd705d8da7bfde78aed086
2024-09-30 16:25:57,62,c81372ca9529ddeb87790ff76f6745ec6870bc09bcdd705d8da7bfde78aed086
2024-09-30 16:25:57,62,c81372ca9529ddeb87790ff76f6745ec6870bc09bcdd705d8da7bfde78aed086
2024-09-30 16:25:57,62,c81372ca9529ddeb87790ff76f6745ec6870bc09bcdd705d8da7bfde78aed086
2024-09-30 16:26:17,62,c81372ca9529ddeb87790ff76f6745ec6870bc09bcdd705d8da7bfde78aed086
2024-09-30 16:26:17,62,c81372ca9529ddeb87790ff76f6745ec6870bc09bcdd705d8da7bfde78aed086
2024-09-30 16:26:17,62,c81372ca9529ddeb87790ff76f6745ec6870bc09bcdd705d8da7bfde78aed086
2024-09-30 16:26:17,62,c81372ca9529ddeb87790ff76f6745ec6870bc09bcdd705d8da7bfde78aed086
2024-09-30 16:26:18,62,01fbae127e8db09da74812bde292eb77d2a68a7897a5571bb7c33ad12264102a
2024-09-30 16:26:18,62,01fbae127e8db09da74812bde292eb77d2a68a7897a5571bb7c33ad12264102a
2024-09-30 16:26:18,62,01fbae127e8db09da74812bde292eb77d2a68a7897a5571bb7c33ad12264102a
2024-09-30 16:26:18,62,01fbae127e8db09da74812bde292eb77d2a68a7897a5571bb7c33ad12264102a
2024-09-30 16:26:37,62,c81372ca9529ddeb87790ff76f6745ec6870bc09bcdd705d8da7bfde78aed086
2024-09-30 16:26:37,62,c81372ca9529ddeb87790ff76f6745ec6870bc09bcdd705d8da7bfde78aed086
2024-09-30 16:26:38,62,18248f005b7493422ea25abcce7179b6d01446ebce2f14824bfbdbbe7f402bb9
2024-09-30 16:27:00,62,18248f005b7493422ea25abcce7179b6d01446ebce2f14824bfbdbbe7f402bb9
2024-09-30 16:27:00,62,ac6bdf2d5686dae420b8fa528fcc9b72514a3cbbdca201fadac306c2091d9b0c
2024-09-30 16:27:27,62,01fbae127e8db09da74812bde292eb77d2a68a7897a5571bb7c33ad12264102a
2024-09-30 16:27:27,62,01fbae127e8db09da74812bde292eb77d2a68a7897a5571bb7c33ad12264102a
2024-09-30 16:27:37,62,c81372ca9529ddeb87790ff76f6745ec6870bc09bcdd705d8da7bfde78aed086
2024-09-30 16:27:37,62,c81372ca9529ddeb87790ff76f6745ec6870bc09bcdd705d8da7bfde78aed086
2024-09-30 16:27:37,62,c81372ca9529ddeb87790ff76f6745ec6870bc09bcdd705d8da7bfde78aed086
2024-09-30 16:27:37,62,c81372ca9529ddeb87790ff76f6745ec6870bc09bcdd705d8da7bfde78aed086
2024-09-30 16:27:42,62,f214df8686dde5873f6737cdf93909d29f9b61e55a05fd900714072e85e7e2d9
2024-09-30 16:27:42,62,f214df8686dde5873f6737cdf93909d29f9b61e55a05fd900714072e85e7e2d9
2024-09-30 16:27:42,62,f214df8686dde5873f6737cdf93909d29f9b61e55a05fd900714072e85e7e2d9
2024-09-30 16:27:42,62,f214df8686dde5873f6737cdf93909d29f9b61e55a05fd900714072e85e7e2d9
2024-09-30 16:27:42,62,f214df8686dde5873f6737cdf93909d29f9b61e55a05fd900714072e85e7e2d9
2024-09-30 16:27:42,62,01fbae127e8db09da74812bde292eb77d2a68a7897a5571bb7c33ad12264102a
2024-09-30 16:27:43,62,01fbae127e8db09da74812bde292eb77d2a68a7897a5571bb7c33ad12264102a
2024-09-30 16:27:43,62,01fbae127e8db09da74812bde292eb77d2a68a7897a5571bb7c33ad12264102a
2024-09-30 16:27:43,62,01fbae127e8db09da74812bde292eb77d2a68a7897a5571bb7c33ad12264102a
2024-09-30 16:27:43,62,01fbae127e8db09da74812bde292eb77d2a68a7897a5571bb7c33ad12264102a
2024-09-30 16:27:43,62,01fbae127e8db09da74812bde292eb77d2a68a7897a5571bb7c33ad12264102a
2024-09-30 16:27:51,62,01fbae127e8db09da74812bde292eb77d2a68a7897a5571bb7c33ad12264102a
2024-09-30 16:28:16,62,92dec0a03d236b1673c65fd213be5f229f5bd4074d40b53ff471c1af5b5a99bb
2024-09-30 16:28:16,62,18248f005b7493422ea25abcce7179b6d01446ebce2f14824bfbdbbe7f402bb9
2024-09-30 16:28:36,62,c81372ca9529ddeb87790ff76f6745ec6870bc09bcdd705d8da7bfde78aed086
2024-09-30 16:28:37,62,c81372ca9529ddeb87790ff76f6745ec6870bc09bcdd705d8da7bfde78aed086
2024-09-30 16:28:37,62,c81372ca9529ddeb87790ff76f6745ec6870bc09bcdd705d8da7bfde78aed086
2024-09-30 16:28:39,62,92dec0a03d236b1673c65fd213be5f229f5bd4074d40b53ff471c1af5b5a99bb
2024-09-30 16:28:54,62,92dec0a03d236b1673c65fd213be5f229f5bd4074d40b53ff471c1af5b5a99bb
2024-09-30 16:28:57,62,c81372ca9529ddeb87790ff76f6745ec6870bc09bcdd705d8da7bfde78aed086
2024-09-30 16:29:20,62,01fbae127e8db09da74812bde292eb77d2a68a7897a5571bb7c33ad12264102a
2024-09-30 16:29:21,62,01fbae127e8db09da74812bde292eb77d2a68a7897a5571bb7c33ad12264102a
2024-09-30 16:29:21,62,01fbae127e8db09da74812bde292eb77d2a68a7897a5571bb7c33ad12264102a
2024-09-30 16:29:21,62,01fbae127e8db09da74812bde292eb77d2a68a7897a5571bb7c33ad12264102a
2024-09-30 16:29:21,62,01fbae127e8db09da74812bde292eb77d2a68a7897a5571bb7c33ad12264102a
2024-09-30 16:29:33,62,18248f005b7493422ea25abcce7179b6d01446ebce2f14824bfbdbbe7f402bb9
2024-09-30 16:29:36,62,01fbae127e8db09da74812bde292eb77d2a68a7897a5571bb7c33ad12264102a
2024-09-30 16:29:41,62,01fbae127e8db09da74812bde292eb77d2a68a7897a5571bb7c33ad12264102a
2024-09-30 16:29:41,62,01fbae127e8db09da74812bde292eb77d2a68a7897a5571bb7c33ad12264102a
2024-09-30 16:29:41,62,01fbae127e8db09da74812bde292eb77d2a68a7897a5571bb7c33ad12264102a
2024-09-30 16:29:42,62,18248f005b7493422ea25abcce7179b6d01446ebce2f14824bfbdbbe7f402bb9
2024-09-30 16:29:43,62,18248f005b7493422ea25abcce7179b6d01446ebce2f14824bfbdbbe7f402bb9
2024-09-30 16:29:43,62,18248f005b7493422ea25abcce7179b6d01446ebce2f14824bfbdbbe7f402bb9
2024-09-30 16:29:43,62,18248f005b7493422ea25abcce7179b6d01446ebce2f14824bfbdbbe7f402bb9
2024-09-30 16:29:55,62,01fbae127e8db09da74812bde292eb77d2a68a7897a5571bb7c33ad12264102a
2024-09-30 16:29:55,62,01fbae127e8db09da74812bde292eb77d2a68a7897a5571bb7c33ad12264102a
2024-09-30 16:29:55,62,01fbae127e8db09da74812bde292eb77d2a68a7897a5571bb7c33ad12264102a
2024-09-30 16:30:28,62,18248f005b7493422ea25abcce7179b6d01446ebce2f14824bfbdbbe7f402bb9
2024-09-30 16:30:28,62,18248f005b7493422ea25abcce7179b6d01446ebce2f14824bfbdbbe7f402bb9
2024-09-30 16:30:42,62,18248f005b7493422ea25abcce7179b6d01446ebce2f14824bfbdbbe7f402bb9
2024-09-30 16:30:43,62,18248f005b7493422ea25abcce7179b6d01446ebce2f14824bfbdbbe7f402bb9
2024-09-30 16:30:43,62,18248f005b7493422ea25abcce7179b6d01446ebce2f14824bfbdbbe7f402bb9
2024-09-30 16:31:21,62,01fbae127e8db09da74812bde292eb77d2a68a7897a5571bb7c33ad12264102a
2024-09-30 16:31:21,62,01fbae127e8db09da74812bde292eb77d2a68a7897a5571bb7c33ad12264102a
2024-09-30 16:31:21,62,01fbae127e8db09da74812bde292eb77d2a68a7897a5571bb7c33ad12264102a
2024-09-30 16:31:21,62,01fbae127e8db09da74812bde292eb77d2a68a7897a5571bb7c33ad12264102a
2024-09-30 16:31:21,62,01fbae127e8db09da74812bde292eb77d2a68a7897a5571bb7c33ad12264102a
2024-09-30 16:31:55,62,18248f005b7493422ea25abcce7179b6d01446ebce2f14824bfbdbbe7f402bb9
2024-09-30 16:32:47,62,18248f005b7493422ea25abcce7179b6d01446ebce2f14824bfbdbbe7f402bb9
2024-09-30 16:33:00,62,ac6bdf2d5686dae420b8fa528fcc9b72514a3cbbdca201fadac306c2091d9b0c
2024-09-30 16:33:06,62,18248f005b7493422ea25abcce7179b6d01446ebce2f14824bfbdbbe7f402bb9
2024-09-30 16:33:06,62,18248f005b7493422ea25abcce7179b6d01446ebce2f14824bfbdbbe7f402bb9
2024-09-30 16:33:06,62,18248f005b7493422ea25abcce7179b6d01446ebce2f14824bfbdbbe7f402bb9
2024-09-30 16:33:06,62,18248f005b7493422ea25abcce7179b6d01446ebce2f14824bfbdbbe7f402bb9
2024-09-30 16:33:36,62,18248f005b7493422ea25abcce7179b6d01446ebce2f14824bfbdbbe7f402bb9
2024-09-30 16:33:36,62,18248f005b7493422ea25abcce7179b6d01446ebce2f14824bfbdbbe7f402bb9
2024-09-30 16:33:44,62,18248f005b7493422ea25abcce7179b6d01446ebce2f14824bfbdbbe7f402bb9
2024-09-30 16:34:01,62,f214df8686dde5873f6737cdf93909d29f9b61e55a05fd900714072e85e7e2d9
2024-09-30 16:34:01,62,f214df8686dde5873f6737cdf93909d29f9b61e55a05fd900714072e85e7e2d9
2024-09-30 16:34:01,62,f214df8686dde5873f6737cdf93909d29f9b61e55a05fd900714072e85e7e2d9
2024-09-30 16:34:01,62,f214df8686dde5873f6737cdf93909d29f9b61e55a05fd900714072e85e7e2d9
2024-09-30 16:34:01,62,f214df8686dde5873f6737cdf93909d29f9b61e55a05fd900714072e85e7e2d9
2024-09-30 16:34:01,62,f214df8686dde5873f6737cdf93909d29f9b61e55a05fd900714072e85e7e2d9
2024-09-30 16:34:25,62,18248f005b7493422ea25abcce7179b6d01446ebce2f14824bfbdbbe7f402bb9
2024-09-30 16:34:56,62,01fbae127e8db09da74812bde292eb77d2a68a7897a5571bb7c33ad12264102a
2024-09-30 16:34:56,62,18248f005b7493422ea25abcce7179b6d01446ebce2f14824bfbdbbe7f402bb9
2024-09-30 16:34:56,62,18248f005b7493422ea25abcce7179b6d01446ebce2f14824bfbdbbe7f402bb9
2024-09-30 16:35:04,62,b259ad7b374273c26bec3567023bb3cef7a54a76409fb3688a4ef5ae3e07d4ba
2024-09-30 16:35:30,62,18248f005b7493422ea25abcce7179b6d01446ebce2f14824bfbdbbe7f402bb9
2024-09-30 16:35:30,62,18248f005b7493422ea25abcce7179b6d01446ebce2f14824bfbdbbe7f402bb9
2024-09-30 16:35:31,62,18248f005b7493422ea25abcce7179b6d01446ebce2f14824bfbdbbe7f402bb9
2024-09-30 16:35:31,62,18248f005b7493422ea25abcce7179b6d01446ebce2f14824bfbdbbe7f402bb9
2024-09-30 16:35:31,62,18248f005b7493422ea25abcce7179b6d01446ebce2f14824bfbdbbe7f402bb9
2024-09-30 16:35:40,62,18248f005b7493422ea25abcce7179b6d01446ebce2f14824bfbdbbe7f402bb9
2024-09-30 16:35:40,62,18248f005b7493422ea25abcce7179b6d01446ebce2f14824bfbdbbe7f402bb9
2024-09-30 16:35:41,62,18248f005b7493422ea25abcce7179b6d01446ebce2f14824bfbdbbe7f402bb9
2024-09-30 16:35:42,62,18248f005b7493422ea25abcce7179b6d01446ebce2f14824bfbdbbe7f402bb9
2024-09-30 16:36:00,62,ac6bdf2d5686dae420b8fa528fcc9b72514a3cbbdca201fadac306c2091d9b0c
2024-09-30 16:36:00,62,ac6bdf2d5686dae420b8fa528fcc9b72514a3cbbdca201fadac306c2091d9b0c
2024-09-30 16:36:01,62,18248f005b7493422ea25abcce7179b6d01446ebce2f14824bfbdbbe7f402bb9
2024-09-30 16:36:30,62,18248f005b7493422ea25abcce7179b6d01446ebce2f14824bfbdbbe7f402bb9
2024-09-30 16:36:41,62,f214df8686dde5873f6737cdf93909d29f9b61e55a05fd900714072e85e7e2d9
2024-09-30 16:36:41,62,f214df8686dde5873f6737cdf93909d29f9b61e55a05fd900714072e85e7e2d9
2024-09-30 16:36:41,62,f214df8686dde5873f6737cdf93909d29f9b61e55a05fd900714072e85e7e2d9
2024-09-30 16:36:41,62,f214df8686dde5873f6737cdf93909d29f9b61e55a05fd900714072e85e7e2d9
2024-09-30 16:36:41,62,f214df8686dde5873f6737cdf93909d29f9b61e55a05fd900714072e85e7e2d9
2024-09-30 16:36:41,62,f214df8686dde5873f6737cdf93909d29f9b61e55a05fd900714072e85e7e2d9
2024-09-30 16:36:41,62,f214df8686dde5873f6737cdf93909d29f9b61e55a05fd900714072e85e7e2d9
2024-09-30 16:36:44,62,18248f005b7493422ea25abcce7179b6d01446ebce2f14824bfbdbbe7f402bb9
2024-09-30 16:36:48,62,01fbae127e8db09da74812bde292eb77d2a68a7897a5571bb7c33ad12264102a
2024-09-30 16:36:55,62,18248f005b7493422ea25abcce7179b6d01446ebce2f14824bfbdbbe7f402bb9
2024-09-30 16:36:55,62,18248f005b7493422ea25abcce7179b6d01446ebce2f14824bfbdbbe7f402bb9
2024-09-30 16:36:55,62,18248f005b7493422ea25abcce7179b6d01446ebce2f14824bfbdbbe7f402bb9
2024-09-30 16:37:12,62,54ec16a4e61f188ce55731805380cc0ad801692f376dc357910ad83df62c8681
2024-09-30 16:37:42,62,01fbae127e8db09da74812bde292eb77d2a68a7897a5571bb7c33ad12264102a
2024-09-30 16:37:42,62,01fbae127e8db09da74812bde292eb77d2a68a7897a5571bb7c33ad12264102a
2024-09-30 16:37:44,62,18248f005b7493422ea25abcce7179b6d01446ebce2f14824bfbdbbe7f402bb9
2024-09-30 16:38:17,62,01fbae127e8db09da74812bde292eb77d2a68a7897a5571bb7c33ad12264102a
2024-09-30 16:38:46,62,18248f005b7493422ea25abcce7179b6d01446ebce2f14824bfbdbbe7f402bb9
2024-09-30 16:39:09,62,18248f005b7493422ea25abcce7179b6d01446ebce2f14824bfbdbbe7f402bb9
2024-09-30 16:39:09,62,18248f005b7493422ea25abcce7179b6d01446ebce2f14824bfbdbbe7f402bb9
2024-09-30 16:39:10,62,01fbae127e8db09da74812bde292eb77d2a68a7897a5571bb7c33ad12264102a
2024-09-30 16:39:10,62,01fbae127e8db09da74812bde292eb77d2a68a7897a5571bb7c33ad12264102a
2024-09-30 16:39:10,62,01fbae127e8db09da74812bde292eb77d2a68a7897a5571bb7c33ad12264102a
2024-09-30 16:39:32,62,18248f005b7493422ea25abcce7179b6d01446ebce2f14824bfbdbbe7f402bb9
2024-09-30 16:39:32,62,18248f005b7493422ea25abcce7179b6d01446ebce2f14824bfbdbbe7f402bb9
2024-09-30 16:39:38,62,18248f005b7493422ea25abcce7179b6d01446ebce2f14824bfbdbbe7f402bb9
2024-09-30 16:39:38,62,18248f005b7493422ea25abcce7179b6d01446ebce2f14824bfbdbbe7f402bb9
2024-09-30 16:39:40,62,18248f005b7493422ea25abcce7179b6d01446ebce2f14824bfbdbbe7f402bb9
2024-09-30 16:39:40,62,18248f005b7493422ea25abcce7179b6d01446ebce2f14824bfbdbbe7f402bb9
2024-09-30 16:39:44,62,b259ad7b374273c26bec3567023bb3cef7a54a76409fb3688a4ef5ae3e07d4ba
2024-09-30 16:39:44,62,b259ad7b374273c26bec3567023bb3cef7a54a76409fb3688a4ef5ae3e07d4ba
2024-09-30 16:40:07,62,01fbae127e8db09da74812bde292eb77d2a68a7897a5571bb7c33ad12264102a
2024-09-30 16:40:07,62,01fbae127e8db09da74812bde292eb77d2a68a7897a5571bb7c33ad12264102a
2024-09-30 16:40:07,62,01fbae127e8db09da74812bde292eb77d2a68a7897a5571bb7c33ad12264102a
2024-09-30 16:40:07,62,01fbae127e8db09da74812bde292eb77d2a68a7897a5571bb7c33ad12264102a
2024-09-30 16:40:11,62,18248f005b7493422ea25abcce7179b6d01446ebce2f14824bfbdbbe7f402bb9
2024-09-30 16:40:11,62,18248f005b7493422ea25abcce7179b6d01446ebce2f14824bfbdbbe7f402bb9
2024-09-30 16:40:20,62,18248f005b7493422ea25abcce7179b6d01446ebce2f14824bfbdbbe7f402bb9
2024-09-30 16:40:20,62,18248f005b7493422ea25abcce7179b6d01446ebce2f14824bfbdbbe7f402bb9
2024-09-30 16:40:26,62,01fbae127e8db09da74812bde292eb77d2a68a7897a5571bb7c33ad12264102a
2024-09-30 16:40:45,62,18248f005b7493422ea25abcce7179b6d01446ebce2f14824bfbdbbe7f402bb9
2024-09-30 16:40:51,62,c81372ca9529ddeb87790ff76f6745ec6870bc09bcdd705d8da7bfde78aed086
2024-09-30 16:40:51,62,c81372ca9529ddeb87790ff76f6745ec6870bc09bcdd705d8da7bfde78aed086
2024-09-30 16:40:51,62,c81372ca9529ddeb87790ff76f6745ec6870bc09bcdd705d8da7bfde78aed086
2024-09-30 16:40:51,62,c81372ca9529ddeb87790ff76f6745ec6870bc09bcdd705d8da7bfde78aed086
2024-09-30 16:40:51,62,c81372ca9529ddeb87790ff76f6745ec6870bc09bcdd705d8da7bfde78aed086
2024-09-30 16:40:51,62,c81372ca9529ddeb87790ff76f6745ec6870bc09bcdd705d8da7bfde78aed086
2024-09-30 16:40:51,62,c81372ca9529ddeb87790ff76f6745ec6870bc09bcdd705d8da7bfde78aed086
2024-09-30 16:40:51,62,c81372ca9529ddeb87790ff76f6745ec6870bc09bcdd705d8da7bfde78aed086
2024-09-30 16:40:58,62,18248f005b7493422ea25abcce7179b6d01446ebce2f14824bfbdbbe7f402bb9
2024-09-30 16:41:00,62,18248f005b7493422ea25abcce7179b6d01446ebce2f14824bfbdbbe7f402bb9
2024-09-30 16:41:01,62,18248f005b7493422ea25abcce7179b6d01446ebce2f14824bfbdbbe7f402bb9
2024-09-30 16:41:07,62,18248f005b7493422ea25abcce7179b6d01446ebce2f14824bfbdbbe7f402bb9
2024-09-30 16:41:07,62,18248f005b7493422ea25abcce7179b6d01446ebce2f14824bfbdbbe7f402bb9
2024-09-30 16:41:15,62,01fbae127e8db09da74812bde292eb77d2a68a7897a5571bb7c33ad12264102a
2024-09-30 16:41:29,62,18248f005b7493422ea25abcce7179b6d01446ebce2f14824bfbdbbe7f402bb9
2024-09-30 16:41:29,62,18248f005b7493422ea25abcce7179b6d01446ebce2f14824bfbdbbe7f402bb9
2024-09-30 16:41:29,62,18248f005b7493422ea25abcce7179b6d01446ebce2f14824bfbdbbe7f402bb9
2024-09-30 16:41:31,62,c81372ca9529ddeb87790ff76f6745ec6870bc09bcdd705d8da7bfde78aed086
2024-09-30 16:41:31,62,c81372ca9529ddeb87790ff76f6745ec6870bc09bcdd705d8da7bfde78aed086
2024-09-30 16:41:31,62,c81372ca9529ddeb87790ff76f6745ec6870bc09bcdd705d8da7bfde78aed086
2024-09-30 16:41:31,62,c81372ca9529ddeb87790ff76f6745ec6870bc09bcdd705d8da7bfde78aed086
2024-09-30 16:41:31,62,c81372ca9529ddeb87790ff76f6745ec6870bc09bcdd705d8da7bfde78aed086
2024-09-30 16:41:31,62,c81372ca9529ddeb87790ff76f6745ec6870bc09bcdd705d8da7bfde78aed086
2024-09-30 16:41:31,62,c81372ca9529ddeb87790ff76f6745ec6870bc09bcdd705d8da7bfde78aed086
2024-09-30 16:41:32,62,01fbae127e8db09da74812bde292eb77d2a68a7897a5571bb7c33ad12264102a
2024-09-30 16:41:32,62,01fbae127e8db09da74812bde292eb77d2a68a7897a5571bb7c33ad12264102a
2024-09-30 16:41:48,62,01fbae127e8db09da74812bde292eb77d2a68a7897a5571bb7c33ad12264102a
2024-09-30 16:41:48,62,01fbae127e8db09da74812bde292eb77d2a68a7897a5571bb7c33ad12264102a
2024-09-30 16:41:48,62,01fbae127e8db09da74812bde292eb77d2a68a7897a5571bb7c33ad12264102a
2024-09-30 16:42:00,62,ac6bdf2d5686dae420b8fa528fcc9b72514a3cbbdca201fadac306c2091d9b0c
2024-09-30 16:42:07,62,18248f005b7493422ea25abcce7179b6d01446ebce2f14824bfbdbbe7f402bb9
2024-09-30 16:42:22,62,18248f005b7493422ea25abcce7179b6d01446ebce2f14824bfbdbbe7f402bb9
2024-09-30 16:42:22,62,18248f005b7493422ea25abcce7179b6d01446ebce2f14824bfbdbbe7f402bb9
2024-09-30 16:42:53,62,01fbae127e8db09da74812bde292eb77d2a68a7897a5571bb7c33ad12264102a
2024-09-30 16:42:53,62,01fbae127e8db09da74812bde292eb77d2a68a7897a5571bb7c33ad12264102a
2024-09-30 16:42:54,62,01fbae127e8db09da74812bde292eb77d2a68a7897a5571bb7c33ad12264102a
2024-09-30 16:42:54,62,01fbae127e8db09da74812bde292eb77d2a68a7897a5571bb7c33ad12264102a
2024-09-30 16:42:58,62,01fbae127e8db09da74812bde292eb77d2a68a7897a5571bb7c33ad12264102a
2024-09-30 16:42:58,62,01fbae127e8db09da74812bde292eb77d2a68a7897a5571bb7c33ad12264102a
2024-09-30 16:42:58,62,01fbae127e8db09da74812bde292eb77d2a68a7897a5571bb7c33ad12264102a
2024-09-30 16:43:07,62,01fbae127e8db09da74812bde292eb77d2a68a7897a5571bb7c33ad12264102a
2024-09-30 16:43:07,62,01fbae127e8db09da74812bde292eb77d2a68a7897a5571bb7c33ad12264102a
2024-09-30 16:43:07,62,01fbae127e8db09da74812bde292eb77d2a68a7897a5571bb7c33ad12264102a
2024-09-30 16:43:11,62,18248f005b7493422ea25abcce7179b6d01446ebce2f14824bfbdbbe7f402bb9
2024-09-30 16:43:21,62,18248f005b7493422ea25abcce7179b6d01446ebce2f14824bfbdbbe7f402bb9
2024-09-30 16:43:48,62,18248f005b7493422ea25abcce7179b6d01446ebce2f14824bfbdbbe7f402bb9
2024-09-30 16:44:02,62,18248f005b7493422ea25abcce7179b6d01446ebce2f14824bfbdbbe7f402bb9
2024-09-30 16:44:02,62,18248f005b7493422ea25abcce7179b6d01446ebce2f14824bfbdbbe7f402bb9
2024-09-30 16:44:25,62,01fbae127e8db09da74812bde292eb77d2a68a7897a5571bb7c33ad12264102a
2024-09-30 16:44:25,62,01fbae127e8db09da74812bde292eb77d2a68a7897a5571bb7c33ad12264102a
2024-09-30 16:44:25,62,01fbae127e8db09da74812bde292eb77d2a68a7897a5571bb7c33ad12264102a
2024-09-30 16:44:25,62,01fbae127e8db09da74812bde292eb77d2a68a7897a5571bb7c33ad12264102a
2024-09-30 16:44:25,62,01fbae127e8db09da74812bde292eb77d2a68a7897a5571bb7c33ad12264102a
2024-09-30 16:44:25,62,01fbae127e8db09da74812bde292eb77d2a68a7897a5571bb7c33ad12264102a
2024-09-30 16:44:25,62,01fbae127e8db09da74812bde292eb77d2a68a7897a5571bb7c33ad12264102a
2024-09-30 16:44:25,62,01fbae127e8db09da74812bde292eb77d2a68a7897a5571bb7c33ad12264102a
2024-09-30 16:44:32,62,18248f005b7493422ea25abcce7179b6d01446ebce2f14824bfbdbbe7f402bb9
2024-09-30 16:44:41,62,f214df8686dde5873f6737cdf93909d29f9b61e55a05fd900714072e85e7e2d9
2024-09-30 16:44:41,62,f214df8686dde5873f6737cdf93909d29f9b61e55a05fd900714072e85e7e2d9
2024-09-30 16:44:41,62,f214df8686dde5873f6737cdf93909d29f9b61e55a05fd900714072e85e7e2d9
2024-09-30 16:44:42,62,f214df8686dde5873f6737cdf93909d29f9b61e55a05fd900714072e85e7e2d9
2024-09-30 16:44:47,62,01fbae127e8db09da74812bde292eb77d2a68a7897a5571bb7c33ad12264102a
2024-09-30 16:44:47,62,01fbae127e8db09da74812bde292eb77d2a68a7897a5571bb7c33ad12264102a
2024-09-30 16:44:47,62,01fbae127e8db09da74812bde292eb77d2a68a7897a5571bb7c33ad12264102a
2024-09-30 16:44:59,62,01fbae127e8db09da74812bde292eb77d2a68a7897a5571bb7c33ad12264102a
2024-09-30 16:44:59,62,01fbae127e8db09da74812bde292eb77d2a68a7897a5571bb7c33ad12264102a
2024-09-30 16:44:59,62,01fbae127e8db09da74812bde292eb77d2a68a7897a5571bb7c33ad12264102a
2024-09-30 16:44:59,62,01fbae127e8db09da74812bde292eb77d2a68a7897a5571bb7c33ad12264102a
2024-09-30 16:45:00,62,ac6bdf2d5686dae420b8fa528fcc9b72514a3cbbdca201fadac306c2091d9b0c
2024-09-30 16:45:00,62,ac6bdf2d5686dae420b8fa528fcc9b72514a3cbbdca201fadac306c2091d9b0c
2024-09-30 16:45:16,62,01fbae127e8db09da74812bde292eb77d2a68a7897a5571bb7c33ad12264102a
2024-09-30 16:45:16,62,01fbae127e8db09da74812bde292eb77d2a68a7897a5571bb7c33ad12264102a
2024-09-30 16:45:16,62,01fbae127e8db09da74812bde292eb77d2a68a7897a5571bb7c33ad12264102a
2024-09-30 16:45:16,62,01fbae127e8db09da74812bde292eb77d2a68a7897a5571bb7c33ad12264102a
2024-09-30 16:45:22,62,18248f005b7493422ea25abcce7179b6d01446ebce2f14824bfbdbbe7f402bb9
2024-09-30 16:45:22,62,18248f005b7493422ea25abcce7179b6d01446ebce2f14824bfbdbbe7f402bb9
2024-09-30 16:45:36,62,01fbae127e8db09da74812bde292eb77d2a68a7897a5571bb7c33ad12264102a
2024-09-30 16:45:36,62,01fbae127e8db09da74812bde292eb77d2a68a7897a5571bb7c33ad12264102a
2024-09-30 16:45:36,62,01fbae127e8db09da74812bde292eb77d2a68a7897a5571bb7c33ad12264102a
2024-09-30 16:45:36,62,01fbae127e8db09da74812bde292eb77d2a68a7897a5571bb7c33ad12264102a
2024-09-30 16:45:38,62,01fbae127e8db09da74812bde292eb77d2a68a7897a5571bb7c33ad12264102a
2024-09-30 16:45:38,62,01fbae127e8db09da74812bde292eb77d2a68a7897a5571bb7c33ad12264102a
2024-09-30 16:45:38,62,01fbae127e8db09da74812bde292eb77d2a68a7897a5571bb7c33ad12264102a
2024-09-30 16:45:38,62,01fbae127e8db09da74812bde292eb77d2a68a7897a5571bb7c33ad12264102a
2024-09-30 16:45:45,62,01fbae127e8db09da74812bde292eb77d2a68a7897a5571bb7c33ad12264102a
2024-09-30 16:45:57,62,c81372ca9529ddeb87790ff76f6745ec6870bc09bcdd705d8da7bfde78aed086
2024-09-30 16:45:57,62,c81372ca9529ddeb87790ff76f6745ec6870bc09bcdd705d8da7bfde78aed086
2024-09-30 16:46:20,62,b259ad7b374273c26bec3567023bb3cef7a54a76409fb3688a4ef5ae3e07d4ba
2024-09-30 16:46:20,62,b259ad7b374273c26bec3567023bb3cef7a54a76409fb3688a4ef5ae3e07d4ba
2024-09-30 16:46:30,62,01fbae127e8db09da74812bde292eb77d2a68a7897a5571bb7c33ad12264102a
2024-09-30 16:46:30,62,01fbae127e8db09da74812bde292eb77d2a68a7897a5571bb7c33ad12264102a
2024-09-30 16:46:35,62,01fbae127e8db09da74812bde292eb77d2a68a7897a5571bb7c33ad12264102a
2024-09-30 16:46:36,62,18248f005b7493422ea25abcce7179b6d01446ebce2f14824bfbdbbe7f402bb9
2024-09-30 16:46:36,62,18248f005b7493422ea25abcce7179b6d01446ebce2f14824bfbdbbe7f402bb9
2024-09-30 16:46:37,62,c81372ca9529ddeb87790ff76f6745ec6870bc09bcdd705d8da7bfde78aed086
2024-09-30 16:46:37,62,c81372ca9529ddeb87790ff76f6745ec6870bc09bcdd705d8da7bfde78aed086
2024-09-30 16:46:37,62,c81372ca9529ddeb87790ff76f6745ec6870bc09bcdd705d8da7bfde78aed086
2024-09-30 16:46:37,62,c81372ca9529ddeb87790ff76f6745ec6870bc09bcdd705d8da7bfde78aed086
2024-09-30 16:46:37,62,c81372ca9529ddeb87790ff76f6745ec6870bc09bcdd705d8da7bfde78aed086
2024-09-30 16:46:52,62,01fbae127e8db09da74812bde292eb77d2a68a7897a5571bb7c33ad12264102a
2024-09-30 16:46:52,62,01fbae127e8db09da74812bde292eb77d2a68a7897a5571bb7c33ad12264102a
2024-09-30 16:46:52,62,01fbae127e8db09da74812bde292eb77d2a68a7897a5571bb7c33ad12264102a
2024-09-30 16:46:52,62,01fbae127e8db09da74812bde292eb77d2a68a7897a5571bb7c33ad12264102a
2024-09-30 16:47:05,62,18248f005b7493422ea25abcce7179b6d01446ebce2f14824bfbdbbe7f402bb9
2024-09-30 16:47:05,62,18248f005b7493422ea25abcce7179b6d01446ebce2f14824bfbdbbe7f402bb9
2024-09-30 16:47:05,62,18248f005b7493422ea25abcce7179b6d01446ebce2f14824bfbdbbe7f402bb9
2024-09-30 16:47:06,62,01fbae127e8db09da74812bde292eb77d2a68a7897a5571bb7c33ad12264102a
2024-09-30 16:47:06,62,01fbae127e8db09da74812bde292eb77d2a68a7897a5571bb7c33ad12264102a
2024-09-30 16:47:06,62,01fbae127e8db09da74812bde292eb77d2a68a7897a5571bb7c33ad12264102a
2024-09-30 16:47:06,62,01fbae127e8db09da74812bde292eb77d2a68a7897a5571bb7c33ad12264102a
2024-09-30 16:47:06,62,01fbae127e8db09da74812bde292eb77d2a68a7897a5571bb7c33ad12264102a
2024-09-30 16:47:06,62,01fbae127e8db09da74812bde292eb77d2a68a7897a5571bb7c33ad12264102a
2024-09-30 16:47:19,62,01fbae127e8db09da74812bde292eb77d2a68a7897a5571bb7c33ad12264102a
2024-09-30 16:47:19,62,01fbae127e8db09da74812bde292eb77d2a68a7897a5571bb7c33ad12264102a
2024-09-30 16:47:19,62,01fbae127e8db09da74812bde292eb77d2a68a7897a5571bb7c33ad12264102a
2024-09-30 16:47:20,62,01fbae127e8db09da74812bde292eb77d2a68a7897a5571bb7c33ad12264102a
2024-09-30 16:47:21,62,f214df8686dde5873f6737cdf93909d29f9b61e55a05fd900714072e85e7e2d9
2024-09-30 16:47:21,62,f214df8686dde5873f6737cdf93909d29f9b61e55a05fd900714072e85e7e2d9
2024-09-30 16:47:21,62,f214df8686dde5873f6737cdf93909d29f9b61e55a05fd900714072e85e7e2d9
2024-09-30 16:47:21,62,f214df8686dde5873f6737cdf93909d29f9b61e55a05fd900714072e85e7e2d9
2024-09-30 16:47:21,62,f214df8686dde5873f6737cdf93909d29f9b61e55a05fd900714072e85e7e2d9
2024-09-30 16:47:21,62,f214df8686dde5873f6737cdf93909d29f9b61e55a05fd900714072e85e7e2d9
2024-09-30 16:47:26,62,01fbae127e8db09da74812bde292eb77d2a68a7897a5571bb7c33ad12264102a
2024-09-30 16:47:26,62,01fbae127e8db09da74812bde292eb77d2a68a7897a5571bb7c33ad12264102a
2024-09-30 16:47:26,62,01fbae127e8db09da74812bde292eb77d2a68a7897a5571bb7c33ad12264102a
2024-09-30 16:47:26,62,01fbae127e8db09da74812bde292eb77d2a68a7897a5571bb7c33ad12264102a
2024-09-30 16:47:26,62,01fbae127e8db09da74812bde292eb77d2a68a7897a5571bb7c33ad12264102a
2024-09-30 16:47:29,62,18248f005b7493422ea25abcce7179b6d01446ebce2f14824bfbdbbe7f402bb9
2024-09-30 16:47:29,62,18248f005b7493422ea25abcce7179b6d01446ebce2f14824bfbdbbe7f402bb9
2024-09-30 16:47:29,62,18248f005b7493422ea25abcce7179b6d01446ebce2f14824bfbdbbe7f402bb9
2024-09-30 16:47:36,62,18248f005b7493422ea25abcce7179b6d01446ebce2f14824bfbdbbe7f402bb9
2024-09-30 16:47:36,62,18248f005b7493422ea25abcce7179b6d01446ebce2f14824bfbdbbe7f402bb9
2024-09-30 16:47:37,62,c81372ca9529ddeb87790ff76f6745ec6870bc09bcdd705d8da7bfde78aed086
2024-09-30 16:47:37,62,c81372ca9529ddeb87790ff76f6745ec6870bc09bcdd705d8da7bfde78aed086
2024-09-30 16:47:37,62,c81372ca9529ddeb87790ff76f6745ec6870bc09bcdd705d8da7bfde78aed086
2024-09-30 16:47:37,62,c81372ca9529ddeb87790ff76f6745ec6870bc09bcdd705d8da7bfde78aed086
2024-09-30 16:47:37,62,c81372ca9529ddeb87790ff76f6745ec6870bc09bcdd705d8da7bfde78aed086
2024-09-30 16:47:38,62,01fbae127e8db09da74812bde292eb77d2a68a7897a5571bb7c33ad12264102a
2024-09-30 16:47:38,62,01fbae127e8db09da74812bde292eb77d2a68a7897a5571bb7c33ad12264102a
2024-09-30 16:47:38,62,01fbae127e8db09da74812bde292eb77d2a68a7897a5571bb7c33ad12264102a
2024-09-30 16:47:39,62,b259ad7b374273c26bec3567023bb3cef7a54a76409fb3688a4ef5ae3e07d4ba
2024-09-30 16:47:39,62,b259ad7b374273c26bec3567023bb3cef7a54a76409fb3688a4ef5ae3e07d4ba
2024-09-30 16:47:46,62,01fbae127e8db09da74812bde292eb77d2a68a7897a5571bb7c33ad12264102a
2024-09-30 16:47:47,62,01fbae127e8db09da74812bde292eb77d2a68a7897a5571bb7c33ad12264102a
2024-09-30 16:47:47,62,01fbae127e8db09da74812bde292eb77d2a68a7897a5571bb7c33ad12264102a
2024-09-30 16:47:49,62,18248f005b7493422ea25abcce7179b6d01446ebce2f14824bfbdbbe7f402bb9
2024-09-30 16:47:49,62,18248f005b7493422ea25abcce7179b6d01446ebce2f14824bfbdbbe7f402bb9
2024-09-30 16:47:57,62,01fbae127e8db09da74812bde292eb77d2a68a7897a5571bb7c33ad12264102a
2024-09-30 16:47:57,62,01fbae127e8db09da74812bde292eb77d2a68a7897a5571bb7c33ad12264102a
2024-09-30 16:48:02,62,01fbae127e8db09da74812bde292eb77d2a68a7897a5571bb7c33ad12264102a
2024-09-30 16:48:02,62,01fbae127e8db09da74812bde292eb77d2a68a7897a5571bb7c33ad12264102a
2024-09-30 16:48:03,62,01fbae127e8db09da74812bde292eb77d2a68a7897a5571bb7c33ad12264102a
2024-09-30 16:48:03,62,01fbae127e8db09da74812bde292eb77d2a68a7897a5571bb7c33ad12264102a
2024-09-30 16:48:03,62,01fbae127e8db09da74812bde292eb77d2a68a7897a5571bb7c33ad12264102a
2024-09-30 16:48:03,62,01fbae127e8db09da74812bde292eb77d2a68a7897a5571bb7c33ad12264102a
2024-09-30 16:48:04,62,18248f005b7493422ea25abcce7179b6d01446ebce2f14824bfbdbbe7f402bb9
2024-09-30 16:48:05,62,18248f005b7493422ea25abcce7179b6d01446ebce2f14824bfbdbbe7f402bb9
2024-09-30 16:48:07,62,18248f005b7493422ea25abcce7179b6d01446ebce2f14824bfbdbbe7f402bb9
2024-09-30 16:48:07,62,18248f005b7493422ea25abcce7179b6d01446ebce2f14824bfbdbbe7f402bb9
2024-09-30 16:48:14,62,01fbae127e8db09da74812bde292eb77d2a68a7897a5571bb7c33ad12264102a
2024-09-30 16:48:15,62,18248f005b7493422ea25abcce7179b6d01446ebce2f14824bfbdbbe7f402bb9
2024-09-30 16:48:21,62,01fbae127e8db09da74812bde292eb77d2a68a7897a5571bb7c33ad12264102a
2024-09-30 16:48:21,62,18248f005b7493422ea25abcce7179b6d01446ebce2f14824bfbdbbe7f402bb9
2024-09-30 16:48:23,62,01fbae127e8db09da74812bde292eb77d2a68a7897a5571bb7c33ad12264102a
2024-09-30 16:48:42,62,18248f005b7493422ea25abcce7179b6d01446ebce2f14824bfbdbbe7f402bb9
2024-09-30 16:48:53,62,18248f005b7493422ea25abcce7179b6d01446ebce2f14824bfbdbbe7f402bb9
2024-09-30 16:48:53,62,18248f005b7493422ea25abcce7179b6d01446ebce2f14824bfbdbbe7f402bb9
2024-09-30 16:48:55,62,18248f005b7493422ea25abcce7179b6d01446ebce2f14824bfbdbbe7f402bb9
2024-09-30 16:48:57,62,c81372ca9529ddeb87790ff76f6745ec6870bc09bcdd705d8da7bfde78aed086
2024-09-30 16:48:57,62,c81372ca9529ddeb87790ff76f6745ec6870bc09bcdd705d8da7bfde78aed086
2024-09-30 16:48:57,62,c81372ca9529ddeb87790ff76f6745ec6870bc09bcdd705d8da7bfde78aed086
2024-09-30 16:49:20,62,18248f005b7493422ea25abcce7179b6d01446ebce2f14824bfbdbbe7f402bb9
2024-09-30 16:49:28,62,18248f005b7493422ea25abcce7179b6d01446ebce2f14824bfbdbbe7f402bb9
2024-09-30 16:49:33,62,18248f005b7493422ea25abcce7179b6d01446ebce2f14824bfbdbbe7f402bb9
2024-09-30 16:49:34,62,18248f005b7493422ea25abcce7179b6d01446ebce2f14824bfbdbbe7f402bb9
2024-09-30 16:49:34,62,18248f005b7493422ea25abcce7179b6d01446ebce2f14824bfbdbbe7f402bb9
2024-09-30 16:49:35,62,18248f005b7493422ea25abcce7179b6d01446ebce2f14824bfbdbbe7f402bb9
2024-09-30 16:49:35,62,18248f005b7493422ea25abcce7179b6d01446ebce2f14824bfbdbbe7f402bb9
2024-09-30 16:49:39,62,18248f005b7493422ea25abcce7179b6d01446ebce2f14824bfbdbbe7f402bb9
2024-09-30 16:49:39,62,18248f005b7493422ea25abcce7179b6d01446ebce2f14824bfbdbbe7f402bb9
2024-09-30 16:49:46,62,18248f005b7493422ea25abcce7179b6d01446ebce2f14824bfbdbbe7f402bb9
2024-09-30 16:49:46,62,18248f005b7493422ea25abcce7179b6d01446ebce2f14824bfbdbbe7f402bb9
2024-09-30 16:49:46,62,18248f005b7493422ea25abcce7179b6d01446ebce2f14824bfbdbbe7f402bb9
2024-09-30 16:49:54,62,18248f005b7493422ea25abcce7179b6d01446ebce2f14824bfbdbbe7f402bb9
2024-09-30 16:49:54,62,18248f005b7493422ea25abcce7179b6d01446ebce2f14824bfbdbbe7f402bb9
2024-09-30 16:49:55,62,18248f005b7493422ea25abcce7179b6d01446ebce2f14824bfbdbbe7f402bb9
2024-09-30 16:50:01,62,f214df8686dde5873f6737cdf93909d29f9b61e55a05fd900714072e85e7e2d9
2024-09-30 16:50:01,62,f214df8686dde5873f6737cdf93909d29f9b61e55a05fd900714072e85e7e2d9
2024-09-30 16:50:01,62,f214df8686dde5873f6737cdf93909d29f9b61e55a05fd900714072e85e7e2d9
2024-09-30 16:50:01,62,f214df8686dde5873f6737cdf93909d29f9b61e55a05fd900714072e85e7e2d9
2024-09-30 16:50:04,62,b259ad7b374273c26bec3567023bb3cef7a54a76409fb3688a4ef5ae3e07d4ba
2024-09-30 16:50:04,62,b259ad7b374273c26bec3567023bb3cef7a54a76409fb3688a4ef5ae3e07d4ba
2024-09-30 16:50:06,62,18248f005b7493422ea25abcce7179b6d01446ebce2f14824bfbdbbe7f402bb9
2024-09-30 16:50:06,62,18248f005b7493422ea25abcce7179b6d01446ebce2f14824bfbdbbe7f402bb9
2024-09-30 16:50:10,62,18248f005b7493422ea25abcce7179b6d01446ebce2f14824bfbdbbe7f402bb9
2024-09-30 16:50:10,62,18248f005b7493422ea25abcce7179b6d01446ebce2f14824bfbdbbe7f402bb9
2024-09-30 16:50:28,62,18248f005b7493422ea25abcce7179b6d01446ebce2f14824bfbdbbe7f402bb9
2024-09-30 16:50:28,62,18248f005b7493422ea25abcce7179b6d01446ebce2f14824bfbdbbe7f402bb9
2024-09-30 16:50:32,62,18248f005b7493422ea25abcce7179b6d01446ebce2f14824bfbdbbe7f402bb9
2024-09-30 16:50:33,62,18248f005b7493422ea25abcce7179b6d01446ebce2f14824bfbdbbe7f402bb9
2024-09-30 16:50:38,62,18248f005b7493422ea25abcce7179b6d01446ebce2f14824bfbdbbe7f402bb9
2024-09-30 16:50:42,62,18248f005b7493422ea25abcce7179b6d01446ebce2f14824bfbdbbe7f402bb9
2024-09-30 16:50:42,62,18248f005b7493422ea25abcce7179b6d01446ebce2f14824bfbdbbe7f402bb9
2024-09-30 16:50:43,62,18248f005b7493422ea25abcce7179b6d01446ebce2f14824bfbdbbe7f402bb9
2024-09-30 16:50:48,62,18248f005b7493422ea25abcce7179b6d01446ebce2f14824bfbdbbe7f402bb9
2024-09-30 16:50:48,62,18248f005b7493422ea25abcce7179b6d01446ebce2f14824bfbdbbe7f402bb9
2024-09-30 16:51:04,62,b259ad7b374273c26bec3567023bb3cef7a54a76409fb3688a4ef5ae3e07d4ba
2024-09-30 16:51:05,62,b259ad7b374273c26bec3567023bb3cef7a54a76409fb3688a4ef5ae3e07d4ba
2024-09-30 16:51:06,62,18248f005b7493422ea25abcce7179b6d01446ebce2f14824bfbdbbe7f402bb9
2024-09-30 16:51:19,62,18248f005b7493422ea25abcce7179b6d01446ebce2f14824bfbdbbe7f402bb9
2024-09-30 16:51:19,62,18248f005b7493422ea25abcce7179b6d01446ebce2f14824bfbdbbe7f402bb9
2024-09-30 16:51:22,62,b259ad7b374273c26bec3567023bb3cef7a54a76409fb3688a4ef5ae3e07d4ba
2024-09-30 16:51:24,62,b259ad7b374273c26bec3567023bb3cef7a54a76409fb3688a4ef5ae3e07d4ba
2024-09-30 16:51:24,62,b259ad7b374273c26bec3567023bb3cef7a54a76409fb3688a4ef5ae3e07d4ba
2024-09-30 16:51:24,62,b259ad7b374273c26bec3567023bb3cef7a54a76409fb3688a4ef5ae3e07d4ba
2024-09-30 16:51:24,62,b259ad7b374273c26bec3567023bb3cef7a54a76409fb3688a4ef5ae3e07d4ba
2024-09-30 16:51:26,62,18248f005b7493422ea25abcce7179b6d01446ebce2f14824bfbdbbe7f402bb9
2024-09-30 16:51:30,62,18248f005b7493422ea25abcce7179b6d01446ebce2f14824bfbdbbe7f402bb9
2024-09-30 16:51:30,62,18248f005b7493422ea25abcce7179b6d01446ebce2f14824bfbdbbe7f402bb9
2024-09-30 16:51:35,62,18248f005b7493422ea25abcce7179b6d01446ebce2f14824bfbdbbe7f402bb9
2024-09-30 16:52:23,62,18248f005b7493422ea25abcce7179b6d01446ebce2f14824bfbdbbe7f402bb9
2024-09-30 16:52:23,62,18248f005b7493422ea25abcce7179b6d01446ebce2f14824bfbdbbe7f402bb9
2024-09-30 16:52:25,62,18248f005b7493422ea25abcce7179b6d01446ebce2f14824bfbdbbe7f402bb9
2024-09-30 16:52:32,62,18248f005b7493422ea25abcce7179b6d01446ebce2f14824bfbdbbe7f402bb9
2024-09-30 16:52:32,62,18248f005b7493422ea25abcce7179b6d01446ebce2f14824bfbdbbe7f402bb9
2024-09-30 16:52:38,62,18248f005b7493422ea25abcce7179b6d01446ebce2f14824bfbdbbe7f402bb9
2024-09-30 16:52:38,62,18248f005b7493422ea25abcce7179b6d01446ebce2f14824bfbdbbe7f402bb9
2024-09-30 16:52:41,62,c81372ca9529ddeb87790ff76f6745ec6870bc09bcdd705d8da7bfde78aed086
2024-09-30 16:52:41,62,c81372ca9529ddeb87790ff76f6745ec6870bc09bcdd705d8da7bfde78aed086
2024-09-30 16:52:41,62,c81372ca9529ddeb87790ff76f6745ec6870bc09bcdd705d8da7bfde78aed086
2024-09-30 16:52:41,62,c81372ca9529ddeb87790ff76f6745ec6870bc09bcdd705d8da7bfde78aed086
2024-09-30 16:52:41,62,c81372ca9529ddeb87790ff76f6745ec6870bc09bcdd705d8da7bfde78aed086
2024-09-30 16:52:41,62,c81372ca9529ddeb87790ff76f6745ec6870bc09bcdd705d8da7bfde78aed086
2024-09-30 16:52:41,62,c81372ca9529ddeb87790ff76f6745ec6870bc09bcdd705d8da7bfde78aed086
2024-09-30 16:53:24,62,18248f005b7493422ea25abcce7179b6d01446ebce2f14824bfbdbbe7f402bb9
2024-09-30 16:53:24,62,18248f005b7493422ea25abcce7179b6d01446ebce2f14824bfbdbbe7f402bb9
2024-09-30 16:53:43,62,18248f005b7493422ea25abcce7179b6d01446ebce2f14824bfbdbbe7f402bb9
2024-09-30 16:53:43,62,18248f005b7493422ea25abcce7179b6d01446ebce2f14824bfbdbbe7f402bb9
2024-09-30 16:53:43,62,18248f005b7493422ea25abcce7179b6d01446ebce2f14824bfbdbbe7f402bb9
2024-09-30 16:54:00,62,ac6bdf2d5686dae420b8fa528fcc9b72514a3cbbdca201fadac306c2091d9b0c
2024-09-30 16:54:00,62,ac6bdf2d5686dae420b8fa528fcc9b72514a3cbbdca201fadac306c2091d9b0c
2024-09-30 16:54:01,62,c81372ca9529ddeb87790ff76f6745ec6870bc09bcdd705d8da7bfde78aed086
2024-09-30 16:54:01,62,c81372ca9529ddeb87790ff76f6745ec6870bc09bcdd705d8da7bfde78aed086
2024-09-30 16:54:04,62,18248f005b7493422ea25abcce7179b6d01446ebce2f14824bfbdbbe7f402bb9
2024-09-30 16:54:05,62,18248f005b7493422ea25abcce7179b6d01446ebce2f14824bfbdbbe7f402bb9
2024-09-30 16:55:01,62,c81372ca9529ddeb87790ff76f6745ec6870bc09bcdd705d8da7bfde78aed086
2024-09-30 16:55:01,62,c81372ca9529ddeb87790ff76f6745ec6870bc09bcdd705d8da7bfde78aed086
2024-09-30 16:55:01,62,c81372ca9529ddeb87790ff76f6745ec6870bc09bcdd705d8da7bfde78aed086
2024-09-30 16:55:06,62,18248f005b7493422ea25abcce7179b6d01446ebce2f14824bfbdbbe7f402bb9
2024-09-30 16:55:10,62,18248f005b7493422ea25abcce7179b6d01446ebce2f14824bfbdbbe7f402bb9
2024-09-30 16:55:10,62,18248f005b7493422ea25abcce7179b6d01446ebce2f14824bfbdbbe7f402bb9
2024-09-30 16:55:17,62,18248f005b7493422ea25abcce7179b6d01446ebce2f14824bfbdbbe7f402bb9
2024-09-30 16:55:21,62,f214df8686dde5873f6737cdf93909d29f9b61e55a05fd900714072e85e7e2d9
2024-09-30 16:55:21,62,f214df8686dde5873f6737cdf93909d29f9b61e55a05fd900714072e85e7e2d9
2024-09-30 16:55:26,62,18248f005b7493422ea25abcce7179b6d01446ebce2f14824bfbdbbe7f402bb9
2024-09-30 16:55:26,62,18248f005b7493422ea25abcce7179b6d01446ebce2f14824bfbdbbe7f402bb9
2024-09-30 16:55:26,62,18248f005b7493422ea25abcce7179b6d01446ebce2f14824bfbdbbe7f402bb9
2024-09-30 16:55:26,62,18248f005b7493422ea25abcce7179b6d01446ebce2f14824bfbdbbe7f402bb9
2024-09-30 16:55:33,62,18248f005b7493422ea25abcce7179b6d01446ebce2f14824bfbdbbe7f402bb9
2024-09-30 16:55:39,62,18248f005b7493422ea25abcce7179b6d01446ebce2f14824bfbdbbe7f402bb9
2024-09-30 16:55:44,62,18248f005b7493422ea25abcce7179b6d01446ebce2f14824bfbdbbe7f402bb9
2024-09-30 16:55:44,62,18248f005b7493422ea25abcce7179b6d01446ebce2f14824bfbdbbe7f402bb9
2024-09-30 16:55:44,62,18248f005b7493422ea25abcce7179b6d01446ebce2f14824bfbdbbe7f402bb9
2024-09-30 16:55:44,62,18248f005b7493422ea25abcce7179b6d01446ebce2f14824bfbdbbe7f402bb9
2024-09-30 16:55:44,62,18248f005b7493422ea25abcce7179b6d01446ebce2f14824bfbdbbe7f402bb9
2024-09-30 16:55:44,62,18248f005b7493422ea25abcce7179b6d01446ebce2f14824bfbdbbe7f402bb9
2024-09-30 16:55:49,62,18248f005b7493422ea25abcce7179b6d01446ebce2f14824bfbdbbe7f402bb9
2024-09-30 16:55:49,62,18248f005b7493422ea25abcce7179b6d01446ebce2f14824bfbdbbe7f402bb9
2024-09-30 16:56:01,62,c81372ca9529ddeb87790ff76f6745ec6870bc09bcdd705d8da7bfde78aed086
2024-09-30 16:56:01,62,c81372ca9529ddeb87790ff76f6745ec6870bc09bcdd705d8da7bfde78aed086
2024-09-30 16:56:01,62,c81372ca9529ddeb87790ff76f6745ec6870bc09bcdd705d8da7bfde78aed086
2024-09-30 16:56:01,62,c81372ca9529ddeb87790ff76f6745ec6870bc09bcdd705d8da7bfde78aed086
2024-09-30 16:56:01,62,c81372ca9529ddeb87790ff76f6745ec6870bc09bcdd705d8da7bfde78aed086
2024-09-30 16:56:01,62,c81372ca9529ddeb87790ff76f6745ec6870bc09bcdd705d8da7bfde78aed086
2024-09-30 16:56:01,62,c81372ca9529ddeb87790ff76f6745ec6870bc09bcdd705d8da7bfde78aed086
2024-09-30 16:56:01,62,c81372ca9529ddeb87790ff76f6745ec6870bc09bcdd705d8da7bfde78aed086
2024-09-30 16:56:15,62,18248f005b7493422ea25abcce7179b6d01446ebce2f14824bfbdbbe7f402bb9
2024-09-30 16:57:00,62,ac6bdf2d5686dae420b8fa528fcc9b72514a3cbbdca201fadac306c2091d9b0c
2024-09-30 16:57:00,62,ac6bdf2d5686dae420b8fa528fcc9b72514a3cbbdca201fadac306c2091d9b0c
2024-09-30 16:57:44,62,18248f005b7493422ea25abcce7179b6d01446ebce2f14824bfbdbbe7f402bb9
2024-09-30 16:57:56,62,18248f005b7493422ea25abcce7179b6d01446ebce2f14824bfbdbbe7f402bb9
2024-09-30 16:57:56,62,18248f005b7493422ea25abcce7179b6d01446ebce2f14824bfbdbbe7f402bb9
2024-09-30 16:57:56,62,18248f005b7493422ea25abcce7179b6d01446ebce2f14824bfbdbbe7f402bb9
2024-09-30 16:57:56,62,18248f005b7493422ea25abcce7179b6d01446ebce2f14824bfbdbbe7f402bb9
2024-09-30 16:57:56,62,18248f005b7493422ea25abcce7179b6d01446ebce2f14824bfbdbbe7f402bb9
2024-09-30 16:57:56,62,18248f005b7493422ea25abcce7179b6d01446ebce2f14824bfbdbbe7f402bb9
2024-09-30 16:58:07,62,01fbae127e8db09da74812bde292eb77d2a68a7897a5571bb7c33ad12264102a
2024-09-30 16:58:07,62,01fbae127e8db09da74812bde292eb77d2a68a7897a5571bb7c33ad12264102a
2024-09-30 16:58:25,62,01fbae127e8db09da74812bde292eb77d2a68a7897a5571bb7c33ad12264102a
2024-09-30 16:58:41,62,c81372ca9529ddeb87790ff76f6745ec6870bc09bcdd705d8da7bfde78aed086
2024-09-30 16:58:41,62,c81372ca9529ddeb87790ff76f6745ec6870bc09bcdd705d8da7bfde78aed086
2024-09-30 16:58:48,62,01fbae127e8db09da74812bde292eb77d2a68a7897a5571bb7c33ad12264102a
2024-09-30 16:58:48,62,01fbae127e8db09da74812bde292eb77d2a68a7897a5571bb7c33ad12264102a
2024-09-30 16:58:48,62,01fbae127e8db09da74812bde292eb77d2a68a7897a5571bb7c33ad12264102a
2024-09-30 16:58:48,62,01fbae127e8db09da74812bde292eb77d2a68a7897a5571bb7c33ad12264102a
2024-09-30 16:58:48,62,01fbae127e8db09da74812bde292eb77d2a68a7897a5571bb7c33ad12264102a
2024-09-30 16:58:59,62,01fbae127e8db09da74812bde292eb77d2a68a7897a5571bb7c33ad12264102a
2024-09-30 16:59:10,62,01fbae127e8db09da74812bde292eb77d2a68a7897a5571bb7c33ad12264102a
2024-09-30 16:59:10,62,01fbae127e8db09da74812bde292eb77d2a68a7897a5571bb7c33ad12264102a
2024-09-30 16:59:10,62,01fbae127e8db09da74812bde292eb77d2a68a7897a5571bb7c33ad12264102a
2024-09-30 16:59:10,62,01fbae127e8db09da74812bde292eb77d2a68a7897a5571bb7c33ad12264102a
2024-09-30 16:59:22,62,01fbae127e8db09da74812bde292eb77d2a68a7897a5571bb7c33ad12264102a
2024-09-30 16:59:56,62,01fbae127e8db09da74812bde292eb77d2a68a7897a5571bb7c33ad12264102a
2024-09-30 17:00:03,62,01fbae127e8db09da74812bde292eb77d2a68a7897a5571bb7c33ad12264102a
2024-09-30 17:00:41,62,01fbae127e8db09da74812bde292eb77d2a68a7897a5571bb7c33ad12264102a
2024-09-30 17:00:41,62,01fbae127e8db09da74812bde292eb77d2a68a7897a5571bb7c33ad12264102a
2024-09-30 17:00:42,62,f214df8686dde5873f6737cdf93909d29f9b61e55a05fd900714072e85e7e2d9
2024-09-30 17:00:42,62,f214df8686dde5873f6737cdf93909d29f9b61e55a05fd900714072e85e7e2d9
2024-09-30 17:00:42,62,f214df8686dde5873f6737cdf93909d29f9b61e55a05fd900714072e85e7e2d9
2024-09-30 17:01:14,62,01fbae127e8db09da74812bde292eb77d2a68a7897a5571bb7c33ad12264102a
2024-09-30 17:01:16,62,01fbae127e8db09da74812bde292eb77d2a68a7897a5571bb7c33ad12264102a
2024-09-30 17:01:16,62,01fbae127e8db09da74812bde292eb77d2a68a7897a5571bb7c33ad12264102a
2024-09-30 17:01:17,62,01fbae127e8db09da74812bde292eb77d2a68a7897a5571bb7c33ad12264102a
2024-09-30 17:01:17,62,01fbae127e8db09da74812bde292eb77d2a68a7897a5571bb7c33ad12264102a
2024-09-30 17:01:17,62,01fbae127e8db09da74812bde292eb77d2a68a7897a5571bb7c33ad12264102a
2024-09-30 17:01:33,62,b259ad7b374273c26bec3567023bb3cef7a54a76409fb3688a4ef5ae3e07d4ba
2024-09-30 17:01:33,62,b259ad7b374273c26bec3567023bb3cef7a54a76409fb3688a4ef5ae3e07d4ba
2024-09-30 17:02:01,62,01fbae127e8db09da74812bde292eb77d2a68a7897a5571bb7c33ad12264102a
2024-09-30 17:02:44,62,01fbae127e8db09da74812bde292eb77d2a68a7897a5571bb7c33ad12264102a
2024-09-30 17:02:44,62,01fbae127e8db09da74812bde292eb77d2a68a7897a5571bb7c33ad12264102a
2024-09-30 17:02:59,62,01fbae127e8db09da74812bde292eb77d2a68a7897a5571bb7c33ad12264102a
2024-09-30 17:02:59,62,01fbae127e8db09da74812bde292eb77d2a68a7897a5571bb7c33ad12264102a
2024-09-30 17:02:59,62,01fbae127e8db09da74812bde292eb77d2a68a7897a5571bb7c33ad12264102a
2024-09-30 17:02:59,62,01fbae127e8db09da74812bde292eb77d2a68a7897a5571bb7c33ad12264102a
2024-09-30 17:03:00,62,ac6bdf2d5686dae420b8fa528fcc9b72514a3cbbdca201fadac306c2091d9b0c
2024-09-30 17:03:04,62,01fbae127e8db09da74812bde292eb77d2a68a7897a5571bb7c33ad12264102a
2024-09-30 17:03:04,62,01fbae127e8db09da74812bde292eb77d2a68a7897a5571bb7c33ad12264102a
2024-09-30 17:03:22,62,f214df8686dde5873f6737cdf93909d29f9b61e55a05fd900714072e85e7e2d9
2024-09-30 17:05:48,62,18248f005b7493422ea25abcce7179b6d01446ebce2f14824bfbdbbe7f402bb9
2024-09-30 17:05:48,62,18248f005b7493422ea25abcce7179b6d01446ebce2f14824bfbdbbe7f402bb9
2024-09-30 17:05:48,62,18248f005b7493422ea25abcce7179b6d01446ebce2f14824bfbdbbe7f402bb9
2024-09-30 17:05:48,62,18248f005b7493422ea25abcce7179b6d01446ebce2f14824bfbdbbe7f402bb9
2024-09-30 17:05:51,62,18248f005b7493422ea25abcce7179b6d01446ebce2f14824bfbdbbe7f402bb9
2024-09-30 17:05:52,62,18248f005b7493422ea25abcce7179b6d01446ebce2f14824bfbdbbe7f402bb9
2024-09-30 17:06:02,62,f214df8686dde5873f6737cdf93909d29f9b61e55a05fd900714072e85e7e2d9
2024-09-30 17:06:02,62,f214df8686dde5873f6737cdf93909d29f9b61e55a05fd900714072e85e7e2d9
2024-09-30 17:06:02,62,f214df8686dde5873f6737cdf93909d29f9b61e55a05fd900714072e85e7e2d9
2024-09-30 17:08:41,62,f214df8686dde5873f6737cdf93909d29f9b61e55a05fd900714072e85e7e2d9
2024-09-30 17:10:02,62,18248f005b7493422ea25abcce7179b6d01446ebce2f14824bfbdbbe7f402bb9
2024-09-30 17:11:21,62,f214df8686dde5873f6737cdf93909d29f9b61e55a05fd900714072e85e7e2d9
2024-09-30 17:11:21,62,f214df8686dde5873f6737cdf93909d29f9b61e55a05fd900714072e85e7e2d9
2024-09-30 17:11:21,62,f214df8686dde5873f6737cdf93909d29f9b61e55a05fd900714072e85e7e2d9
2024-09-30 17:11:52,62,18248f005b7493422ea25abcce7179b6d01446ebce2f14824bfbdbbe7f402bb9
2024-09-30 17:11:52,62,18248f005b7493422ea25abcce7179b6d01446ebce2f14824bfbdbbe7f402bb9
2024-09-30 17:13:52,62,18248f005b7493422ea25abcce7179b6d01446ebce2f14824bfbdbbe7f402bb9
2024-09-30 17:13:53,62,18248f005b7493422ea25abcce7179b6d01446ebce2f14824bfbdbbe7f402bb9
2024-09-30 17:14:31,62,18248f005b7493422ea25abcce7179b6d01446ebce2f14824bfbdbbe7f402bb9
2024-09-30 17:14:31,62,18248f005b7493422ea25abcce7179b6d01446ebce2f14824bfbdbbe7f402bb9
2024-09-30 17:14:39,62,18248f005b7493422ea25abcce7179b6d01446ebce2f14824bfbdbbe7f402bb9
2024-09-30 17:17:37,62,18248f005b7493422ea25abcce7179b6d01446ebce2f14824bfbdbbe7f402bb9
2024-09-30 17:17:37,62,18248f005b7493422ea25abcce7179b6d01446ebce2f14824bfbdbbe7f402bb9
2024-09-30 17:17:58,62,18248f005b7493422ea25abcce7179b6d01446ebce2f14824bfbdbbe7f402bb9
2024-09-30 17:17:58,62,18248f005b7493422ea25abcce7179b6d01446ebce2f14824bfbdbbe7f402bb9
2024-09-30 17:18:28,62,18248f005b7493422ea25abcce7179b6d01446ebce2f14824bfbdbbe7f402bb9
2024-09-30 17:18:28,62,18248f005b7493422ea25abcce7179b6d01446ebce2f14824bfbdbbe7f402bb9
2024-09-30 17:19:04,62,bf2c2f0f075485f729148b9a032c5aad4314def9953c37f89024b63d1968dd38
2024-09-30 17:19:14,62,bf2c2f0f075485f729148b9a032c5aad4314def9953c37f89024b63d1968dd38
2024-09-30 17:19:14,62,bf2c2f0f075485f729148b9a032c5aad4314def9953c37f89024b63d1968dd38
2024-09-30 17:19:19,62,bf2c2f0f075485f729148b9a032c5aad4314def9953c37f89024b63d1968dd38
2024-09-30 17:19:24,62,bf2c2f0f075485f729148b9a032c5aad4314def9953c37f89024b63d1968dd38
2024-09-30 17:19:24,62,bf2c2f0f075485f729148b9a032c5aad4314def9953c37f89024b63d1968dd38
2024-09-30 17:19:24,62,bf2c2f0f075485f729148b9a032c5aad4314def9953c37f89024b63d1968dd38
2024-09-30 17:19:30,62,bf2c2f0f075485f729148b9a032c5aad4314def9953c37f89024b63d1968dd38
2024-09-30 17:19:30,62,bf2c2f0f075485f729148b9a032c5aad4314def9953c37f89024b63d1968dd38
2024-09-30 17:23:19,62,c81372ca9529ddeb87790ff76f6745ec6870bc09bcdd705d8da7bfde78aed086
2024-09-30 17:23:19,62,c81372ca9529ddeb87790ff76f6745ec6870bc09bcdd705d8da7bfde78aed086
2024-09-30 17:23:19,62,c81372ca9529ddeb87790ff76f6745ec6870bc09bcdd705d8da7bfde78aed086
2024-09-30 17:23:19,62,c81372ca9529ddeb87790ff76f6745ec6870bc09bcdd705d8da7bfde78aed086
2024-09-30 17:23:20,62,c81372ca9529ddeb87790ff76f6745ec6870bc09bcdd705d8da7bfde78aed086
2024-09-30 17:23:20,62,c81372ca9529ddeb87790ff76f6745ec6870bc09bcdd705d8da7bfde78aed086
2024-09-30 17:23:20,62,c81372ca9529ddeb87790ff76f6745ec6870bc09bcdd705d8da7bfde78aed086
2024-09-30 17:23:20,62,c81372ca9529ddeb87790ff76f6745ec6870bc09bcdd705d8da7bfde78aed086
2024-09-30 17:33:47,62,18248f005b7493422ea25abcce7179b6d01446ebce2f14824bfbdbbe7f402bb9
2024-09-30 17:34:43,62,01fbae127e8db09da74812bde292eb77d2a68a7897a5571bb7c33ad12264102a
2024-09-30 17:34:43,62,01fbae127e8db09da74812bde292eb77d2a68a7897a5571bb7c33ad12264102a
2024-09-30 17:34:43,62,01fbae127e8db09da74812bde292eb77d2a68a7897a5571bb7c33ad12264102a
2024-09-30 17:34:43,62,01fbae127e8db09da74812bde292eb77d2a68a7897a5571bb7c33ad12264102a
2024-09-30 17:37:46,62,18248f005b7493422ea25abcce7179b6d01446ebce2f14824bfbdbbe7f402bb9
2024-09-30 17:37:46,62,18248f005b7493422ea25abcce7179b6d01446ebce2f14824bfbdbbe7f402bb9
2024-09-30 17:38:19,62,18248f005b7493422ea25abcce7179b6d01446ebce2f14824bfbdbbe7f402bb9
2024-09-30 17:38:19,62,18248f005b7493422ea25abcce7179b6d01446ebce2f14824bfbdbbe7f402bb9
2024-09-30 17:43:33,62,18248f005b7493422ea25abcce7179b6d01446ebce2f14824bfbdbbe7f402bb9
2024-09-30 17:43:33,62,18248f005b7493422ea25abcce7179b6d01446ebce2f14824bfbdbbe7f402bb9
2024-09-30 17:43:50,62,18248f005b7493422ea25abcce7179b6d01446ebce2f14824bfbdbbe7f402bb9
2024-09-30 17:43:52,62,18248f005b7493422ea25abcce7179b6d01446ebce2f14824bfbdbbe7f402bb9
2024-09-30 17:49:02,62,18248f005b7493422ea25abcce7179b6d01446ebce2f14824bfbdbbe7f402bb9
2024-09-30 17:49:02,62,18248f005b7493422ea25abcce7179b6d01446ebce2f14824bfbdbbe7f402bb9
2024-09-30 17:49:02,62,18248f005b7493422ea25abcce7179b6d01446ebce2f14824bfbdbbe7f402bb9
2024-09-30 17:49:02,62,18248f005b7493422ea25abcce7179b6d01446ebce2f14824bfbdbbe7f402bb9
2024-09-30 17:49:02,62,18248f005b7493422ea25abcce7179b6d01446ebce2f14824bfbdbbe7f402bb9
2024-09-30 17:49:02,62,18248f005b7493422ea25abcce7179b6d01446ebce2f14824bfbdbbe7f402bb9
2024-09-30 17:49:02,62,18248f005b7493422ea25abcce7179b6d01446ebce2f14824bfbdbbe7f402bb9
2024-09-30 17:49:52,62,18248f005b7493422ea25abcce7179b6d01446ebce2f14824bfbdbbe7f402bb9
2024-09-30 17:49:52,62,18248f005b7493422ea25abcce7179b6d01446ebce2f14824bfbdbbe7f402bb9
2024-09-30 17:49:59,62,18248f005b7493422ea25abcce7179b6d01446ebce2f14824bfbdbbe7f402bb9
2024-09-30 17:50:01,62,18248f005b7493422ea25abcce7179b6d01446ebce2f14824bfbdbbe7f402bb9
2024-09-30 17:50:01,62,18248f005b7493422ea25abcce7179b6d01446ebce2f14824bfbdbbe7f402bb9
2024-09-30 17:50:17,62,18248f005b7493422ea25abcce7179b6d01446ebce2f14824bfbdbbe7f402bb9
2024-09-30 17:50:17,62,18248f005b7493422ea25abcce7179b6d01446ebce2f14824bfbdbbe7f402bb9
2024-09-30 17:55:35,62,18248f005b7493422ea25abcce7179b6d01446ebce2f14824bfbdbbe7f402bb9
2024-09-30 18:00:08,62,18248f005b7493422ea25abcce7179b6d01446ebce2f14824bfbdbbe7f402bb9
2024-09-30 18:00:08,62,18248f005b7493422ea25abcce7179b6d01446ebce2f14824bfbdbbe7f402bb9
2024-09-30 18:22:02,62,c81372ca9529ddeb87790ff76f6745ec6870bc09bcdd705d8da7bfde78aed086
2024-09-30 18:22:02,62,c81372ca9529ddeb87790ff76f6745ec6870bc09bcdd705d8da7bfde78aed086
2024-09-30 18:22:02,62,c81372ca9529ddeb87790ff76f6745ec6870bc09bcdd705d8da7bfde78aed086
2024-09-30 18:22:02,62,c81372ca9529ddeb87790ff76f6745ec6870bc09bcdd705d8da7bfde78aed086
2024-09-30 18:22:02,62,c81372ca9529ddeb87790ff76f6745ec6870bc09bcdd705d8da7bfde78aed086
2024-09-30 18:22:02,62,c81372ca9529ddeb87790ff76f6745ec6870bc09bcdd705d8da7bfde78aed086
2024-09-30 18:23:19,62,c81372ca9529ddeb87790ff76f6745ec6870bc09bcdd705d8da7bfde78aed086
2024-09-30 18:23:19,62,c81372ca9529ddeb87790ff76f6745ec6870bc09bcdd705d8da7bfde78aed086
2024-09-30 18:23:19,62,c81372ca9529ddeb87790ff76f6745ec6870bc09bcdd705d8da7bfde78aed086
2024-09-30 18:23:19,62,c81372ca9529ddeb87790ff76f6745ec6870bc09bcdd705d8da7bfde78aed086
2024-09-30 18:23:19,62,c81372ca9529ddeb87790ff76f6745ec6870bc09bcdd705d8da7bfde78aed086
2024-09-30 18:23:19,62,c81372ca9529ddeb87790ff76f6745ec6870bc09bcdd705d8da7bfde78aed086
2024-09-30 18:23:19,62,c81372ca9529ddeb87790ff76f6745ec6870bc09bcdd705d8da7bfde78aed086
2024-09-30 18:23:19,62,c81372ca9529ddeb87790ff76f6745ec6870bc09bcdd705d8da7bfde78aed086
2024-09-30 18:23:19,62,c81372ca9529ddeb87790ff76f6745ec6870bc09bcdd705d8da7bfde78aed086
2024-09-30 18:24:39,62,c81372ca9529ddeb87790ff76f6745ec6870bc09bcdd705d8da7bfde78aed086
2024-09-30 18:24:39,62,c81372ca9529ddeb87790ff76f6745ec6870bc09bcdd705d8da7bfde78aed086
2024-09-30 18:24:39,62,c81372ca9529ddeb87790ff76f6745ec6870bc09bcdd705d8da7bfde78aed086
2024-09-30 18:24:39,62,c81372ca9529ddeb87790ff76f6745ec6870bc09bcdd705d8da7bfde78aed086
2024-09-30 18:24:39,62,c81372ca9529ddeb87790ff76f6745ec6870bc09bcdd705d8da7bfde78aed086
2024-09-30 18:24:39,62,c81372ca9529ddeb87790ff76f6745ec6870bc09bcdd705d8da7bfde78aed086
2024-09-30 18:24:39,62,c81372ca9529ddeb87790ff76f6745ec6870bc09bcdd705d8da7bfde78aed086
2024-09-30 18:24:39,62,c81372ca9529ddeb87790ff76f6745ec6870bc09bcdd705d8da7bfde78aed086
2024-09-30 18:27:20,62,c81372ca9529ddeb87790ff76f6745ec6870bc09bcdd705d8da7bfde78aed086
2024-09-30 18:27:20,62,c81372ca9529ddeb87790ff76f6745ec6870bc09bcdd705d8da7bfde78aed086
2024-09-30 18:27:20,62,c81372ca9529ddeb87790ff76f6745ec6870bc09bcdd705d8da7bfde78aed086
2024-09-30 18:27:20,62,c81372ca9529ddeb87790ff76f6745ec6870bc09bcdd705d8da7bfde78aed086
2024-09-30 18:27:20,62,c81372ca9529ddeb87790ff76f6745ec6870bc09bcdd705d8da7bfde78aed086
2024-09-30 18:35:21,62,c81372ca9529ddeb87790ff76f6745ec6870bc09bcdd705d8da7bfde78aed086
2024-09-30 18:35:21,62,c81372ca9529ddeb87790ff76f6745ec6870bc09bcdd705d8da7bfde78aed086
2024-09-30 18:35:21,62,c81372ca9529ddeb87790ff76f6745ec6870bc09bcdd705d8da7bfde78aed086
2024-09-30 18:35:21,62,c81372ca9529ddeb87790ff76f6745ec6870bc09bcdd705d8da7bfde78aed086
2024-09-30 18:35:21,62,c81372ca9529ddeb87790ff76f6745ec6870bc09bcdd705d8da7bfde78aed086
2024-09-30 18:35:21,62,c81372ca9529ddeb87790ff76f6745ec6870bc09bcdd705d8da7bfde78aed086
2024-09-30 18:35:21,62,c81372ca9529ddeb87790ff76f6745ec6870bc09bcdd705d8da7bfde78aed086
2024-09-30 18:35:21,62,c81372ca9529ddeb87790ff76f6745ec6870bc09bcdd705d8da7bfde78aed086
2024-09-30 18:35:21,62,c81372ca9529ddeb87790ff76f6745ec6870bc09bcdd705d8da7bfde78aed086
2024-09-30 18:35:21,62,c81372ca9529ddeb87790ff76f6745ec6870bc09bcdd705d8da7bfde78aed086
2024-09-30 18:35:21,62,c81372ca9529ddeb87790ff76f6745ec6870bc09bcdd705d8da7bfde78aed086
2024-09-30 18:35:21,62,c81372ca9529ddeb87790ff76f6745ec6870bc09bcdd705d8da7bfde78aed086
2024-09-30 18:35:21,62,c81372ca9529ddeb87790ff76f6745ec6870bc09bcdd705d8da7bfde78aed086
2024-09-30 18:38:00,62,c81372ca9529ddeb87790ff76f6745ec6870bc09bcdd705d8da7bfde78aed086
2024-09-30 18:45:02,62,c81372ca9529ddeb87790ff76f6745ec6870bc09bcdd705d8da7bfde78aed086
2024-09-30 18:45:02,62,c81372ca9529ddeb87790ff76f6745ec6870bc09bcdd705d8da7bfde78aed086
2024-09-30 18:45:02,62,c81372ca9529ddeb87790ff76f6745ec6870bc09bcdd705d8da7bfde78aed086
2024-09-30 18:45:02,62,c81372ca9529ddeb87790ff76f6745ec6870bc09bcdd705d8da7bfde78aed086
2024-09-30 18:47:42,62,c81372ca9529ddeb87790ff76f6745ec6870bc09bcdd705d8da7bfde78aed086
2024-09-30 18:47:42,62,c81372ca9529ddeb87790ff76f6745ec6870bc09bcdd705d8da7bfde78aed086
2024-09-30 18:49:31,62,18248f005b7493422ea25abcce7179b6d01446ebce2f14824bfbdbbe7f402bb9
2024-09-30 18:49:31,62,18248f005b7493422ea25abcce7179b6d01446ebce2f14824bfbdbbe7f402bb9
2024-09-30 18:50:22,62,c81372ca9529ddeb87790ff76f6745ec6870bc09bcdd705d8da7bfde78aed086
2024-09-30 18:50:22,62,c81372ca9529ddeb87790ff76f6745ec6870bc09bcdd705d8da7bfde78aed086
2024-09-30 19:02:22,62,c81372ca9529ddeb87790ff76f6745ec6870bc09bcdd705d8da7bfde78aed086
2024-09-30 19:02:22,62,c81372ca9529ddeb87790ff76f6745ec6870bc09bcdd705d8da7bfde78aed086
2024-09-30 19:02:22,62,c81372ca9529ddeb87790ff76f6745ec6870bc09bcdd705d8da7bfde78aed086
2024-09-30 19:02:22,62,c81372ca9529ddeb87790ff76f6745ec6870bc09bcdd705d8da7bfde78aed086
2024-09-30 19:02:22,62,c81372ca9529ddeb87790ff76f6745ec6870bc09bcdd705d8da7bfde78aed086
2024-09-30 19:02:22,62,c81372ca9529ddeb87790ff76f6745ec6870bc09bcdd705d8da7bfde78aed086
2024-09-30 19:02:22,62,c81372ca9529ddeb87790ff76f6745ec6870bc09bcdd705d8da7bfde78aed086
2024-09-30 19:02:22,62,c81372ca9529ddeb87790ff76f6745ec6870bc09bcdd705d8da7bfde78aed086
2024-09-30 19:02:22,62,c81372ca9529ddeb87790ff76f6745ec6870bc09bcdd705d8da7bfde78aed086
2024-09-30 19:17:49,62,18248f005b7493422ea25abcce7179b6d01446ebce2f14824bfbdbbe7f402bb9
2024-09-30 20:05:38,62,01fbae127e8db09da74812bde292eb77d2a68a7897a5571bb7c33ad12264102a
2024-09-30 20:05:39,62,01fbae127e8db09da74812bde292eb77d2a68a7897a5571bb7c33ad12264102a
2024-09-30 20:05:39,62,01fbae127e8db09da74812bde292eb77d2a68a7897a5571bb7c33ad12264102a
2024-09-30 20:05:39,62,01fbae127e8db09da74812bde292eb77d2a68a7897a5571bb7c33ad12264102a
2024-09-30 20:05:39,62,01fbae127e8db09da74812bde292eb77d2a68a7897a5571bb7c33ad12264102a
2024-09-30 20:05:44,62,3901688d33322be8e6e95730a2d46b3b729d303d6507bd4ac75095ad5a7df8e8
2024-09-30 20:06:03,62,d787358040843e660eb94b464371ac26c3ccc54906bd94fcbf398471ccb0e763
2024-09-30 20:06:03,62,d787358040843e660eb94b464371ac26c3ccc54906bd94fcbf398471ccb0e763
2024-09-30 20:06:38,62,3901688d33322be8e6e95730a2d46b3b729d303d6507bd4ac75095ad5a7df8e8
2024-09-30 20:06:43,62,01fbae127e8db09da74812bde292eb77d2a68a7897a5571bb7c33ad12264102a
2024-09-30 20:06:43,62,01fbae127e8db09da74812bde292eb77d2a68a7897a5571bb7c33ad12264102a
2024-09-30 21:39:27,62,6d160eebb970f0a57fb655a3f3c7fbfc8bf9989dfc31e2fe81d0e468a80e150c
2024-09-30 21:39:27,62,6d160eebb970f0a57fb655a3f3c7fbfc8bf9989dfc31e2fe81d0e468a80e150c
2024-09-30 22:23:18,62,c81372ca9529ddeb87790ff76f6745ec6870bc09bcdd705d8da7bfde78aed086
2024-09-30 22:23:18,62,c81372ca9529ddeb87790ff76f6745ec6870bc09bcdd705d8da7bfde78aed086
2024-09-30 22:23:18,62,c81372ca9529ddeb87790ff76f6745ec6870bc09bcdd705d8da7bfde78aed086
2024-09-30 22:23:18,62,c81372ca9529ddeb87790ff76f6745ec6870bc09bcdd705d8da7bfde78aed086
2024-09-30 22:23:18,62,c81372ca9529ddeb87790ff76f6745ec6870bc09bcdd705d8da7bfde78aed086
2024-09-30 22:23:18,62,c81372ca9529ddeb87790ff76f6745ec6870bc09bcdd705d8da7bfde78aed086
2024-09-30 22:53:18,62,c81372ca9529ddeb87790ff76f6745ec6870bc09bcdd705d8da7bfde78aed086
2024-09-30 22:53:18,62,c81372ca9529ddeb87790ff76f6745ec6870bc09bcdd705d8da7bfde78aed086
2024-09-30 22:53:18,62,c81372ca9529ddeb87790ff76f6745ec6870bc09bcdd705d8da7bfde78aed086
2024-09-30 22:53:18,62,c81372ca9529ddeb87790ff76f6745ec6870bc09bcdd705d8da7bfde78aed086
2024-09-30 22:53:18,62,c81372ca9529ddeb87790ff76f6745ec6870bc09bcdd705d8da7bfde78aed086
2024-09-30 22:53:18,62,c81372ca9529ddeb87790ff76f6745ec6870bc09bcdd705d8da7bfde78aed086
2024-09-30 22:53:18,62,c81372ca9529ddeb87790ff76f6745ec6870bc09bcdd705d8da7bfde78aed086
2024-09-30 22:53:18,62,c81372ca9529ddeb87790ff76f6745ec6870bc09bcdd705d8da7bfde78aed086
2024-09-30 22:53:18,62,c81372ca9529ddeb87790ff76f6745ec6870bc09bcdd705d8da7bfde78aed086
2024-09-30 23:23:18,62,c81372ca9529ddeb87790ff76f6745ec6870bc09bcdd705d8da7bfde78aed086
2024-09-30 23:23:18,62,c81372ca9529ddeb87790ff76f6745ec6870bc09bcdd705d8da7bfde78aed086
2024-09-30 23:23:18,62,c81372ca9529ddeb87790ff76f6745ec6870bc09bcdd705d8da7bfde78aed086
2024-09-30 23:23:18,62,c81372ca9529ddeb87790ff76f6745ec6870bc09bcdd705d8da7bfde78aed086
2024-09-30 23:23:18,62,c81372ca9529ddeb87790ff76f6745ec6870bc09bcdd705d8da7bfde78aed086
2024-09-30 23:23:18,62,c81372ca9529ddeb87790ff76f6745ec6870bc09bcdd705d8da7bfde78aed086
2024-09-30 23:23:18,62,c81372ca9529ddeb87790ff76f6745ec6870bc09bcdd705d8da7bfde78aed086
2024-09-30 23:23:18,62,c81372ca9529ddeb87790ff76f6745ec6870bc09bcdd705d8da7bfde78aed086
2024-09-30 23:23:18,62,c81372ca9529ddeb87790ff76f6745ec6870bc09bcdd705d8da7bfde78aed086
2024-09-30 23:23:18,62,c81372ca9529ddeb87790ff76f6745ec6870bc09bcdd705d8da7bfde78aed086
2024-09-30 23:23:18,62,c81372ca9529ddeb87790ff76f6745ec6870bc09bcdd705d8da7bfde78aed086
2024-09-30 23:23:18,62,c81372ca9529ddeb87790ff76f6745ec6870bc09bcdd705d8da7bfde78aed086
2024-09-30 23:53:18,62,c81372ca9529ddeb87790ff76f6745ec6870bc09bcdd705d8da7bfde78aed086
2024-09-30 23:53:18,62,c81372ca9529ddeb87790ff76f6745ec6870bc09bcdd705d8da7bfde78aed086
2024-09-30 23:53:18,62,c81372ca9529ddeb87790ff76f6745ec6870bc09bcdd705d8da7bfde78aed086
2024-09-30 23:53:18,62,c81372ca9529ddeb87790ff76f6745ec6870bc09bcdd705d8da7bfde78aed086
2024-09-30 23:53:18,62,c81372ca9529ddeb87790ff76f6745ec6870bc09bcdd705d8da7bfde78aed086
2024-09-30 23:53:18,62,c81372ca9529ddeb87790ff76f6745ec6870bc09bcdd705d8da7bfde78aed086
2024-09-30 23:53:18,62,c81372ca9529ddeb87790ff76f6745ec6870bc09bcdd705d8da7bfde78aed086
2024-09-30 23:53:18,62,c81372ca9529ddeb87790ff76f6745ec6870bc09bcdd705d8da7bfde78aed086
2024-09-30 23:53:49,62,18248f005b7493422ea25abcce7179b6d01446ebce2f14824bfbdbbe7f402bb9
